0.02,Nullreference,0
0.02,Nullreference,0
0.02,Nullreference,0.0738277
0.02,Nullreference,0.02344908
0.02,Nullreference,0.01004717
0.02,Nullreference,0.03909257
0.02,Nullreference,0.0409152
0.02,Nullreference,0.0346897
0.02,Nullreference,0.02366889
0.02,Nullreference,0.02890371
0.02,Nullreference,0.03848428
0.02,Nullreference,0.05433189
0.02,Nullreference,0.06237974
0.02,Nullreference,0.05412181
0.02,Nullreference,0.04377592
0.02,Nullreference,0.04560835
0.02,Nullreference,0.04567544
0.02,Model Text Impact [C](Clone),0.051021
0.02,Nullreference,0.05055329
0.02,Nullreference,0.05581233
0.02,Nullreference,0.06806821
0.02,Nullreference,0.08749633
0.02,Nullreference,0.10931
0.02,Nullreference,0.1321015
0.02,Nullreference,0.1469488
0.02,Nullreference,0.1590817
0.02,Nullreference,0.1697131
0.02,Nullreference,0.1971571
0.02,Nullreference,0.2253422
0.02,Nullreference,0.3072631
0.02,Nullreference,0.341965
0.02,Nullreference,0.3740724
0.02,Nullreference,0.3859781
0.02,Nullreference,0.3811032
0.02,Nullreference,0.3783504
0.02,Nullreference,0.3792598
0.02,Nullreference,0.3888656
0.02,Nullreference,0.3901163
0.02,Nullreference,0.3895053
0.02,Nullreference,0.3815697
0.02,Nullreference,0.3834933
0.02,Nullreference,0.3840955
0.02,Nullreference,0.3833309
0.02,Nullreference,0.3866788
0.02,Nullreference,0.3946136
0.02,Nullreference,0.3992738
0.02,Nullreference,0.3968874
0.02,Nullreference,0.3901025
0.02,Nullreference,0.3817437
0.02,Nullreference,0.363916
0.02,Nullreference,0.3488833
0.02,Nullreference,0.333569
0.02,Model Text Impact [D](Clone),0.3236646
0.02,Nullreference,0.3109548
0.02,Nullreference,0.3021744
0.02,Nullreference,0.287328
0.02,Nullreference,0.2750877
0.02,Nullreference,0.2641839
0.02,Nullreference,0.2518089
0.02,Nullreference,0.2316104
0.02,Nullreference,0.213845
0.02,Nullreference,0.1959239
0.02,Nullreference,0.1787789
0.02,Nullreference,0.1606124
0.02,Nullreference,0.1488524
0.02,Nullreference,0.1358218
0.02,Nullreference,0.1315017
0.02,Nullreference,0.1314409
0.02,Nullreference,0.1351054
0.02,Nullreference,0.1309573
0.02,Nullreference,0.1274271
0.02,Nullreference,0.1221119
0.02,Nullreference,0.1136689
0.02,Nullreference,0.1095684
0.02,Nullreference,0.09862357
0.02,Nullreference,0.09471656
0.02,Nullreference,0.08833038
0.02,Nullreference,0.08455819
0.02,Nullreference,0.08427809
0.02,Nullreference,0.09188073
0.02,Nullreference,0.09984118
0.02,Nullreference,0.1093727
0.02,Nullreference,0.1101091
0.02,Nullreference,0.1034765
0.02,Nullreference,0.08573841
0.02,Nullreference,0.07401967
0.02,Nullreference,0.05508028
0.02,Nullreference,0.0405149
0.02,Nullreference,0.02719763
0.02,Nullreference,0.01185656
0.02,Nullreference,0.01122214
0.02,Nullreference,0.01116722
0.02,Nullreference,0.006595441
0.02,Nullreference,0.0190725
0.02,Nullreference,0.02482705
0.02,Nullreference,0.01962675
0.02,Nullreference,0.01219198
0.02,Nullreference,0.01697879
0.02,Nullreference,0.0231331
0.02,Nullreference,0.02700186
0.02,Nullreference,0.03518465
0.02,Nullreference,0.04185947
0.02,Nullreference,0.0494347
0.02,Nullreference,0.04090508
0.02,Nullreference,0.03845967
0.02,Nullreference,0.03854695
0.02,Nullreference,0.03503066
0.02,Nullreference,0.04054787
0.02,Nullreference,0.04452205
0.02,Nullreference,0.0531605
0.02,Nullreference,0.04944151
0.02,Nullreference,0.04109806
0.02,Nullreference,0.0282155
0.02,Nullreference,0.01947006
0.02,Nullreference,0.01290681
0.02,Nullreference,0.008662431
0.02,Nullreference,0.01823599
0.0409181,Nullreference,0.02567196
0.051626,Nullreference,0.03294306
0.0772345,Nullreference,0.03509097
0.0884845,Nullreference,0.02201596
0.0993503,Nullreference,0.02021481
0.1112465,Nullreference,0.0212662
0.1268489,Nullreference,0.0221559
0.1379843,Nullreference,0.02231169
0.1499633,Nullreference,0.02546891
0.1615761,Nullreference,0.04046283
0.1720899,Nullreference,0.04229249
0.1839211,Nullreference,0.04194805
0.1949153,Nullreference,0.04001395
0.205694,Nullreference,0.03315729
0.2166035,Nullreference,0.03513817
0.2291666,Nullreference,0.03064418
0.2397468,Nullreference,0.04058481
0.3832927,Nullreference,0.1190691
0.4013749,Nullreference,0.1349903
0.4150995,Nullreference,0.1350282
0.4278522,Nullreference,0.1283817
0.4393186,Nullreference,0.1169807
0.4511241,Nullreference,0.1219641
0.4632905,Nullreference,0.1159885
0.4750435,Nullreference,0.1088462
0.4871132,Nullreference,0.09702955
0.4992014,Nullreference,0.09387943
0.5109094,Nullreference,0.09093004
0.5234382,Nullreference,0.09157644
0.5343397,Nullreference,0.08843315
0.5520413,Nullreference,0.09417406
0.5653029,Nullreference,0.08828615
0.5768477,Nullreference,0.08809683
0.5879662,Nullreference,0.07841807
0.5990627,Nullreference,0.06456364
0.6113077,Nullreference,0.05250313
0.6230983,Nullreference,0.05262299
0.6340281,Nullreference,0.06058653
0.6445088,Nullreference,0.068262
0.6545098,Nullreference,0.08011338
0.6644356,Nullreference,0.1043893
0.6744814,Nullreference,0.1325557
0.6852131,Nullreference,0.1585419
0.6984597,Nullreference,0.1681819
0.7098311,Nullreference,0.2139007
0.7203321,Nullreference,0.2737842
0.7307311,Nullreference,0.3320401
0.7416161,Nullreference,0.3633346
0.7532071,Nullreference,0.3793986
0.7637308,Nullreference,0.4082739
0.7746563,Nullreference,0.4544809
0.784613,Nullreference,0.4884565
0.7959085,Nullreference,0.5135077
0.8069718,Nullreference,0.5636563
0.8169409,Nullreference,0.5990769
0.8283654,Nullreference,0.6553237
0.8398561,Nullreference,0.7015179
0.8540208,Nullreference,0.7235985
0.8662742,Nullreference,0.749766
0.8762009,Nullreference,0.7652852
0.8865144,Nullreference,0.7883897
0.8971839,Nullreference,0.8278916
0.9074054,Nullreference,0.8685066
0.9170329,Nullreference,0.9107649
0.9278607,Nullreference,0.9470236
0.9385047,Nullreference,0.9864835
0.9495025,Nullreference,1.003785
0.9604373,Nullreference,1.026482
0.9714218,Nullreference,1.038075
0.9830094,Nullreference,1.049347
0.9939772,Nullreference,1.024786
1.008831,Nullreference,0.9672385
1.018616,Nullreference,0.9088131
1.029915,Nullreference,0.8709686
1.039943,Nullreference,0.8637002
1.050437,Nullreference,0.8694002
1.061023,Nullreference,0.8572496
1.072983,Nullreference,0.8439636
1.084423,Nullreference,0.8243084
1.094528,Nullreference,0.8060217
1.105891,Nullreference,0.7959563
1.116531,Nullreference,0.7756981
1.128172,Nullreference,0.7760538
1.138752,Nullreference,0.7871047
1.149861,Nullreference,0.8239274
1.164309,Nullreference,0.8417903
1.174306,Nullreference,0.8511294
1.183938,Nullreference,0.8665439
1.194399,Nullreference,0.888375
1.205945,Nullreference,0.9009804
1.216717,Nullreference,0.9295011
1.227857,Nullreference,0.966279
1.23945,Nullreference,1.005561
1.250751,Nullreference,1.044797
1.261777,Nullreference,1.061065
1.272996,Nullreference,1.082977
1.284759,Nullreference,1.095929
1.295739,Nullreference,1.113699
1.306984,Nullreference,1.123983
1.321258,Nullreference,1.151491
1.331332,Nullreference,1.178576
1.342495,Nullreference,1.195558
1.353131,Nullreference,1.204293
1.363663,Nullreference,1.1954
1.375406,Nullreference,1.194402
1.386489,Nullreference,1.150546
1.397595,Nullreference,1.115158
1.409784,Nullreference,1.080068
1.420658,Nullreference,1.068531
1.431406,Nullreference,1.061458
1.442509,Nullreference,1.047009
1.453954,Nullreference,1.06215
1.465482,Nullreference,1.060306
1.478988,Nullreference,1.062847
1.489849,Nullreference,1.105098
1.500543,Nullreference,1.064214
1.51085,Nullreference,1.042613
1.52055,Nullreference,1.021614
1.53069,Nullreference,0.9611404
1.541756,Nullreference,0.9234484
1.552745,Nullreference,0.8755314
1.563825,Nullreference,0.8562083
1.575155,Nullreference,0.7961074
1.58613,Nullreference,0.7194368
1.597726,Nullreference,0.6535426
1.608294,Nullreference,0.5326536
1.619609,Nullreference,0.4423438
1.633817,Nullreference,0.4326031
1.644025,Nullreference,0.5167376
1.653889,Nullreference,0.6442729
1.664095,Nullreference,0.7352172
1.674974,Nullreference,0.7985225
1.686381,Nullreference,0.8067454
1.698018,Nullreference,0.7741423
1.708485,Nullreference,0.7876878
1.719401,Nullreference,0.7347271
1.730597,Nullreference,0.6003199
1.74195,Nullreference,0.488084
1.752786,Nullreference,0.3559427
1.764018,Nullreference,0.2172164
1.775432,Nullreference,0.09178884
1.78952,Nullreference,0.08270755
1.801868,Nullreference,0.1561695
1.814199,Nullreference,0.2480624
1.826395,Nullreference,0.2956244
1.838052,Nullreference,0.3591709
1.84903,Nullreference,0.4399836
1.860723,Nullreference,0.4718702
1.873138,Nullreference,0.5010532
1.88341,Nullreference,0.5078276
1.894353,Nullreference,0.4982613
1.904349,Nullreference,0.477807
1.914927,Nullreference,0.4446469
1.927763,Nullreference,0.4033256
1.9444,Nullreference,0.3437019
1.957545,Nullreference,0.2819452
1.967959,Nullreference,0.2348317
1.979051,Nullreference,0.2264594
1.989131,Nullreference,0.2469913
1.999889,Nullreference,0.2977225
2.011202,Nullreference,0.3612812
2.022002,Nullreference,0.4270008
2.033529,Nullreference,0.4812976
2.044795,Nullreference,0.5439479
2.057439,Nullreference,0.5765711
2.068988,Nullreference,0.5985324
2.081661,Nullreference,0.5932859
2.099097,Nullreference,0.5149733
2.111755,Nullreference,0.4402128
2.122466,Nullreference,0.3455933
2.132163,Nullreference,0.2523942
2.143133,Nullreference,0.1735969
2.153322,Nullreference,0.1216495
2.163471,Nullreference,0.05349801
2.173654,Nullreference,0.05339764
2.184274,Nullreference,0.1022752
2.19437,Nullreference,0.1338006
2.204636,Nullreference,0.183456
2.21502,Nullreference,0.2153416
2.226111,Nullreference,0.2583463
2.237586,Nullreference,0.29938
2.251316,Nullreference,0.3363713
2.261001,Nullreference,0.3638118
2.271276,Nullreference,0.3791249
2.281639,Nullreference,0.3761252
2.292769,Nullreference,0.3567981
2.303799,Nullreference,0.3213082
2.315123,Nullreference,0.2794616
2.326667,Nullreference,0.2537446
2.337038,Nullreference,0.2379548
2.348226,Nullreference,0.2428747
2.359547,Nullreference,0.2533276
2.37075,Nullreference,0.2541949
2.381646,Nullreference,0.2608912
2.392799,Nullreference,0.2751997
2.406719,Nullreference,0.3027846
2.417522,Nullreference,0.3244851
2.428672,Nullreference,0.360247
2.439733,Nullreference,0.4019378
2.449277,Nullreference,0.4593149
2.459383,Nullreference,0.4948424
2.470623,Nullreference,0.5786614
2.482421,Nullreference,0.681978
2.495285,Nullreference,0.7458888
2.50778,Nullreference,0.7580884
2.519148,Nullreference,0.7384626
2.531224,Nullreference,0.7381408
2.542109,Nullreference,0.7829869
2.553241,Nullreference,0.8806896
2.569318,Nullreference,0.9210145
2.58352,Nullreference,0.9728305
2.594429,Nullreference,1.061677
2.605476,Nullreference,1.087672
2.616091,Nullreference,1.085049
2.627124,Nullreference,1.131224
2.638112,Nullreference,1.192585
2.650058,Nullreference,1.260564
2.661211,Nullreference,1.358973
2.672558,Nullreference,1.484917
2.683846,Nullreference,1.56424
2.695348,Nullreference,1.649629
2.708011,Nullreference,1.654971
2.722986,Nullreference,1.60684
2.734571,Nullreference,1.533494
2.746216,Nullreference,1.454331
2.757141,Nullreference,1.360445
2.768065,Nullreference,1.291719
2.778966,Nullreference,1.193453
2.790567,Nullreference,1.131136
2.802157,Nullreference,1.091432
2.814726,Nullreference,1.082292
2.826595,Nullreference,1.026484
2.837423,Nullreference,0.9524419
2.850306,Nullreference,0.8032413
2.862835,Nullreference,0.7575904
2.876875,Nullreference,0.7353296
2.889405,Nullreference,0.7224881
2.90161,Nullreference,0.713543
2.913681,Nullreference,0.6668232
2.926481,Nullreference,0.6283863
2.937719,Nullreference,0.5956892
2.950025,Nullreference,0.5436296
2.961817,Nullreference,0.5504932
2.973834,Nullreference,0.5818061
2.98737,Nullreference,0.6153531
3.000364,Nullreference,0.6380978
3.013217,Nullreference,0.6300135
3.028763,Nullreference,0.6213608
3.040615,Nullreference,0.5848125
3.052732,Model Text Impact [e](Clone),0.5466709
3.0649,Model Text Impact [r](Clone),0.4932351
3.07831,Nullreference,0.443862
3.090498,Nullreference,0.4091941
3.10255,Nullreference,0.395107
3.115894,Nullreference,0.3936102
3.128074,Nullreference,0.4106547
3.140487,Nullreference,0.4129474
3.151736,Nullreference,0.4204068
3.163529,Nullreference,0.4496278
3.178215,Nullreference,0.4792823
3.189579,Nullreference,0.5231944
3.200442,Nullreference,0.5580202
3.21197,Nullreference,0.6215277
3.224323,Nullreference,0.6757097
3.236525,Nullreference,0.7372553
3.247301,Nullreference,0.7752345
3.257996,Nullreference,0.8492624
3.269049,Nullreference,0.838187
3.281766,Nullreference,0.8531405
3.293653,Nullreference,0.8755479
3.304492,Nullreference,0.8829895
3.315487,Nullreference,0.8404303
3.329465,Nullreference,0.79066
3.340644,Nullreference,0.7191724
3.351199,Nullreference,0.6213642
3.362221,Nullreference,0.4680869
3.374737,Nullreference,0.3286652
3.386687,Nullreference,0.2841116
3.397163,Nullreference,0.2038902
3.407777,Nullreference,0.2193532
3.419224,Nullreference,0.249817
3.430278,Nullreference,0.2797256
3.441511,Nullreference,0.2800668
3.453996,Nullreference,0.2634442
3.465813,Nullreference,0.2579037
3.481257,Nullreference,0.2322222
3.493561,Nullreference,0.1845976
3.505005,Nullreference,0.1999165
3.516889,Nullreference,0.2374999
3.52853,Nullreference,0.265799
3.540684,Nullreference,0.2497008
3.552601,Nullreference,0.1853616
3.564513,Nullreference,0.1672033
3.575783,Nullreference,0.2079881
3.587123,Nullreference,0.2319493
3.59794,Nullreference,0.2204783
3.608932,Nullreference,0.1834495
3.620658,Nullreference,0.1407967
3.634907,Nullreference,0.1286506
3.646102,Nullreference,0.1603541
3.657109,Nullreference,0.1993415
3.668564,Nullreference,0.2606889
3.679445,Nullreference,0.3235178
3.690428,Nullreference,0.3767737
3.701274,Nullreference,0.4145342
3.712077,Nullreference,0.4311129
3.724256,Nullreference,0.4617293
3.736318,Nullreference,0.503166
3.747437,Nullreference,0.5767949
3.758467,Nullreference,0.6281222
3.769413,Nullreference,0.6798935
3.78187,Nullreference,0.6969652
3.800446,Nullreference,0.7282829
3.81226,Nullreference,0.7406838
3.824615,Nullreference,0.744918
3.838368,Nullreference,0.8003615
3.849353,Nullreference,0.946462
3.859862,Nullreference,0.955
3.872119,Nullreference,0.9368919
3.883271,Nullreference,0.9928426
3.894959,Nullreference,1.052817
3.908466,Nullreference,1.053622
3.920081,Nullreference,1.007159
3.933579,Nullreference,0.9463729
3.947514,Nullreference,0.9260426
3.95823,Nullreference,0.9429241
3.969205,Nullreference,0.9455837
3.979997,Nullreference,0.9179228
3.991771,Nullreference,0.9018765
4.003302,Nullreference,0.908786
4.014051,Nullreference,0.9135105
4.025081,Nullreference,0.9228987
4.036527,Nullreference,0.9195363
4.047615,Nullreference,0.898131
4.058847,Nullreference,0.8739471
4.069739,Nullreference,0.8481402
4.080946,Nullreference,0.8425814
4.092001,Nullreference,0.8480855
4.1059,Nullreference,0.8560517
4.116764,Nullreference,0.7783809
4.129261,Nullreference,0.71105
4.140614,Nullreference,0.6541362
4.151037,Nullreference,0.6527525
4.162292,Nullreference,0.6910625
4.172965,Nullreference,0.7314272
4.183851,Nullreference,0.8025873
4.19477,Nullreference,0.8674902
4.206444,Nullreference,0.9263386
4.218225,Nullreference,0.9668357
4.230579,Nullreference,0.9949009
4.2412,Nullreference,1.043352
4.252378,Nullreference,1.064445
4.265582,Nullreference,1.0709
4.276635,Nullreference,1.09681
4.287795,Nullreference,1.116627
4.298839,Nullreference,1.132901
4.30977,Nullreference,1.112844
4.321416,Nullreference,1.080532
4.333302,Nullreference,1.051293
4.344929,Nullreference,1.065102
4.362466,Nullreference,1.075234
4.374349,Nullreference,1.111338
4.385972,Nullreference,1.148633
4.398463,Nullreference,1.176239
4.409698,Nullreference,1.15581
4.424353,Nullreference,1.137341
4.435745,Nullreference,1.049408
4.446347,Nullreference,1.029782
4.456313,Nullreference,1.023567
4.467133,Nullreference,1.010737
4.47861,Nullreference,1.04726
4.488331,Nullreference,1.057551
4.498423,Nullreference,1.048074
4.508377,Nullreference,0.9942676
4.518393,Nullreference,0.9486519
4.529423,Nullreference,0.9377844
4.540099,Nullreference,0.9033694
4.551466,Nullreference,0.8777996
4.562595,Nullreference,0.8958116
4.575992,Nullreference,0.9277984
4.587474,Nullreference,0.9205053
4.597752,Nullreference,0.88899
4.609292,Nullreference,0.853644
4.619443,Nullreference,0.8069898
4.630137,Nullreference,0.7638514
4.641556,Nullreference,0.7181365
4.65136,Nullreference,0.7003699
4.661816,Nullreference,0.6956304
4.672581,Nullreference,0.6747702
4.682863,Nullreference,0.6219691
4.693664,Nullreference,0.5962247
4.705077,Nullreference,0.5459332
4.716048,Nullreference,0.5170482
4.729655,Nullreference,0.5228921
4.739776,Nullreference,0.5644794
4.749598,Nullreference,0.603606
4.760025,Nullreference,0.6234568
4.770969,Nullreference,0.6280308
4.781591,Nullreference,0.5946813
4.793392,Nullreference,0.5546522
4.803457,Nullreference,0.5115735
4.814081,Nullreference,0.4625903
4.826341,Nullreference,0.4319011
4.838027,Nullreference,0.4192372
4.849458,Nullreference,0.4006439
4.861052,Nullreference,0.4030988
4.8729,Nullreference,0.4174918
4.88593,Nullreference,0.4497039
4.896275,Nullreference,0.4701712
4.906468,Nullreference,0.4652996
4.917324,Nullreference,0.4617835
4.928005,Nullreference,0.4404992
4.939832,Nullreference,0.4018215
4.95084,Nullreference,0.366074
4.961994,Nullreference,0.3475619
4.97337,Nullreference,0.3336878
4.984354,Nullreference,0.3312371
4.994299,Nullreference,0.3259479
5.0059,Nullreference,0.3173721
5.01657,Nullreference,0.2981471
5.027907,Nullreference,0.2844078
5.041745,Nullreference,0.2743406
5.051979,Nullreference,0.2717058
5.063757,Nullreference,0.2794338
5.075356,Nullreference,0.2781523
5.085217,Nullreference,0.285987
5.095498,Nullreference,0.2898276
5.106571,Nullreference,0.290289
5.117218,Nullreference,0.3005803
5.128154,Nullreference,0.3039768
5.14093,Nullreference,0.3221135
5.1532,Nullreference,0.3429102
5.16415,Nullreference,0.356901
5.175361,Nullreference,0.3630281
5.187925,Nullreference,0.3471951
5.202199,Nullreference,0.3291463
5.214818,Nullreference,0.3280405
5.226358,Nullreference,0.3320613
5.237823,Nullreference,0.3324449
5.249048,Nullreference,0.3331873
5.259869,Nullreference,0.3346848
5.27054,Nullreference,0.350213
5.281857,Nullreference,0.3726155
5.292932,Nullreference,0.3987869
5.303881,Nullreference,0.4277729
5.314688,Nullreference,0.443102
5.325674,Nullreference,0.4610068
5.336981,Nullreference,0.4814223
5.347866,Nullreference,0.4906242
5.361511,Nullreference,0.4939969
5.373539,Nullreference,0.4946756
5.385096,Nullreference,0.4928016
5.395924,Nullreference,0.5072248
5.406654,Nullreference,0.5012596
5.417626,Nullreference,0.5034142
5.429238,Nullreference,0.5021561
5.441284,Nullreference,0.4882428
5.45147,Nullreference,0.4546752
5.462916,Nullreference,0.4408716
5.473664,Nullreference,0.4350186
5.484097,Nullreference,0.4357294
5.495314,Nullreference,0.434019
5.507614,Nullreference,0.4358121
5.522362,Nullreference,0.4316631
5.534506,Nullreference,0.4194295
5.546175,Nullreference,0.3886315
5.558141,Nullreference,0.3558441
5.570141,Nullreference,0.3110565
5.580663,Nullreference,0.3095685
5.592037,Nullreference,0.30865
5.603221,Nullreference,0.3033879
5.614491,Nullreference,0.3013999
5.625432,Nullreference,0.2942789
5.638007,Nullreference,0.2934648
5.649263,Nullreference,0.2976022
5.660533,Nullreference,0.2881324
5.673795,Nullreference,0.2810226
5.684433,Nullreference,0.2726529
5.695467,Nullreference,0.268639
5.706301,Nullreference,0.2728257
5.717481,Nullreference,0.2753829
5.728798,Nullreference,0.2873266
5.742568,Nullreference,0.2900339
5.754423,Nullreference,0.2841413
5.76546,Nullreference,0.2747968
5.777546,Nullreference,0.2865459
5.789295,Nullreference,0.2976004
5.801386,Nullreference,0.3052173
5.81324,Nullreference,0.3039844
5.828592,Nullreference,0.2558257
5.839582,Nullreference,0.242446
5.851302,Nullreference,0.2559749
5.861972,Nullreference,0.2851163
5.873454,Nullreference,0.3149024
5.883743,Nullreference,0.3281917
5.895009,Nullreference,0.3282568
5.905861,Nullreference,0.3269542
5.917383,Nullreference,0.3378355
5.929535,Nullreference,0.3430183
5.941469,Nullreference,0.3628556
5.953756,Nullreference,0.3634421
5.965397,Nullreference,0.3623473
5.9808,Nullreference,0.3675058
5.991431,Nullreference,0.3749752
6.003178,Nullreference,0.3920945
6.01409,Nullreference,0.4038593
6.025088,Nullreference,0.4226333
6.036783,Nullreference,0.4533853
6.04813,Nullreference,0.466301
6.059595,Nullreference,0.4666757
6.070492,Nullreference,0.4700508
6.081844,Nullreference,0.4610619
6.093187,Nullreference,0.4577219
6.103953,Nullreference,0.4565421
6.11513,Nullreference,0.4573272
6.126098,Nullreference,0.4626085
6.142459,Nullreference,0.4626071
6.152967,Nullreference,0.4920187
6.163775,Nullreference,0.5400144
6.17502,Nullreference,0.6385863
6.186213,Nullreference,0.7554635
6.196896,Nullreference,0.8668167
6.208097,Nullreference,1.036204
6.219909,Nullreference,1.198407
6.231825,Nullreference,1.34667
6.243734,Nullreference,1.51073
6.255774,Nullreference,1.670603
6.267875,Nullreference,1.807589
6.280122,Nullreference,1.94936
6.295326,Nullreference,2.071301
6.30792,Nullreference,2.294344
6.319788,Nullreference,2.363082
6.331598,Nullreference,2.384163
6.342308,Nullreference,2.398205
6.353861,Nullreference,2.377146
6.366108,Nullreference,2.350586
6.378763,Nullreference,2.26646
6.390619,Nullreference,2.188846
6.402483,Nullreference,2.043661
6.414832,Nullreference,1.707633
6.426666,Nullreference,1.548673
6.439319,Nullreference,1.374587
6.454411,Nullreference,1.114881
6.466684,Nullreference,0.892158
6.479124,Nullreference,0.811037
6.491584,Nullreference,0.7384287
6.502442,Nullreference,0.643276
6.513509,Nullreference,0.549946
6.524605,Nullreference,0.5082093
6.535908,Nullreference,0.4886567
6.548777,Nullreference,0.4814196
6.561608,Nullreference,0.4857305
6.573328,Nullreference,0.4714347
6.583991,Nullreference,0.4433469
6.595144,Nullreference,0.4746587
6.609186,Nullreference,0.511749
6.621586,Nullreference,0.5422043
6.634146,Nullreference,0.5103181
6.647395,Nullreference,0.4639315
6.659767,Nullreference,0.3380706
6.671883,Nullreference,0.2541078
6.683278,Nullreference,0.2172486
6.694132,Nullreference,0.2552058
6.705319,Nullreference,0.3174498
6.716467,Nullreference,0.3856843
6.728772,Nullreference,0.4405098
6.740759,Nullreference,0.5421411
6.753145,Nullreference,0.6401777
6.767046,Nullreference,0.6874593
6.778113,Nullreference,0.7268172
6.789237,Nullreference,0.7133012
6.800238,Nullreference,0.6648871
6.811046,Nullreference,0.6089464
6.822372,Nullreference,0.6023819
6.834525,Nullreference,0.6424581
6.846981,Nullreference,0.7115086
6.859924,Nullreference,0.7684631
6.871822,Nullreference,0.8012631
6.883485,Nullreference,0.8323106
6.894735,Nullreference,0.9027002
6.907228,Nullreference,0.9285336
6.923094,Nullreference,0.9642387
6.934478,Nullreference,1.042467
6.946111,Nullreference,1.150213
6.957293,Nullreference,1.192076
6.969176,Nullreference,1.284234
6.980372,Nullreference,1.322397
6.991142,Nullreference,1.380503
7.002254,Nullreference,1.433347
7.014368,Nullreference,1.540034
7.025261,Nullreference,1.57717
7.037318,Nullreference,1.611485
7.048914,Nullreference,1.63538
7.061022,Nullreference,1.655751
7.076516,Nullreference,1.681368
7.089345,Nullreference,1.723108
7.102238,Nullreference,1.764539
7.115158,Nullreference,1.798133
7.126835,Nullreference,1.809743
7.139252,Nullreference,1.840311
7.153011,Nullreference,1.871867
7.166606,Nullreference,1.885692
7.179144,Nullreference,1.874133
7.191348,Nullreference,1.83912
7.20352,Nullreference,1.775957
7.214705,Nullreference,1.703176
7.229844,Nullreference,1.611403
7.242022,Nullreference,1.531538
7.254424,Nullreference,1.450812
7.267231,Nullreference,1.384506
7.280334,Nullreference,1.325156
7.292197,Nullreference,1.217584
7.304096,Nullreference,1.194102
7.316147,Nullreference,1.171488
7.328358,Nullreference,1.154978
7.340129,Nullreference,1.131793
7.352657,Nullreference,1.105482
7.364215,Nullreference,1.072321
7.376573,Nullreference,1.047611
7.391973,Nullreference,1.044598
7.404029,Nullreference,1.045345
7.415791,Nullreference,1.03264
7.428394,Nullreference,1.010956
7.441845,Nullreference,0.9946209
7.453933,Nullreference,0.9826109
7.465813,Nullreference,0.9613499
7.477922,Nullreference,0.9202068
7.489748,Nullreference,0.8516593
7.501822,Nullreference,0.7958036
7.514914,Nullreference,0.7203558
7.527242,Nullreference,0.56472
7.542049,Nullreference,0.4496592
7.554973,Nullreference,0.3439969
7.568554,Nullreference,0.2172294
7.581388,Nullreference,0.167198
7.594896,Nullreference,0.2870184
7.607384,Nullreference,0.39212
7.618804,Nullreference,0.4731179
7.630709,Nullreference,0.5194092
7.643136,Nullreference,0.5323409
7.65651,Nullreference,0.5324042
7.669355,Nullreference,0.5113317
7.68302,Nullreference,0.4764044
7.698652,Nullreference,0.4590657
7.711623,Nullreference,0.4314396
7.724466,Nullreference,0.4302154
7.737042,Nullreference,0.4945271
7.75056,Nullreference,0.5335636
7.76413,Nullreference,0.5868067
7.776041,Model Text Impact [E](Clone),0.631626
7.788104,Nullreference,0.6765493
7.799983,Nullreference,0.7329828
7.812445,Nullreference,0.7687005
7.82829,Nullreference,0.7998117
7.840228,Nullreference,0.8839248
7.854846,Nullreference,0.9213163
7.866481,Nullreference,0.9146286
7.879662,Nullreference,0.8771566
7.893857,Nullreference,0.7293126
7.906837,Nullreference,0.695066
7.921278,Nullreference,0.6666504
7.934734,Nullreference,0.6500171
7.948547,Nullreference,0.6283705
7.961201,Nullreference,0.5977634
7.973019,Nullreference,0.5677254
7.984854,Nullreference,0.5327378
7.996832,Nullreference,0.5149211
8.013371,Nullreference,0.5082377
8.025398,Nullreference,0.5117223
8.038386,Nullreference,0.5492124
8.050784,Nullreference,0.5715658
8.062879,Nullreference,0.5927935
8.07501,Nullreference,0.6215321
8.086798,Nullreference,0.6490448
8.099456,Nullreference,0.6452367
8.112651,Nullreference,0.6278215
8.125554,Nullreference,0.6366782
8.138226,Nullreference,0.6873109
8.150897,Nullreference,0.7309906
8.167592,Nullreference,0.7624806
8.180215,Nullreference,0.7782524
8.193159,Nullreference,0.8190345
8.206197,Nullreference,0.8389435
8.219137,Nullreference,0.8524711
8.231547,Nullreference,0.8283457
8.244817,Nullreference,0.7590281
8.257586,Nullreference,0.71477
8.270184,Nullreference,0.6727614
8.283635,Nullreference,0.66987
8.297226,Nullreference,0.6801469
8.311644,Nullreference,0.6771676
8.335745,Nullreference,0.6730989
8.348453,Nullreference,0.5496165
8.360508,Nullreference,0.4996904
8.373015,Nullreference,0.4841315
8.385219,Nullreference,0.4812612
8.397293,Nullreference,0.4981445
8.409035,Nullreference,0.5092309
8.421855,Nullreference,0.5144998
8.43668,Nullreference,0.5073058
8.448555,Nullreference,0.479054
8.460113,Nullreference,0.4805681
8.472421,Nullreference,0.4807987
8.487931,Nullreference,0.4624098
8.50035,Nullreference,0.4340411
8.513107,Nullreference,0.4158075
8.525763,Nullreference,0.3952565
8.538909,Nullreference,0.3657568
8.550342,Nullreference,0.3455338
8.563394,Nullreference,0.3212999
8.574829,Nullreference,0.2887433
8.587986,Nullreference,0.262759
8.600738,Nullreference,0.2637442
8.613093,Nullreference,0.2707398
8.626341,Nullreference,0.3089253
8.642127,Nullreference,0.3031716
8.655133,Nullreference,0.2757481
8.668059,Nullreference,0.2787561
8.681521,Nullreference,0.342791
8.694151,Nullreference,0.381099
8.707104,Nullreference,0.3942299
8.719129,Nullreference,0.406682
8.732345,Nullreference,0.418764
8.745266,Nullreference,0.4184464
8.76563,Nullreference,0.3952127
8.779365,Nullreference,0.3572891
8.795077,Nullreference,0.3463114
8.806767,Nullreference,0.3304481
8.818696,Nullreference,0.3095811
8.830303,Nullreference,0.2763845
8.830536,Nullreference,0.0908422
8.846409,Nullreference,0.03272648
8.860893,Nullreference,0.02059758
8.872899,Nullreference,0.01313851
8.884287,Nullreference,0.02795187
8.896235,Nullreference,0.04545885
8.908353,Nullreference,0.05467405
8.920193,Nullreference,0.06168264
8.932487,Nullreference,0.06031736
8.944657,Nullreference,0.05520577
8.958042,Nullreference,0.04526143
8.970421,Nullreference,0.0434445
8.982834,Nullreference,0.0439872
8.998301,Nullreference,0.05416552
9.010394,Nullreference,0.08755041
9.021943,Nullreference,0.1011556
9.033342,Nullreference,0.102446
9.044346,Nullreference,0.09939807
9.056116,Nullreference,0.0958397
9.070026,Nullreference,0.08866395
9.083235,Nullreference,0.07422216
9.096807,Nullreference,0.05332974
9.110031,Nullreference,0.04635721
9.121878,Nullreference,0.05517454
9.135125,Nullreference,0.06448977
9.14808,Nullreference,0.07222517
9.160835,Nullreference,0.08316161
9.172648,Nullreference,0.09225082
9.186413,Nullreference,0.1047292
9.19817,Nullreference,0.1221709
9.2103,Nullreference,0.1203733
9.222203,Nullreference,0.1036447
9.234836,Nullreference,0.08355777
9.248465,Nullreference,0.06932534
9.261013,Nullreference,0.06150825
9.273121,Nullreference,0.05402788
9.286882,Nullreference,0.08730495
9.300181,Nullreference,0.1958024
9.313498,Nullreference,0.2546423
9.325983,Nullreference,0.2948388
9.337654,Nullreference,0.3323706
9.350294,Nullreference,0.3677858
9.363057,Nullreference,0.3987753
9.376133,Nullreference,0.43154
9.388008,Nullreference,0.4377188
9.400241,Nullreference,0.4335909
9.412263,Nullreference,0.4161009
9.424525,Nullreference,0.381694
9.436768,Nullreference,0.3559652
9.450094,Nullreference,0.3245737
9.462546,Nullreference,0.3020262
9.475557,Nullreference,0.2910245
9.488619,Nullreference,0.2859727
9.500278,Nullreference,0.2894016
9.512095,Nullreference,0.2925741
9.523606,Nullreference,0.2963464
9.53653,Nullreference,0.2994739
9.548519,Nullreference,0.3079335
9.560661,Nullreference,0.3187686
9.572303,Nullreference,0.3389579
9.58458,Nullreference,0.3490236
9.596497,Nullreference,0.3589821
9.608838,Nullreference,0.3716639
9.620452,Nullreference,0.4162638
9.633516,Nullreference,0.4583042
9.646435,Nullreference,0.5001477
9.658428,Nullreference,0.5459062
9.671341,Nullreference,0.5869818
9.683334,Nullreference,0.6126623
9.695583,Nullreference,0.6277155
9.707706,Nullreference,0.654987
9.719352,Nullreference,0.6829636
9.731766,Nullreference,0.7373299
9.743258,Nullreference,0.7459282
9.755256,Nullreference,0.7518259
9.767883,Nullreference,0.7543076
9.779513,Nullreference,0.7593436
9.791721,Nullreference,0.8104625
9.80375,Nullreference,0.8910781
9.816808,Nullreference,0.9791474
9.830867,Nullreference,1.085783
9.843992,Nullreference,1.243833
9.856801,Nullreference,1.297871
9.870261,Nullreference,1.362614
9.882777,Nullreference,1.432825
9.896071,Nullreference,1.4999
9.908926,Nullreference,1.55562
9.922199,Nullreference,1.698168
9.933639,Nullreference,1.793961
9.945739,Nullreference,1.838801
9.957347,Nullreference,1.921715
9.968569,Nullreference,1.987396
9.981236,Nullreference,2.053423
9.994982,Nullreference,2.109773
10.00617,Nullreference,2.158686
10.0177,Nullreference,2.217566
10.03053,Nullreference,2.261722
10.04355,Nullreference,2.295144
10.05549,Nullreference,2.304557
10.0672,Nullreference,2.317278
10.07851,Nullreference,2.328951
10.09016,Nullreference,2.335618
10.10101,Nullreference,2.340942
10.11215,Nullreference,2.33813
10.12456,Nullreference,2.326335
10.13738,Nullreference,2.310796
10.14926,Nullreference,2.295938
10.16287,Nullreference,2.283588
10.17578,Nullreference,2.246522
10.18891,Nullreference,2.228733
10.20056,Nullreference,2.223585
10.21231,Nullreference,2.215219
10.22276,Nullreference,2.179725
10.23399,Nullreference,2.114602
10.24451,Nullreference,2.042261
10.25619,Nullreference,1.939545
10.2681,Nullreference,1.839537
10.27904,Nullreference,1.731005
10.29003,Nullreference,1.610769
10.30024,Nullreference,1.509367
10.30998,Nullreference,1.375864
10.32024,Nullreference,1.264262
10.33046,Nullreference,1.116705
10.34109,Nullreference,0.9899389
10.35158,Nullreference,0.8527151
10.36298,Nullreference,0.7361475
10.37446,Nullreference,0.5923941
10.3861,Nullreference,0.4687979
10.39605,Nullreference,0.3059308
10.40732,Nullreference,0.1745038
10.4182,Nullreference,0.1259558
10.43086,Nullreference,0.3128724
10.44241,Nullreference,0.4854514
10.45449,Nullreference,0.6752771
10.46548,Nullreference,0.8287933
10.47559,Nullreference,1.026951
10.48749,Nullreference,1.221782
10.49851,Nullreference,1.443624
10.51017,Nullreference,1.668467
10.5213,Nullreference,1.896713
10.53342,Nullreference,2.11552
10.5457,Nullreference,2.323563
10.55677,Nullreference,2.530377
10.56762,Nullreference,2.740954
10.57904,Nullreference,2.924484
10.5913,Nullreference,3.05994
10.60365,Nullreference,3.198127
10.61503,Nullreference,3.338158
10.62793,Nullreference,3.449771
10.64101,Nullreference,3.559756
10.65278,Nullreference,3.67656
10.66542,Nullreference,3.82599
10.67647,Nullreference,3.877045
10.6883,Nullreference,3.912804
10.7009,Nullreference,3.942075
10.71407,Nullreference,3.961473
10.72542,Nullreference,3.971666
10.73835,Nullreference,3.972243
10.7519,Nullreference,3.9618
10.76375,Nullreference,3.93919
10.77643,Nullreference,3.879622
10.78841,Nullreference,3.825246
10.79974,Nullreference,3.749048
10.81254,Nullreference,3.686218
10.82495,Nullreference,3.643137
10.8376,Nullreference,3.598406
10.85154,Nullreference,3.553741
10.86497,Nullreference,3.493989
10.87882,Nullreference,3.472855
10.89349,Nullreference,3.456207
10.90792,Nullreference,3.434956
10.9204,Nullreference,3.374456
10.93353,Nullreference,3.35042
10.9465,Nullreference,3.332217
10.95932,Nullreference,3.312599
10.97228,Nullreference,3.293885
10.98521,Nullreference,3.304144
10.99786,Nullreference,3.322035
11.01049,Nullreference,3.296155
11.02358,Nullreference,3.254984
11.03731,Nullreference,3.1847
11.04909,Nullreference,3.095932
11.06251,Nullreference,2.982474
11.07472,Nullreference,2.825774
11.08762,Nullreference,2.48718
11.10039,Nullreference,2.300033
11.11264,Nullreference,2.111177
11.12448,Nullreference,1.915766
11.13708,Nullreference,1.701561
11.14911,Nullreference,1.51244
11.16199,Nullreference,1.287471
11.17386,Nullreference,1.102997
11.18636,Nullreference,0.717092
11.19928,Nullreference,0.5371227
11.21064,Nullreference,0.3777243
11.22249,Nullreference,0.3240809
11.23517,Nullreference,0.373947
11.24947,Nullreference,0.4736328
11.26299,Nullreference,0.6077294
11.27649,Nullreference,0.7972387
11.2894,Nullreference,0.8517995
11.30182,Nullreference,0.876204
11.31413,Nullreference,0.9006994
11.32694,Nullreference,0.9168056
11.33887,Nullreference,0.9241114
11.35085,Nullreference,0.9414418
11.36437,Nullreference,1.054395
11.3773,Nullreference,1.133313
11.39097,Nullreference,1.229032
11.40652,Nullreference,1.323322
11.41907,Nullreference,1.407492
11.43185,Nullreference,1.639491
11.44573,Nullreference,1.733514
11.45879,Nullreference,1.854056
11.47148,Nullreference,1.978822
11.48516,Nullreference,2.158761
11.49786,Nullreference,2.434598
11.51004,Nullreference,2.569024
11.52372,Nullreference,2.689607
11.53671,Nullreference,2.797537
11.55105,Nullreference,2.875595
11.56359,Nullreference,2.916107
11.5781,Nullreference,2.944452
11.59192,Nullreference,2.937093
11.60427,Nullreference,2.901316
11.61747,Nullreference,2.84176
11.63036,Nullreference,2.770998
11.64361,Nullreference,2.628134
11.65621,Nullreference,2.525953
11.66797,Nullreference,2.426266
11.67977,Nullreference,2.30834
11.69355,Nullreference,2.181021
11.70713,Nullreference,2.061849
11.71997,Nullreference,1.838629
11.73193,Nullreference,1.734778
11.74506,Nullreference,1.64376
11.75827,Nullreference,1.524536
11.77189,Nullreference,1.438096
11.78547,Nullreference,1.352642
11.79765,Nullreference,1.186369
11.81038,Nullreference,1.120376
11.82342,Nullreference,1.052631
11.83689,Nullreference,1.009531
11.84868,Nullreference,0.9518881
11.86113,Nullreference,0.8954195
11.87376,Nullreference,0.8505805
11.88572,Nullreference,0.8028379
11.89836,Nullreference,0.7188908
11.91081,Nullreference,0.7027302
11.92314,Nullreference,0.6978285
11.93539,Nullreference,0.6931206
11.94811,Nullreference,0.671909
11.96009,Nullreference,0.6407927
11.97173,Nullreference,0.6148125
11.9839,Nullreference,0.5860376
11.99613,Nullreference,0.5649567
12.0078,Nullreference,0.5316458
12.01965,Nullreference,0.4504659
12.03266,Nullreference,0.4070458
12.04652,Nullreference,0.3742718
12.06081,Nullreference,0.3441828
12.07373,Nullreference,0.3002647
12.08618,Nullreference,0.2051534
12.09761,Nullreference,0.1610916
12.10983,Nullreference,0.1471558
12.12302,Nullreference,0.1246112
12.13571,Nullreference,0.109785
12.14938,Nullreference,0.09635847
12.16153,Nullreference,0.1033953
12.16177,Model Text Impact [e](Clone),0.3812496
12.1787,Model Text Impact [e](Clone),0.609273
12.19354,Model Text Impact [e](Clone),0.635663
12.2079,Model Text Impact [e](Clone),0.6587682
12.22231,Model Text Impact [e](Clone),0.7120599
12.23652,Model Text Impact [e](Clone),0.7349671
12.25009,Model Text Impact [t](Clone),0.7487198
12.26253,Model Text Impact [t](Clone),0.7557069
12.2754,Model Text Impact [t](Clone),0.7192386
12.28816,Model Text Impact [t](Clone),0.6895874
12.30091,Model Text Impact [t](Clone),0.6589858
12.3132,Model Text Impact [t](Clone),0.6350069
12.32561,Model Text Impact [t](Clone),0.6094524
12.33851,Model Text Impact [t](Clone),0.5961934
12.3521,Model Text Impact [t](Clone),0.5670216
12.36412,Model Text Impact [t](Clone),0.5485097
12.37722,Model Text Impact [t](Clone),0.5283732
12.39125,Model Text Impact [t](Clone),0.5005638
12.40444,Model Text Impact [t](Clone),0.4823215
12.41787,Model Text Impact [t](Clone),0.4579426
12.43215,Model Text Impact [t](Clone),0.4104441
12.44578,Model Text Impact [t](Clone),0.3751903
12.45941,Model Text Impact [t](Clone),0.3432346
12.47587,Model Text Impact [t](Clone),0.3219549
12.49275,Model Text Impact [t](Clone),0.2842207
12.51012,Model Text Impact [t](Clone),0.2698765
12.52705,Model Text Impact [t](Clone),0.2266203
12.54357,Model Text Impact [t](Clone),0.2057814
12.55566,Model Text Impact [t](Clone),0.1830435
12.56862,Model Text Impact [t](Clone),0.1752557
12.58069,Model Text Impact [s](Clone),0.1625297
12.59466,Model Text Impact [s](Clone),0.1565089
12.60801,Model Text Impact [s](Clone),0.1651425
12.62257,Model Text Impact [s](Clone),0.1821655
12.63715,Model Text Impact [s](Clone),0.2006523
12.64954,Model Text Impact [t](Clone),0.2274727
12.6622,Model Text Impact [t](Clone),0.2528805
12.67462,Model Text Impact [t](Clone),0.3135578
12.69111,Model Text Impact [t](Clone),0.3402568
12.70762,Model Text Impact [s](Clone),0.3672841
12.72116,Model Text Impact [s](Clone),0.4098849
12.73546,Nullreference,0.4285266
12.75012,Nullreference,0.44669
12.76398,Nullreference,0.4783332
12.7778,Nullreference,0.5022885
12.79092,Nullreference,0.5230013
12.80371,Nullreference,0.5395076
12.81643,Nullreference,0.554224
12.83052,Nullreference,0.5505959
12.84404,Nullreference,0.5363282
12.85651,Nullreference,0.5257598
12.86917,Nullreference,0.5140452
12.88212,Nullreference,0.5072318
12.89479,Nullreference,0.5014377
12.90775,Nullreference,0.5098869
12.92069,Nullreference,0.5185983
12.93397,Nullreference,0.5365591
12.94658,Nullreference,0.5516849
12.96249,Nullreference,0.5529869
12.97565,Nullreference,0.5380112
12.98821,Nullreference,0.5252311
13.00144,Nullreference,0.5105023
13.01469,Nullreference,0.4921261
13.02838,Nullreference,0.471759
13.04107,Nullreference,0.4407634
13.05372,Nullreference,0.4321021
13.06716,Nullreference,0.4228113
13.08309,Nullreference,0.4218369
13.10125,Nullreference,0.4237117
13.11404,Nullreference,0.422453
13.12797,Nullreference,0.4212605
13.14071,Nullreference,0.4377848
13.1543,Nullreference,0.4540429
13.16753,Nullreference,0.4790497
13.1815,Nullreference,0.5009842
13.19524,Nullreference,0.523545
13.20752,Nullreference,0.5564964
13.21941,Nullreference,0.5616319
13.23166,Nullreference,0.5669328
13.24487,Nullreference,0.5732775
13.25803,Nullreference,0.5771094
13.27265,Nullreference,0.5842443
13.28531,Nullreference,0.6015085
13.29889,Nullreference,0.611953
13.31194,Nullreference,0.6257371
13.32478,Nullreference,0.6313398
13.33741,Nullreference,0.6425249
13.35004,Nullreference,0.6496687
13.36321,Nullreference,0.6491792
13.37523,Nullreference,0.6596828
13.38738,Nullreference,0.6669367
13.4004,Nullreference,0.6839128
13.41455,Nullreference,0.6950039
13.42883,Nullreference,0.7148298
13.44715,Nullreference,0.7598903
13.78049,Nullreference,0.3590427
13.80027,Nullreference,0.3680798
13.81698,Nullreference,0.3750506
13.83117,Model Text Impact [s](Clone),0.3771172
13.84554,Model Text Impact [t](Clone),0.3840133
13.85957,Model Text Impact [e](Clone),0.4088601
13.87213,Model Text Impact [e](Clone),0.4222818
13.88543,Model Text Impact [e](Clone),0.4326482
13.89821,Model Text Impact [e](Clone),0.4407953
13.91127,Model Text Impact [e](Clone),0.4513706
13.92527,Model Text Impact [e](Clone),0.4600344
13.93886,Model Text Impact [e](Clone),0.474378
13.95615,Model Text Impact [e](Clone),0.4844712
13.96996,Model Text Impact [e](Clone),0.4925075
13.98221,Model Text Impact [e](Clone),0.4972686
13.99682,Model Text Impact [e](Clone),0.4998277
14.01047,Model Text Impact [e](Clone),0.498708
14.02461,Model Text Impact [e](Clone),0.5015734
14.03889,Model Text Impact [e](Clone),0.5065134
14.05281,Model Text Impact [e](Clone),0.5123417
14.06646,Model Text Impact [e](Clone),0.5089341
14.08081,Model Text Impact [t](Clone),0.5152007
14.09526,Model Text Impact [t](Clone),0.5219391
14.11305,Model Text Impact [t](Clone),0.5254372
14.12719,Model Text Impact [t](Clone),0.5445731
14.1407,Model Text Impact [t](Clone),0.5537655
14.15454,Model Text Impact [t](Clone),0.5610083
14.16854,Model Text Impact [t](Clone),0.5696357
14.18237,Model Text Impact [t](Clone),0.5950735
14.19665,Model Text Impact [t](Clone),0.611536
14.20961,Model Text Impact [t](Clone),0.6266326
14.22356,Model Text Impact [t](Clone),0.6320062
14.23773,Model Text Impact [t](Clone),0.6168596
14.25093,Model Text Impact [s](Clone),0.6054299
14.26685,Model Text Impact [s](Clone),0.5764226
14.28144,Model Text Impact [t](Clone),0.5331108
14.29525,Nullreference,0.5101464
14.30894,Nullreference,0.4931395
14.32267,Nullreference,0.4875126
14.33498,Nullreference,0.4951173
14.34973,Nullreference,0.5277737
14.36316,Nullreference,0.5488114
14.37723,Nullreference,0.5698192
14.39022,Nullreference,0.5979638
14.40367,Nullreference,0.645453
14.42062,Nullreference,0.6630094
14.43396,Nullreference,0.6692736
14.44707,Nullreference,0.6750922
14.45979,Nullreference,0.682352
14.47324,Nullreference,0.686142
14.48748,Nullreference,0.6865557
14.50083,Nullreference,0.6762665
14.51499,Nullreference,0.6585346
14.52844,Nullreference,0.6481266
14.5413,Nullreference,0.6404539
14.55406,Nullreference,0.6313339
14.56987,Nullreference,0.62144
14.58269,Nullreference,0.6045386
14.596,Nullreference,0.5920687
14.60926,Nullreference,0.580202
14.62199,Nullreference,0.5696329
14.63497,Nullreference,0.5522668
14.64836,Nullreference,0.5281284
14.66031,Nullreference,0.5188748
14.67394,Nullreference,0.5117239
14.68705,Nullreference,0.5028401
14.69962,Nullreference,0.4906074
14.71264,Nullreference,0.4771644
14.72844,Nullreference,0.4608863
14.7426,Nullreference,0.459361
14.75611,Nullreference,0.4612393
14.76896,Model Text Impact [t](Clone),0.4845239
14.8111,Model Text Impact [t](Clone),0.4953859
14.82443,Model Text Impact [t](Clone),0.5337658
14.83809,Model Text Impact [t](Clone),0.5473396
14.85133,Model Text Impact [t](Clone),0.5503002
14.8642,Model Text Impact [t](Clone),0.5484376
14.88036,Model Text Impact [t](Clone),0.5296046
14.89488,Model Text Impact [t](Clone),0.4796328
14.90849,Model Text Impact [t](Clone),0.4515094
14.92257,Model Text Impact [t](Clone),0.4233693
14.93553,Model Text Impact [t](Clone),0.3719863
14.94868,Model Text Impact [t](Clone),0.3448043
14.96225,Model Text Impact [t](Clone),0.3180042
14.97658,Model Text Impact [t](Clone),0.2789464
14.99029,Model Text Impact [t](Clone),0.2513074
15.00275,Model Text Impact [t](Clone),0.1916413
15.01472,Model Text Impact [t](Clone),0.1677181
15.03016,Model Text Impact [t](Clone),0.1395801
15.04321,Model Text Impact [t](Clone),0.1278304
15.0561,Model Text Impact [t](Clone),0.1216504
15.06904,Model Text Impact [t](Clone),0.1451472
15.08261,Model Text Impact [t](Clone),0.1624748
15.09599,Model Text Impact [t](Clone),0.1914206
15.1092,Model Text Impact [t](Clone),0.2155175
15.12192,Model Text Impact [t](Clone),0.222769
15.13625,Model Text Impact [t](Clone),0.2319508
15.14919,Model Text Impact [t](Clone),0.2262942
15.16223,Model Text Impact [t](Clone),0.2329923
15.17642,Model Text Impact [t](Clone),0.2478019
15.19209,Model Text Impact [t](Clone),0.2728727
15.20487,Model Text Impact [e](Clone),0.3084717
15.21814,Model Text Impact [e](Clone),0.3329021
15.23077,Model Text Impact [e](Clone),0.3587668
15.24468,Model Text Impact [e](Clone),0.3926454
15.26421,Model Text Impact [e](Clone),0.4584107
15.28235,Model Text Impact [e](Clone),0.4842389
15.29927,Model Text Impact [t](Clone),0.5244248
15.31498,Model Text Impact [t](Clone),0.4953722
15.32935,Model Text Impact [e](Clone),0.4524095
15.34619,Model Text Impact [t](Clone),0.3937696
15.35951,Model Text Impact [t](Clone),0.273398
15.37283,Model Text Impact [t](Clone),0.2124781
15.38558,Model Text Impact [t](Clone),0.1359795
15.39896,Model Text Impact [t](Clone),0.09208846
15.4118,Model Text Impact [t](Clone),0.1120563
15.4244,Model Text Impact [t](Clone),0.2613879
15.43765,Model Text Impact [t](Clone),0.3318425
15.45167,Model Text Impact [t](Clone),0.3559579
15.46469,Model Text Impact [t](Clone),0.3346379
15.47858,Model Text Impact [t](Clone),0.2878003
15.49283,Nullreference,0.2131934
15.5104,Nullreference,0.2060609
15.52445,Nullreference,0.2178316
15.53827,Nullreference,0.2408924
15.55128,Nullreference,0.2549409
15.56474,Nullreference,0.2817976
15.57839,Nullreference,0.2926823
15.59214,Nullreference,0.3168091
15.60514,Nullreference,0.3204578
15.61751,Nullreference,0.3155648
15.62996,Nullreference,0.3097563
15.64209,Nullreference,0.3005404
15.6558,Nullreference,0.2842389
15.67131,Nullreference,0.2737824
15.68502,Nullreference,0.2368661
15.69801,Nullreference,0.2207028
15.71081,Nullreference,0.2033451
15.72405,Nullreference,0.1824751
15.7377,Nullreference,0.1388274
15.75154,Nullreference,0.1232685
15.76363,Nullreference,0.09142332
15.77583,Nullreference,0.0780529
15.78892,Nullreference,0.0650818
15.80206,Nullreference,0.04334765
15.8164,Nullreference,0.04820912
15.83265,Nullreference,0.05676874
15.84657,Nullreference,0.06427848
15.85952,Nullreference,0.07112429
15.87257,Nullreference,0.06937555
15.88646,Nullreference,0.06268343
15.90096,Nullreference,0.06099298
15.91443,Nullreference,0.05106887
15.92823,Nullreference,0.03907187
15.94091,Nullreference,0.03092868
15.95436,Nullreference,0.0293251
15.96914,Nullreference,0.03251994
15.98483,Nullreference,0.04942477
15.99847,Nullreference,0.06413532
16.0127,Nullreference,0.08073436
16.02605,Nullreference,0.1080769
16.04086,Nullreference,0.1135794
16.05387,Nullreference,0.125059
16.06701,Nullreference,0.1345885
16.07925,Nullreference,0.1566411
16.09309,Model Text Impact [t](Clone),0.1983596
16.10636,Model Text Impact [e](Clone),0.2161099
16.12022,Model Text Impact [e](Clone),0.2396559
16.13592,Model Text Impact [e](Clone),0.269429
16.15019,Model Text Impact [e](Clone),0.3439189
16.16333,Model Text Impact [e](Clone),0.3834594
16.17668,Model Text Impact [e](Clone),0.4123619
16.18998,Model Text Impact [e](Clone),0.4400651
16.20389,Model Text Impact [e](Clone),0.5153779
16.21714,Model Text Impact [e](Clone),0.5589901
16.22978,Model Text Impact [e](Clone),0.596427
16.24366,Model Text Impact [e](Clone),0.6266717
16.25782,Model Text Impact [e](Clone),0.7092274
16.27271,Model Text Impact [e](Clone),0.7444991
16.28846,Model Text Impact [e](Clone),0.7858028
16.30172,Model Text Impact [e](Clone),0.87168
16.31464,Model Text Impact [e](Clone),0.9235001
16.3284,Model Text Impact [t](Clone),0.9693331
16.34189,Model Text Impact [t](Clone),1.0337
16.35485,Model Text Impact [t](Clone),1.076393
16.3679,Model Text Impact [t](Clone),1.138953
16.3804,Model Text Impact [t](Clone),1.231016
16.39344,Model Text Impact [s](Clone),1.274921
16.40767,Nullreference,1.326192
16.42128,Nullreference,1.368068
16.43483,Nullreference,1.470242
16.45037,Nullreference,1.508518
16.46403,Model Text Impact [t](Clone),1.549101
16.47735,Model Text Impact [t](Clone),1.588843
16.49128,Model Text Impact [e](Clone),1.663883
16.50535,Model Text Impact [e](Clone),1.705766
16.51814,Model Text Impact [e](Clone),1.748942
16.53167,Model Text Impact [e](Clone),1.793693
16.54369,Model Text Impact [r](Clone),1.842698
16.55582,Nullreference,1.897092
16.56794,Nullreference,1.966013
16.58084,Nullreference,2.000957
16.59367,Nullreference,2.018399
16.60903,Nullreference,2.020021
16.62271,Nullreference,2.016841
16.63512,Model Text Impact [r](Clone),1.973558
16.64981,Nullreference,1.937108
16.66256,Model Text Impact [e](Clone),1.895207
16.67588,Model Text Impact [e](Clone),1.82685
16.68846,Model Text Impact [e](Clone),1.756877
16.70077,Model Text Impact [e](Clone),1.590152
16.71215,Model Text Impact [e](Clone),1.489481
16.72416,Model Text Impact [e](Clone),1.383634
16.73618,Model Text Impact [e](Clone),1.290448
16.74947,Model Text Impact [t](Clone),1.17318
16.76592,Model Text Impact [t](Clone),1.057199
16.77887,Model Text Impact [t](Clone),0.8158154
16.79088,Model Text Impact [t](Clone),0.6958709
16.80341,Model Text Impact [t](Clone),0.5885881
16.81669,Model Text Impact [t](Clone),0.5211225
16.83001,Model Text Impact [t](Clone),0.4670795
16.8425,Model Text Impact [t](Clone),0.427503
16.85559,Model Text Impact [t](Clone),0.3879969
16.86785,Model Text Impact [t](Clone),0.3255719
16.87938,Model Text Impact [t](Clone),0.3014614
16.89157,Model Text Impact [t](Clone),0.2834383
16.90493,Model Text Impact [t](Clone),0.2717022
16.92046,Model Text Impact [t](Clone),0.2587478
16.93226,Model Text Impact [s](Clone),0.2498999
16.94415,Nullreference,0.247363
16.95606,Nullreference,0.2421406
16.968,Nullreference,0.2491149
16.9805,Nullreference,0.2533588
16.992,Nullreference,0.26133
17.00407,Nullreference,0.2691333
17.01597,Nullreference,0.2894811
17.02822,Nullreference,0.3188829
17.04066,Nullreference,0.3644741
17.05292,Nullreference,0.4164214
17.0652,Nullreference,0.4876955
17.08067,Nullreference,0.5401093
17.09359,Nullreference,0.6172816
17.10649,Nullreference,0.6297445
17.12024,Nullreference,0.6365011
17.134,Nullreference,0.6392778
17.14649,Nullreference,0.63061
17.15958,Nullreference,0.6029853
17.17435,Nullreference,0.5603489
17.18656,Nullreference,0.5184792
17.19832,Nullreference,0.4735644
17.21109,Nullreference,0.4340908
17.2233,Nullreference,0.3570598
17.23941,Nullreference,0.3248778
17.25289,Nullreference,0.2929009
17.2655,Nullreference,0.2679923
17.27919,Nullreference,0.252729
17.29271,Nullreference,0.2674785
17.3056,Nullreference,0.2961732
17.31714,Nullreference,0.322622
17.3319,Nullreference,0.3571984
17.34866,Nullreference,0.4208645
17.36026,Nullreference,0.4459856
17.37439,Nullreference,0.4673415
17.3906,Nullreference,0.4828212
17.40244,Nullreference,0.5052341
17.41399,Nullreference,0.5148363
17.42644,Nullreference,0.5277854
17.43805,Nullreference,0.5385881
17.45105,Nullreference,0.5452335
17.46401,Nullreference,0.5504716
17.47665,Nullreference,0.5466009
17.48989,Nullreference,0.5377366
17.50225,Nullreference,0.5331342
17.51502,Nullreference,0.5296537
17.52775,Nullreference,0.528396
17.54253,Nullreference,0.5279609
17.55518,Nullreference,0.5357137
17.56735,Nullreference,0.5432398
17.58125,Nullreference,0.5667576
17.59581,Nullreference,0.5692346
17.60793,Nullreference,0.5732502
17.62063,Nullreference,0.5787631
17.63261,Nullreference,0.5840499
17.64457,Nullreference,0.589472
17.65664,Nullreference,0.6025431
17.66846,Nullreference,0.6075849
17.68097,Nullreference,0.6133879
17.69593,Nullreference,0.6105968
17.70847,Nullreference,0.6106462
17.72042,Nullreference,0.604366
17.73293,Nullreference,0.6035046
17.74617,Nullreference,0.5904717
17.75854,Nullreference,0.5942148
17.77011,Nullreference,0.5945959
17.78281,Nullreference,0.5975068
17.79578,Nullreference,0.5957887
17.80761,Nullreference,0.5979137
17.81961,Nullreference,0.6020325
17.83293,Nullreference,0.6100295
17.84978,Nullreference,0.6211933
17.86342,Nullreference,0.6337425
17.87701,Nullreference,0.6427252
17.88896,Nullreference,0.6574999
17.9009,Nullreference,0.6787941
17.91351,Nullreference,0.6815753
17.92541,Nullreference,0.6730399
17.93915,Nullreference,0.667743
17.95209,Nullreference,0.6580737
17.96508,Nullreference,0.6489495
17.97737,Nullreference,0.6421438
17.98989,Nullreference,0.622761
18.00618,Nullreference,0.6038311
18.01908,Nullreference,0.5769582
18.03231,Nullreference,0.557125
18.04458,Nullreference,0.5221441
18.059,Nullreference,0.4730557
18.0724,Nullreference,0.4424688
18.08427,Nullreference,0.423356
18.09663,Nullreference,0.4059058
18.10905,Nullreference,0.3928742
18.12236,Nullreference,0.3776939
18.13668,Nullreference,0.3327489
18.15023,Nullreference,0.3057792
18.16684,Nullreference,0.2787758
18.17998,Nullreference,0.2362223
18.19444,Nullreference,0.2179724
18.20733,Nullreference,0.2055248
18.21997,Nullreference,0.1908425
18.23247,Nullreference,0.1828556
18.24503,Nullreference,0.1750309
18.25812,Nullreference,0.1662019
18.2709,Nullreference,0.1652851
18.28445,Nullreference,0.1620038
18.29778,Nullreference,0.1572166
18.31201,Nullreference,0.1537569
18.32795,Nullreference,0.1531141
18.34067,Nullreference,0.1548268
18.35423,Nullreference,0.1563766
18.36638,Nullreference,0.1633925
18.37829,Nullreference,0.177244
18.39226,Nullreference,0.1853897
18.40683,Nullreference,0.1979787
18.42064,Nullreference,0.2119276
18.43424,Nullreference,0.2213007
18.44817,Nullreference,0.214711
18.46107,Nullreference,0.2134986
18.47459,Nullreference,0.2126707
18.49173,Nullreference,0.2168535
18.50496,Nullreference,0.2437446
18.51935,Nullreference,0.2607717
18.53342,Nullreference,0.2787357
18.54681,Nullreference,0.2800418
18.55988,Nullreference,0.272852
18.5722,Nullreference,0.2695021
18.58563,Nullreference,0.2653417
18.59773,Nullreference,0.2623574
18.61094,Nullreference,0.2593925
18.62401,Nullreference,0.2556117
18.6367,Nullreference,0.2533191
18.65262,Nullreference,0.2420418
18.66562,Nullreference,0.2411147
18.67876,Nullreference,0.2255437
18.69081,Nullreference,0.2167211
18.70467,Nullreference,0.2030268
18.71824,Nullreference,0.1914261
18.73182,Nullreference,0.1822998
18.74497,Nullreference,0.1741091
18.75882,Nullreference,0.1497311
18.77246,Nullreference,0.1373737
18.78499,Nullreference,0.1284817
18.79814,Nullreference,0.1262398
18.81375,Nullreference,0.1218122
18.82745,Nullreference,0.1114752
18.84146,Nullreference,0.1144922
18.85396,Nullreference,0.1082838
18.8672,Nullreference,0.1055335
18.87954,Nullreference,0.1015664
18.89281,Nullreference,0.09800803
18.90638,Nullreference,0.09516377
18.9203,Nullreference,0.08470431
18.93323,Nullreference,0.07542017
18.94619,Nullreference,0.0666905
18.95992,Nullreference,0.06783956
18.97617,Nullreference,0.06701417
18.98926,Nullreference,0.06566782
19.00186,Nullreference,0.06622919
19.01468,Nullreference,0.06459838
19.02765,Nullreference,0.06624232
19.04003,Nullreference,0.06141839
19.05272,Nullreference,0.06355891
19.06709,Nullreference,0.05797861
19.08126,Nullreference,0.05105923
19.09821,Nullreference,0.05010663
19.11241,Nullreference,0.04732614
19.13431,Nullreference,0.04858001
19.14795,Nullreference,0.04709685
19.16129,Nullreference,0.04832182
19.17656,Nullreference,0.05907061
19.19023,Nullreference,0.08067583
19.20787,Nullreference,0.09097285
19.22287,Nullreference,0.09499101
19.23883,Nullreference,0.1045219
19.25521,Nullreference,0.1097603
19.27061,Nullreference,0.1303738
19.28722,Nullreference,0.1402654
19.30064,Nullreference,0.1801657
19.31628,Nullreference,0.194632
19.33069,Model Text Impact [t](Clone),0.2152457
19.34674,Model Text Impact [t](Clone),0.2396587
19.36033,Model Text Impact [t](Clone),0.2423194
19.37351,Nullreference,0.2247553
19.38621,Model Text Impact [t](Clone),0.2012054
19.39941,Nullreference,0.1725474
19.41338,Nullreference,0.1258089
19.42627,Nullreference,0.1073878
19.4422,Model Text Impact [t](Clone),0.08514577
19.45632,Model Text Impact [t](Clone),0.06417515
19.4693,Model Text Impact [t](Clone),0.03205406
19.48364,Model Text Impact [t](Clone),0.03143084
19.49786,Model Text Impact [t](Clone),0.04645876
19.51256,Model Text Impact [t](Clone),0.0722637
19.53002,Model Text Impact [t](Clone),0.0741803
19.54379,Model Text Impact [t](Clone),0.07894523
19.55806,Model Text Impact [t](Clone),0.08561676
19.57062,Model Text Impact [t](Clone),0.0807373
19.58504,Model Text Impact [t](Clone),0.07519432
19.6015,Model Text Impact [t](Clone),0.06804291
19.61527,Model Text Impact [t](Clone),0.0650438
19.62837,Model Text Impact [t](Clone),0.06230621
19.64127,Model Text Impact [t](Clone),0.05545042
19.6545,Model Text Impact [t](Clone),0.05469297
19.66772,Model Text Impact [t](Clone),0.05525621
19.68122,Model Text Impact [t](Clone),0.05728877
19.69465,Nullreference,0.05935486
19.70783,Nullreference,0.0568471
19.72116,Nullreference,0.0546102
19.73388,Nullreference,0.0532807
19.74834,Nullreference,0.05695287
19.76497,Nullreference,0.05405206
19.77924,Nullreference,0.05580975
19.79211,Nullreference,0.04962869
19.80532,Nullreference,0.04729806
19.81753,Nullreference,0.04853823
19.83125,Model Text Impact [e](Clone),0.04746709
19.84515,Model Text Impact [t](Clone),0.04578222
19.85832,Model Text Impact [t](Clone),0.04092339
19.87088,Nullreference,0.04299039
19.8845,Nullreference,0.04187944
19.89932,Nullreference,0.04423187
19.91682,Model Text Impact [t](Clone),0.04312446
19.93064,Nullreference,0.04035761
19.94348,Model Text Impact [t](Clone),0.04795539
19.9581,Nullreference,0.0418607
19.97099,Nullreference,0.03976413
19.98448,Model Text Impact [t](Clone),0.04415831
19.99775,Model Text Impact [t](Clone),0.04464882
20.01188,Nullreference,0.04864371
20.02817,Nullreference,0.04881109
20.04075,Nullreference,0.05424217
20.05426,Nullreference,0.05536765
20.06975,Model Text Impact [t](Clone),0.05464201
20.08411,Nullreference,0.05767332
20.09701,Nullreference,0.04785866
20.11121,Nullreference,0.02296771
20.12502,Nullreference,0.01944202
20.13881,Nullreference,0.02083618
20.15324,Nullreference,0.01637888
20.16601,Nullreference,0.02061603
20.17905,Nullreference,0.02798052
20.19287,Model Text Impact [t](Clone),0.03288706
20.20576,Model Text Impact [t](Clone),0.03258096
20.2233,Model Text Impact [t](Clone),0.03468448
20.23629,Model Text Impact [t](Clone),0.03965783
20.24947,Model Text Impact [t](Clone),0.04717939
20.26411,Model Text Impact [t](Clone),0.04321637
20.27726,Model Text Impact [t](Clone),0.04856956
20.29045,Model Text Impact [t](Clone),0.0539306
20.30684,Model Text Impact [t](Clone),0.06906965
20.3205,Model Text Impact [t](Clone),0.07900237
20.33382,Model Text Impact [t](Clone),0.08016297
20.34799,Model Text Impact [t](Clone),0.06850631
20.36188,Model Text Impact [t](Clone),0.05675292
20.37792,Model Text Impact [t](Clone),0.04305275
20.39149,Model Text Impact [t](Clone),0.02911099
20.40499,Model Text Impact [t](Clone),0.0270011
20.41893,Model Text Impact [t](Clone),0.01844275
20.43264,Model Text Impact [t](Clone),0.01952582
20.44667,Model Text Impact [t](Clone),0.006296028
20.46179,Model Text Impact [t](Clone),0.007681136
20.47504,Model Text Impact [t](Clone),0.01167197
20.48908,Model Text Impact [t](Clone),0.02669181
20.50275,Model Text Impact [t](Clone),0.02642412
20.51615,Model Text Impact [t](Clone),0.02743487
20.53487,Model Text Impact [t](Clone),0.03397702
20.54823,Model Text Impact [t](Clone),0.03025117
20.56288,Model Text Impact [t](Clone),0.02517427
20.57618,Model Text Impact [t](Clone),0.02930361
20.59006,Model Text Impact [t](Clone),0.02930314
20.60339,Model Text Impact [t](Clone),0.02834511
20.61778,Model Text Impact [t](Clone),0.03148959
20.63257,Model Text Impact [t](Clone),0.02804774
20.64712,Model Text Impact [t](Clone),0.02353554
20.66211,Model Text Impact [t](Clone),0.02484721
20.67562,Model Text Impact [t](Clone),0.02309555
20.69282,Model Text Impact [t](Clone),0.03845108
20.70616,Model Text Impact [t](Clone),0.04176831
20.71934,Model Text Impact [t](Clone),0.0576602
20.73242,Model Text Impact [t](Clone),0.06630979
20.74578,Model Text Impact [t](Clone),0.08942353
20.76073,Model Text Impact [t](Clone),0.09296288
20.77369,Model Text Impact [t](Clone),0.09551881
20.78661,Nullreference,0.09266392
20.79922,Nullreference,0.08498207
20.81213,Nullreference,0.09011962
20.82469,Nullreference,0.0942623
20.83836,Nullreference,0.09783644
20.85361,Nullreference,0.1015093
20.86773,Nullreference,0.1198833
20.8825,Nullreference,0.1553647
20.89612,Nullreference,0.1648798
20.91027,Nullreference,0.1890389
20.92324,Nullreference,0.2540371
20.93742,Nullreference,0.2904339
20.951,Nullreference,0.3468526
20.96438,Nullreference,0.403265
20.97835,Nullreference,0.4419539
20.99188,Nullreference,0.4448233
21.00879,Nullreference,0.4540628
21.02206,Nullreference,0.4386374
21.03577,Nullreference,0.4075558
21.04911,Nullreference,0.3568491
21.06251,Nullreference,0.3128034
21.07647,Nullreference,0.2658113
21.08897,Nullreference,0.2217763
21.10167,Nullreference,0.1924779
21.11508,Nullreference,0.1387129
21.12918,Nullreference,0.09555537
21.14257,Nullreference,0.08508273
21.1603,Nullreference,0.1656569
21.17337,Nullreference,0.2105311
21.18863,Nullreference,0.2540016
21.20136,Nullreference,0.3421115
21.21374,Nullreference,0.4032595
21.22772,Nullreference,0.4604671
21.24062,Nullreference,0.4504157
21.25417,Nullreference,0.4156934
21.26707,Nullreference,0.3620591
21.28156,Nullreference,0.3488756
21.29618,Nullreference,0.3509321
21.31583,Nullreference,0.3778604
21.64916,Nullreference,0.3154468
21.66838,Nullreference,0.2562926
21.68066,Nullreference,0.1827269
21.69479,Nullreference,0.1573899
21.70774,Nullreference,0.135665
21.72258,Nullreference,0.1143488
21.73564,Nullreference,0.08677574
21.74854,Nullreference,0.07767756
21.7609,Nullreference,0.07106255
21.77395,Nullreference,0.0685672
21.78949,Nullreference,0.06990759
21.80357,Nullreference,0.06647557
21.81974,Nullreference,0.06560492
21.83817,Nullreference,0.08228232
21.85436,Nullreference,0.0917768
21.86782,Nullreference,0.1189384
21.89006,Nullreference,0.1277
21.90465,Nullreference,0.1737678
21.9197,Nullreference,0.1758484
21.9345,Nullreference,0.1835689
21.9493,Nullreference,0.1795001
21.96321,Nullreference,0.1785253
21.9784,Nullreference,0.1846326
21.99236,Nullreference,0.1819411
22.00637,Nullreference,0.1861472
22.01981,Nullreference,0.1843106
22.03244,Nullreference,0.1732703
22.04541,Nullreference,0.2110364
22.06102,Model Text Impact [t](Clone),0.2361397
22.07489,Model Text Impact [t](Clone),0.2694826
22.08835,Model Text Impact [t](Clone),0.2919056
22.1025,Model Text Impact [t](Clone),0.2749728
22.11594,Model Text Impact [t](Clone),0.2460832
22.13162,Model Text Impact [t](Clone),0.2046866
22.14471,Model Text Impact [t](Clone),0.1395947
22.15755,Model Text Impact [t](Clone),0.1098656
22.17084,Model Text Impact [t](Clone),0.07333066
22.18483,Model Text Impact [t](Clone),0.05196452
22.19798,Model Text Impact [t](Clone),0.04671362
22.2112,Model Text Impact [t](Clone),0.08118217
22.22485,Model Text Impact [t](Clone),0.08496021
22.23789,Model Text Impact [t](Clone),0.08253399
22.25054,Model Text Impact [t](Clone),0.07273943
22.26384,Model Text Impact [t](Clone),0.06909236
22.27736,Model Text Impact [t](Clone),0.05825775
22.29499,Model Text Impact [t](Clone),0.05150783
22.30969,Model Text Impact [t](Clone),0.0460009
22.32461,Model Text Impact [t](Clone),0.08894266
22.33814,Model Text Impact [t](Clone),0.1133613
22.35234,Model Text Impact [t](Clone),0.1223497
22.36716,Model Text Impact [t](Clone),0.1183768
22.38089,Model Text Impact [t](Clone),0.1150465
22.39574,Model Text Impact [t](Clone),0.109516
22.40914,Nullreference,0.1069962
22.42251,Nullreference,0.08096833
22.43517,Nullreference,0.07363942
22.45072,Nullreference,0.05719822
22.46484,Nullreference,0.04879618
22.47792,Nullreference,0.0318094
22.49184,Nullreference,0.02539546
22.50569,Nullreference,0.02225408
22.51941,Nullreference,0.02000259
22.53321,Nullreference,0.03577124
22.54732,Nullreference,0.04403504
22.5618,Nullreference,0.0470333
22.57568,Nullreference,0.04560273
22.58942,Nullreference,0.05986145
22.60641,Nullreference,0.08681377
22.62001,Nullreference,0.1080815
22.63326,Nullreference,0.1306155
22.6466,Nullreference,0.1808959
22.65945,Nullreference,0.2222845
22.67285,Nullreference,0.2587753
22.68765,Nullreference,0.300023
22.70235,Nullreference,0.3643354
22.71932,Nullreference,0.3884862
22.73652,Nullreference,0.4112487
22.74988,Nullreference,0.4167131
22.76544,Nullreference,0.4279429
22.7794,Nullreference,0.4329074
22.79603,Nullreference,0.4275332
22.80984,Nullreference,0.4173204
22.82281,Nullreference,0.3881667
22.83541,Nullreference,0.3737207
22.84848,Nullreference,0.3608165
22.86143,Model Text Impact [e](Clone),0.3354681
22.87509,Model Text Impact [e](Clone),0.3049945
22.89142,Model Text Impact [e](Clone),0.2071642
22.90815,Model Text Impact [e](Clone),0.1508808
22.92377,Nullreference,0.08536622
22.93651,Nullreference,0.0884711
22.94949,Nullreference,0.09715158
22.96327,Nullreference,0.1020156
22.97669,Nullreference,0.1116771
22.99018,Nullreference,0.1224273
23.00379,Nullreference,0.1210504
23.01915,Nullreference,0.1122481
23.03339,Nullreference,0.09468425
23.04737,Model Text Impact [e](Clone),0.08229421
23.06134,Nullreference,0.07026404
23.079,Nullreference,0.05817013
23.09326,Nullreference,0.07219374
23.10723,Nullreference,0.08318207
23.12144,Model Text Impact [e](Clone),0.08449525
23.13518,Model Text Impact [t](Clone),0.07308166
23.14948,Model Text Impact [t](Clone),0.06210858
23.16346,Model Text Impact [t](Clone),0.04754997
23.17693,Model Text Impact [t](Clone),0.04476614
23.1911,Model Text Impact [t](Clone),0.07542864
23.20421,Model Text Impact [t](Clone),0.09785698
23.21866,Model Text Impact [e](Clone),0.1108144
23.23698,Model Text Impact [e](Clone),0.09944238
23.25152,Model Text Impact [e](Clone),0.09552566
23.26553,Model Text Impact [e](Clone),0.09341997
23.2802,Model Text Impact [e](Clone),0.08596485
23.29497,Model Text Impact [e](Clone),0.08898412
23.30782,Model Text Impact [e](Clone),0.08802518
23.32172,Model Text Impact [e](Clone),0.08637916
23.65505,Nullreference,0.2214762
23.67582,Nullreference,0.3435319
23.68944,Nullreference,0.3830222
23.70437,Nullreference,0.4792568
23.71855,Nullreference,0.5321441
23.73139,Nullreference,0.5812836
23.74471,Nullreference,0.6328918
23.75935,Nullreference,0.7052267
23.77175,Nullreference,0.7306313
23.78577,Nullreference,0.7635424
23.79971,Nullreference,0.7881085
23.81281,Nullreference,0.8323601
23.82883,Nullreference,0.8528261
23.84328,Nullreference,0.8760222
23.85623,Nullreference,0.8945021
23.86934,Nullreference,0.887725
23.8826,Nullreference,0.8757247
23.89569,Nullreference,0.8509592
23.9088,Nullreference,0.8243845
23.92264,Nullreference,0.7962588
23.93692,Nullreference,0.7283863
23.95048,Nullreference,0.7062356
23.96397,Nullreference,0.6924726
23.97997,Nullreference,0.6795734
23.99419,Nullreference,0.6279528
24.00826,Nullreference,0.5834639
24.02207,Nullreference,0.5390895
24.03514,Nullreference,0.4782128
24.04979,Nullreference,0.4533407
24.06477,Nullreference,0.4393604
24.07836,Nullreference,0.4197229
24.09242,Nullreference,0.406874
24.10583,Nullreference,0.3957636
24.11963,Nullreference,0.386517
24.138,Nullreference,0.3332363
24.15132,Nullreference,0.3015758
24.1648,Nullreference,0.265763
24.17804,Nullreference,0.234664
24.19075,Nullreference,0.1721248
24.20494,Nullreference,0.1512369
24.21784,Nullreference,0.1317254
24.2307,Nullreference,0.1153073
24.24379,Nullreference,0.101653
24.25662,Nullreference,0.07327885
24.27007,Nullreference,0.06347151
24.287,Nullreference,0.05974223
24.30144,Nullreference,0.08176317
24.31543,Nullreference,0.09454419
24.32869,Nullreference,0.1061366
24.34642,Nullreference,0.1368114
24.36709,Nullreference,0.1523483
24.70042,Model Text Impact [e](Clone),0.1416257
24.71137,Model Text Impact [e](Clone),0.1307465
24.72249,Model Text Impact [e](Clone),0.1264051
24.73347,Model Text Impact [e](Clone),0.1245402
24.74463,Model Text Impact [e](Clone),0.1186155
24.75578,Model Text Impact [e](Clone),0.1173415
24.76707,Model Text Impact [e](Clone),0.1084817
24.77814,Model Text Impact [e](Clone),0.1069199
24.78917,Model Text Impact [e](Clone),0.1028895
24.80021,Model Text Impact [e](Clone),0.1020491
24.81132,Model Text Impact [e](Clone),0.09639011
24.82255,Model Text Impact [e](Clone),0.09655865
24.83369,Model Text Impact [e](Clone),0.09491614
24.84504,Model Text Impact [e](Clone),0.09275483
24.85606,Model Text Impact [e](Clone),0.09606212
24.86719,Model Text Impact [e](Clone),0.09347852
24.87798,Model Text Impact [e](Clone),0.09173714
24.8891,Model Text Impact [e](Clone),0.08892049
24.90035,Model Text Impact [e](Clone),0.08105401
24.91126,Model Text Impact [e](Clone),0.08042514
24.92256,Model Text Impact [e](Clone),0.07575393
24.93355,Model Text Impact [e](Clone),0.07199384
24.94474,Model Text Impact [e](Clone),0.06420583
24.95577,Model Text Impact [e](Clone),0.05557772
24.96658,Model Text Impact [e](Clone),0.03762589
24.97883,Model Text Impact [e](Clone),0.02219993
24.98903,Model Text Impact [e](Clone),0.01600173
25.00039,Model Text Impact [e](Clone),0.006705249
25.01142,Model Text Impact [e](Clone),0.01639493
25.02255,Model Text Impact [e](Clone),0.02833119
25.03371,Model Text Impact [e](Clone),0.04104846
25.0449,Model Text Impact [e](Clone),0.05927696
25.05634,Model Text Impact [e](Clone),0.06979007
25.06665,Model Text Impact [e](Clone),0.08259822
25.07787,Model Text Impact [e](Clone),0.08877181
25.0891,Model Text Impact [e](Clone),0.09680308
25.1004,Model Text Impact [e](Clone),0.09799486
25.11115,Model Text Impact [e](Clone),0.1020777
25.12239,Model Text Impact [e](Clone),0.1018196
25.13342,Model Text Impact [e](Clone),0.1063276
25.14535,Model Text Impact [e](Clone),0.1040694
25.15561,Model Text Impact [e](Clone),0.1094983
25.16681,Model Text Impact [e](Clone),0.109143
25.17802,Model Text Impact [e](Clone),0.1116274
25.18973,Model Text Impact [e](Clone),0.1155603
25.20103,Model Text Impact [e](Clone),0.1132874
25.21241,Model Text Impact [e](Clone),0.1145445
25.22399,Model Text Impact [t](Clone),0.1112906
25.23596,Model Text Impact [s](Clone),0.1080507
25.24677,Nullreference,0.1089722
25.25824,Nullreference,0.1000624
25.27022,Nullreference,0.1034197
25.28115,Nullreference,0.1024893
25.29306,Nullreference,0.1067765
25.3039,Nullreference,0.1085607
25.31531,Nullreference,0.1161211
25.32721,Nullreference,0.1230153
25.33842,Nullreference,0.1306794
25.34905,Nullreference,0.138657
25.36016,Nullreference,0.1431066
25.37147,Model Text Impact [t](Clone),0.1420593
25.3825,Model Text Impact [t](Clone),0.1422713
25.39385,Model Text Impact [t](Clone),0.1284132
25.40506,Model Text Impact [t](Clone),0.1189891
25.41568,Model Text Impact [t](Clone),0.1108334
25.42714,Model Text Impact [t](Clone),0.09444895
25.43807,Model Text Impact [t](Clone),0.09092515
25.44918,Model Text Impact [t](Clone),0.0808365
25.46032,Model Text Impact [t](Clone),0.07372835
25.47169,Model Text Impact [t](Clone),0.06576286
25.48269,Model Text Impact [t](Clone),0.0601194
25.49357,Model Text Impact [t](Clone),0.04798077
25.50466,Model Text Impact [t](Clone),0.04233996
25.51575,Model Text Impact [e](Clone),0.04603668
25.52786,Model Text Impact [e](Clone),0.0519305
25.53847,Model Text Impact [e](Clone),0.05836302
25.54906,Model Text Impact [e](Clone),0.06575541
25.55997,Model Text Impact [e](Clone),0.06811226
25.57121,Model Text Impact [e](Clone),0.07009467
25.58254,Model Text Impact [e](Clone),0.07427265
25.5935,Model Text Impact [e](Clone),0.07058459
25.61114,Model Text Impact [e](Clone),0.07411287
25.62564,Model Text Impact [e](Clone),0.07184595
25.6366,Model Text Impact [e](Clone),0.06463557
25.6483,Model Text Impact [e](Clone),0.05727436
25.65877,Model Text Impact [e](Clone),0.05326358
25.66977,Model Text Impact [e](Clone),0.0497893
25.68082,Model Text Impact [e](Clone),0.05263897
25.69195,Model Text Impact [e](Clone),0.05570709
25.703,Model Text Impact [e](Clone),0.05051402
25.71413,Model Text Impact [e](Clone),0.03402179
25.72532,Model Text Impact [e](Clone),0.02751911
25.73633,Model Text Impact [e](Clone),0.0407865
25.74748,Model Text Impact [e](Clone),0.06958955
25.75886,Model Text Impact [e](Clone),0.1002204
25.7698,Model Text Impact [e](Clone),0.1296072
25.78065,Model Text Impact [t](Clone),0.1611254
25.7922,Nullreference,0.1940446
25.80332,Nullreference,0.2290126
25.81428,Nullreference,0.255721
25.82626,Nullreference,0.2710283
25.83664,Nullreference,0.289248
25.84872,Nullreference,0.2973426
25.85891,Nullreference,0.294313
25.86997,Nullreference,0.2889429
25.88098,Nullreference,0.2854701
25.89202,Nullreference,0.2801936
25.90334,Nullreference,0.2773061
25.91431,Nullreference,0.2747589
25.92557,Nullreference,0.2768748
25.9364,Nullreference,0.274785
25.94747,Nullreference,0.2864629
25.95865,Nullreference,0.2914008
25.97008,Nullreference,0.2939737
25.98129,Nullreference,0.2968026
25.99241,Nullreference,0.3002104
26.00386,Nullreference,0.2866036
26.01512,Nullreference,0.2601401
26.02704,Nullreference,0.2351595
26.03744,Nullreference,0.2150841
26.04854,Nullreference,0.211326
26.06005,Nullreference,0.2221287
26.07137,Nullreference,0.2289883
26.08267,Nullreference,0.2341481
26.09353,Nullreference,0.232376
26.10452,Model Text Impact [t](Clone),0.2267862
26.11607,Nullreference,0.2246298
26.1264,Model Text Impact [e](Clone),0.2215286
26.13765,Nullreference,0.2182584
26.14876,Nullreference,0.2137717
26.16004,Nullreference,0.2043983
26.17087,Nullreference,0.1909815
26.18191,Nullreference,0.175465
26.19286,Nullreference,0.159306
26.20425,Nullreference,0.1464446
26.21505,Nullreference,0.1207497
26.22619,Nullreference,0.1103745
26.23738,Nullreference,0.08925575
26.24869,Nullreference,0.08339207
26.25973,Nullreference,0.09688628
26.2707,Nullreference,0.126046
26.28191,Nullreference,0.1492156
26.29273,Nullreference,0.1692656
26.30408,Nullreference,0.1812183
26.31519,Nullreference,0.1808239
26.32616,Model Text Impact [e](Clone),0.1945682
26.33712,Nullreference,0.1969882
26.34831,Model Text Impact [e](Clone),0.2041815
26.3596,Model Text Impact [e](Clone),0.2035964
26.37129,Model Text Impact [e](Clone),0.2109783
26.38167,Model Text Impact [e](Clone),0.2073823
26.39279,Model Text Impact [e](Clone),0.2124868
26.40396,Model Text Impact [e](Clone),0.2165795
26.41512,Model Text Impact [e](Clone),0.2142707
26.42621,Model Text Impact [e](Clone),0.2119114
26.43747,Model Text Impact [e](Clone),0.2109214
26.44834,Model Text Impact [e](Clone),0.2050558
26.45949,Model Text Impact [e](Clone),0.1999914
26.47071,Model Text Impact [e](Clone),0.1880175
26.48181,Model Text Impact [e](Clone),0.1773707
26.4931,Model Text Impact [e](Clone),0.1646194
26.50431,Model Text Impact [e](Clone),0.1545604
26.51494,Model Text Impact [e](Clone),0.1412543
26.5263,Model Text Impact [e](Clone),0.1285477
26.53819,Model Text Impact [e](Clone),0.1185208
26.54828,Model Text Impact [e](Clone),0.1076964
26.55948,Model Text Impact [e](Clone),0.104494
26.57096,Model Text Impact [e](Clone),0.09096368
26.58205,Model Text Impact [e](Clone),0.07957155
26.5928,Model Text Impact [e](Clone),0.0630948
26.60389,Model Text Impact [e](Clone),0.05201862
26.6151,Model Text Impact [t](Clone),0.04371145
26.62603,Model Text Impact [t](Clone),0.03891591
26.63709,Model Text Impact [t](Clone),0.03415304
26.64808,Model Text Impact [t](Clone),0.03626426
26.65961,Model Text Impact [t](Clone),0.03390355
26.67032,Model Text Impact [t](Clone),0.04084026
26.6821,Model Text Impact [t](Clone),0.05097688
26.69267,Model Text Impact [t](Clone),0.06064444
26.70394,Model Text Impact [t](Clone),0.0634927
26.71493,Nullreference,0.05613606
26.72618,Model Text Impact [t](Clone),0.05158638
26.73729,Nullreference,0.04425819
26.7482,Nullreference,0.04324559
26.75924,Nullreference,0.04069437
26.7704,Nullreference,0.04897353
26.78172,Nullreference,0.05437216
26.79268,Nullreference,0.06134104
26.80377,Nullreference,0.06903081
26.81495,Nullreference,0.07372584
26.82651,Nullreference,0.08496732
26.8376,Nullreference,0.08823788
26.84825,Nullreference,0.09604821
26.85931,Nullreference,0.09225232
26.87033,Nullreference,0.09618836
26.88147,Nullreference,0.09529245
26.89313,Nullreference,0.08906892
26.90372,Nullreference,0.08653206
26.91567,Nullreference,0.07957631
26.92622,Nullreference,0.07272303
26.93707,Nullreference,0.07217395
26.94824,Nullreference,0.0783205
26.95926,Nullreference,0.07139714
26.97044,Nullreference,0.05670279
26.98161,Nullreference,0.04347366
26.99257,Nullreference,0.04829885
27.00366,Nullreference,0.0619837
27.01485,Nullreference,0.08354951
27.0259,Nullreference,0.1028714
27.03721,Nullreference,0.126421
27.04825,Nullreference,0.1405926
27.05928,Nullreference,0.1438001
27.0703,Nullreference,0.1442424
27.08152,Nullreference,0.1438252
27.09258,Nullreference,0.1423373
27.10381,Nullreference,0.1434817
27.11466,Nullreference,0.1355706
27.12606,Nullreference,0.1369896
27.13705,Nullreference,0.1369183
27.14823,Nullreference,0.1375428
27.15927,Nullreference,0.1517356
27.17029,Nullreference,0.160672
27.18216,Nullreference,0.1825016
27.19259,Nullreference,0.1971122
27.20382,Nullreference,0.2110513
27.2148,Nullreference,0.2195302
27.22578,Nullreference,0.2375287
27.23712,Nullreference,0.2576435
27.24793,Nullreference,0.2728026
27.25931,Nullreference,0.2852262
27.27021,Nullreference,0.2918819
27.28131,Nullreference,0.3026459
27.29256,Nullreference,0.3105888
27.30379,Nullreference,0.3256255
27.31482,Nullreference,0.3534607
27.32588,Nullreference,0.377769
27.337,Nullreference,0.4084837
27.34813,Nullreference,0.4285728
27.35913,Nullreference,0.4451359
27.37026,Nullreference,0.4587141
27.38146,Nullreference,0.461539
27.39241,Nullreference,0.4712544
27.40433,Nullreference,0.4777064
27.41463,Nullreference,0.4887827
27.42596,Nullreference,0.4935303
27.4373,Nullreference,0.5019208
27.44792,Nullreference,0.5112421
27.45938,Nullreference,0.5190886
27.47026,Nullreference,0.5242569
27.48143,Nullreference,0.5279385
27.49317,Nullreference,0.5228134
27.50415,Nullreference,0.5081746
27.51481,Nullreference,0.4950711
27.52574,Nullreference,0.4783932
27.53715,Nullreference,0.4615806
27.5484,Nullreference,0.4508305
27.55915,Nullreference,0.4333038
27.56997,Nullreference,0.4196863
27.58122,Nullreference,0.4003654
27.59232,Nullreference,0.3807954
27.60359,Nullreference,0.3560879
27.61471,Nullreference,0.3339907
27.62618,Nullreference,0.3122144
27.63668,Nullreference,0.2897978
27.64864,Nullreference,0.26855
27.65897,Nullreference,0.2445854
27.67003,Nullreference,0.2263612
27.68114,Nullreference,0.2041785
27.69217,Nullreference,0.1938591
27.70653,Nullreference,0.1846586
27.71613,Nullreference,0.1807655
27.72577,Nullreference,0.1662742
27.73571,Nullreference,0.163194
27.7469,Nullreference,0.1546553
27.75813,Nullreference,0.152131
27.76947,Nullreference,0.1595428
27.78045,Nullreference,0.1616951
27.79154,Nullreference,0.1610826
27.80264,Nullreference,0.1500735
27.814,Nullreference,0.1420143
27.82498,Nullreference,0.1258059
27.83586,Nullreference,0.1132621
27.84692,Nullreference,0.09664649
27.85893,Nullreference,0.08277023
27.86924,Nullreference,0.08042672
27.88033,Nullreference,0.1016655
27.89135,Nullreference,0.1180592
27.90256,Nullreference,0.1260137
27.91412,Nullreference,0.1335648
27.92468,Nullreference,0.140103
27.93571,Nullreference,0.1420394
27.94692,Nullreference,0.1516396
27.95804,Nullreference,0.1663032
27.96918,Nullreference,0.1752813
27.9803,Nullreference,0.1864714
27.99132,Nullreference,0.1896625
28.00241,Nullreference,0.1857594
28.01351,Nullreference,0.1916671
28.02467,Nullreference,0.1797529
28.03567,Nullreference,0.1739761
28.04688,Nullreference,0.1701378
28.05799,Nullreference,0.1664623
28.06913,Nullreference,0.1610817
28.08031,Nullreference,0.1602757
28.0918,Nullreference,0.1499303
28.10315,Nullreference,0.1486364
28.11436,Nullreference,0.1379751
28.12524,Nullreference,0.1354399
28.13638,Nullreference,0.132291
28.14741,Nullreference,0.1281145
28.15858,Nullreference,0.1243959
28.16958,Nullreference,0.118078
28.18075,Nullreference,0.1111724
28.19188,Nullreference,0.09935258
28.20303,Nullreference,0.09410857
28.21408,Nullreference,0.09173012
28.22523,Nullreference,0.09399471
28.23643,Nullreference,0.09777791
28.24776,Nullreference,0.1022115
28.25876,Nullreference,0.1025545
28.26986,Nullreference,0.1077789
28.28092,Nullreference,0.1175573
28.29221,Nullreference,0.1256882
28.30365,Nullreference,0.1256397
28.31476,Nullreference,0.1221322
28.32543,Nullreference,0.1208283
28.33645,Nullreference,0.118403
28.34766,Nullreference,0.1161473
28.35927,Nullreference,0.1150623
28.36991,Nullreference,0.1155966
28.38094,Nullreference,0.1220822
28.39199,Nullreference,0.1168941
28.40348,Nullreference,0.1160489
28.42106,Nullreference,0.1165576
28.43247,Nullreference,0.1132658
28.4434,Nullreference,0.10115
28.45542,Nullreference,0.08771813
28.46621,Nullreference,0.07680093
28.47691,Nullreference,0.07265415
28.48865,Nullreference,0.07235922
28.49906,Nullreference,0.07826713
28.51002,Nullreference,0.07954578
28.52132,Nullreference,0.07904162
28.53249,Nullreference,0.08081584
28.54342,Nullreference,0.07982191
28.55509,Nullreference,0.0801108
28.56578,Nullreference,0.08417852
28.5771,Nullreference,0.08736312
28.58827,Nullreference,0.08573891
28.59912,Nullreference,0.07594451
28.61031,Nullreference,0.06892771
28.62107,Nullreference,0.06747045
28.63225,Nullreference,0.06805871
28.64355,Nullreference,0.07265248
28.65458,Nullreference,0.07743876
28.66579,Nullreference,0.07808176
28.67691,Nullreference,0.09169181
28.68877,Nullreference,0.09877075
28.69901,Nullreference,0.1139855
28.70988,Nullreference,0.138937
28.72141,Nullreference,0.1560453
28.7324,Nullreference,0.1768277
28.74351,Nullreference,0.1799982
28.75475,Nullreference,0.1845483
28.76556,Nullreference,0.1801012
28.77695,Nullreference,0.1757798
28.78814,Nullreference,0.1709826
28.79972,Nullreference,0.1636463
28.81164,Nullreference,0.1558093
28.82216,Nullreference,0.1522263
28.83354,Nullreference,0.1397896
28.8449,Nullreference,0.1363139
28.85621,Nullreference,0.1364952
28.86749,Nullreference,0.1317769
28.87904,Nullreference,0.1358566
28.8904,Nullreference,0.1355334
28.90173,Nullreference,0.1409293
28.91292,Nullreference,0.140504
28.9241,Nullreference,0.1332752
28.93591,Nullreference,0.126703
28.94681,Nullreference,0.1175601
28.95805,Nullreference,0.1003413
28.96935,Nullreference,0.09394767
28.98044,Nullreference,0.08213801
28.99242,Nullreference,0.07752857
29.00278,Nullreference,0.07734106
29.01376,Nullreference,0.0792303
29.02545,Nullreference,0.08459055
29.03607,Nullreference,0.08614562
29.04693,Nullreference,0.08317652
29.05829,Nullreference,0.07961077
29.06921,Nullreference,0.08156267
29.08033,Nullreference,0.08372288
29.09145,Nullreference,0.08300927
29.10262,Nullreference,0.07616883
29.1138,Nullreference,0.06842936
29.12499,Nullreference,0.06222108
29.13597,Nullreference,0.05730207
29.1472,Nullreference,0.05525942
29.15845,Nullreference,0.0491259
29.16948,Nullreference,0.04411825
29.18049,Nullreference,0.04118196
29.19152,Nullreference,0.04151914
29.20263,Nullreference,0.0415088
29.21366,Nullreference,0.03901132
29.22486,Nullreference,0.03732119
29.23589,Nullreference,0.03974858
29.24702,Nullreference,0.03897735
29.25814,Nullreference,0.03971622
29.26936,Nullreference,0.03944718
29.28032,Nullreference,0.04135726
29.29199,Nullreference,0.03521295
29.30254,Nullreference,0.03608253
29.31357,Nullreference,0.03990081
29.32468,Nullreference,0.0468986
29.33597,Nullreference,0.0490216
29.34739,Nullreference,0.06380501
29.35797,Nullreference,0.07189573
29.36931,Nullreference,0.09058738
29.38042,Nullreference,0.1077534
29.3917,Nullreference,0.1246568
29.40291,Nullreference,0.1457725
29.41395,Nullreference,0.1689884
29.42496,Nullreference,0.1917118
29.43633,Model Text Impact [e](Clone),0.2182442
29.44779,Model Text Impact [e](Clone),0.2461406
29.4582,Model Text Impact [e](Clone),0.2781975
29.46931,Model Text Impact [e](Clone),0.3167513
29.48067,Model Text Impact [r](Clone),0.3492202
29.49161,Model Text Impact [r](Clone),0.3835511
29.50273,Model Text Impact [r](Clone),0.4138566
29.51379,Model Text Impact [r](Clone),0.4528309
29.5249,Model Text Impact [r](Clone),0.4785119
29.53601,Model Text Impact [r](Clone),0.5116836
29.54721,Model Text Impact [r](Clone),0.5311876
29.55823,Model Text Impact [r](Clone),0.5549099
29.56925,Model Text Impact [r](Clone),0.575211
29.58029,Model Text Impact [r](Clone),0.5972663
29.59159,Model Text Impact [r](Clone),0.6116082
29.60274,Model Text Impact [r](Clone),0.6202698
29.61385,Model Text Impact [r](Clone),0.6186575
29.62477,Model Text Impact [r](Clone),0.6139939
29.63593,Model Text Impact [e](Clone),0.6077207
29.64794,Model Text Impact [e](Clone),0.5977698
29.65812,Model Text Impact [e](Clone),0.5942826
29.66896,Model Text Impact [e](Clone),0.5925242
29.68017,Model Text Impact [e](Clone),0.5859542
29.69123,Model Text Impact [e](Clone),0.5868953
29.70252,Model Text Impact [e](Clone),0.5827264
29.71358,Model Text Impact [e](Clone),0.5794431
29.7246,Model Text Impact [e](Clone),0.569544
29.73585,Model Text Impact [r](Clone),0.5590278
29.74672,Model Text Impact [r](Clone),0.5542314
29.75783,Model Text Impact [r](Clone),0.5414109
29.76897,Model Text Impact [r](Clone),0.5267762
29.78009,Model Text Impact [r](Clone),0.5067915
29.7913,Model Text Impact [e](Clone),0.4942444
29.80248,Model Text Impact [e](Clone),0.4824058
29.81336,Model Text Impact [e](Clone),0.464986
29.82483,Model Text Impact [e](Clone),0.453439
29.83635,Model Text Impact [e](Clone),0.4409821
29.84666,Model Text Impact [e](Clone),0.4312633
29.8577,Model Text Impact [e](Clone),0.4159742
29.86889,Model Text Impact [e](Clone),0.4064121
29.87989,Model Text Impact [e](Clone),0.4003639
29.89114,Model Text Impact [e](Clone),0.3903818
29.90259,Model Text Impact [e](Clone),0.3817166
29.91345,Model Text Impact [e](Clone),0.3671221
29.92441,Model Text Impact [e](Clone),0.3574068
29.93564,Model Text Impact [e](Clone),0.3393736
29.9467,Model Text Impact [e](Clone),0.3281937
29.9578,Model Text Impact [e](Clone),0.3180419
29.96884,Model Text Impact [e](Clone),0.3050359
29.98013,Model Text Impact [e](Clone),0.2926549
29.99117,Model Text Impact [e](Clone),0.283451
30.00224,Model Text Impact [e](Clone),0.2723295
30.01343,Model Text Impact [e](Clone),0.2674618
30.02439,Model Text Impact [e](Clone),0.2489107
30.03601,Model Text Impact [e](Clone),0.2298762
30.04672,Model Text Impact [e](Clone),0.2077046
30.05762,Model Text Impact [e](Clone),0.1863489
30.06893,Model Text Impact [e](Clone),0.1590941
30.0801,Model Text Impact [e](Clone),0.1387349
30.09103,Model Text Impact [e](Clone),0.1133767
30.10213,Model Text Impact [e](Clone),0.09276669
30.11377,Model Text Impact [e](Clone),0.06807489
30.12448,Model Text Impact [e](Clone),0.05556596
30.13548,Model Text Impact [e](Clone),0.05058257
30.14673,Model Text Impact [e](Clone),0.04857175
30.15782,Model Text Impact [e](Clone),0.05329104
30.16899,Model Text Impact [t](Clone),0.07015018
30.17988,Model Text Impact [t](Clone),0.08683617
30.19113,Model Text Impact [e](Clone),0.09982628
30.20243,Model Text Impact [e](Clone),0.1163272
30.21366,Model Text Impact [e](Clone),0.1335471
30.22441,Model Text Impact [e](Clone),0.1459785
30.23564,Model Text Impact [e](Clone),0.1563494
30.24659,Model Text Impact [t](Clone),0.171862
30.25765,Model Text Impact [e](Clone),0.1756451
30.26892,Model Text Impact [e](Clone),0.1892219
30.27987,Model Text Impact [e](Clone),0.203975
30.29123,Model Text Impact [e](Clone),0.2112573
30.30254,Model Text Impact [e](Clone),0.2246465
30.31362,Model Text Impact [e](Clone),0.2346092
30.32467,Model Text Impact [e](Clone),0.242754
30.33575,Model Text Impact [e](Clone),0.2514736
30.34693,Model Text Impact [e](Clone),0.2497018
30.358,Model Text Impact [e](Clone),0.2527569
30.36914,Model Text Impact [e](Clone),0.2534867
30.38005,Model Text Impact [e](Clone),0.2472052
30.39121,Model Text Impact [e](Clone),0.2493331
30.40214,Model Text Impact [e](Clone),0.246674
30.41353,Model Text Impact [e](Clone),0.2436954
30.42445,Model Text Impact [e](Clone),0.2372341
30.43659,Model Text Impact [e](Clone),0.230321
30.44662,Model Text Impact [e](Clone),0.2219429
30.4577,Model Text Impact [e](Clone),0.2102239
30.46866,Model Text Impact [e](Clone),0.1986781
30.4798,Model Text Impact [e](Clone),0.186369
30.4908,Model Text Impact [e](Clone),0.1755155
30.50191,Model Text Impact [e](Clone),0.1589159
30.51311,Model Text Impact [e](Clone),0.1462941
30.52411,Model Text Impact [e](Clone),0.1321595
30.53523,Model Text Impact [e](Clone),0.1219623
30.54629,Model Text Impact [e](Clone),0.1070188
30.55745,Model Text Impact [e](Clone),0.09762903
30.5685,Model Text Impact [e](Clone),0.08568287
30.57961,Model Text Impact [e](Clone),0.07306875
30.59097,Model Text Impact [e](Clone),0.06740616
30.60202,Model Text Impact [e](Clone),0.05881029
30.61303,Model Text Impact [e](Clone),0.05439076
30.62402,Model Text Impact [e](Clone),0.04818146
30.63557,Model Text Impact [e](Clone),0.04427086
30.6464,Model Text Impact [e](Clone),0.04020447
30.65782,Model Text Impact [e](Clone),0.03749677
30.66843,Model Text Impact [e](Clone),0.04103519
30.67977,Model Text Impact [e](Clone),0.04660003
30.69087,Model Text Impact [e](Clone),0.04445412
30.70212,Model Text Impact [e](Clone),0.05432786
30.71315,Model Text Impact [e](Clone),0.05827323
30.72417,Model Text Impact [e](Clone),0.06676519
30.73515,Model Text Impact [e](Clone),0.07368168
30.7463,Model Text Impact [e](Clone),0.07941262
30.75746,Model Text Impact [e](Clone),0.09025058
30.76845,Model Text Impact [e](Clone),0.1017772
30.77958,Model Text Impact [e](Clone),0.1116459
30.79062,Model Text Impact [e](Clone),0.1383549
30.80242,Model Text Impact [e](Clone),0.1532097
30.81293,Model Text Impact [e](Clone),0.1911665
30.8242,Model Text Impact [e](Clone),0.2275101
30.83558,Model Text Impact [e](Clone),0.2720536
30.84651,Model Text Impact [e](Clone),0.3198563
30.85787,Model Text Impact [e](Clone),0.3677953
30.86876,Model Text Impact [e](Clone),0.4146677
30.87996,Model Text Impact [e](Clone),0.4848691
30.89098,Model Text Impact [t](Clone),0.5606385
30.90207,Model Text Impact [s](Clone),0.6365322
30.91392,Model Text Impact [s](Clone),0.7332422
30.92446,Model Text Impact [u](Clone),0.8134084
30.93541,Model Text Impact [D](Clone),0.9102466
30.94641,Model Text Impact [D](Clone),0.996572
30.95788,Model Text Impact [p](Clone),1.091353
30.96884,Model Text Impact [p](Clone),1.162526
30.97983,Model Text Impact [o](Clone),1.239796
30.99094,Model Text Impact [o](Clone),1.300003
31.00214,Nullreference,1.36793
31.01324,Nullreference,1.423933
31.0243,Nullreference,1.479259
31.03551,Nullreference,1.538995
31.04662,Nullreference,1.587375
31.05795,Nullreference,1.63432
31.06882,Nullreference,1.666545
31.0807,Nullreference,1.689603
31.09113,Nullreference,1.715768
31.10205,Nullreference,1.722817
31.11298,Nullreference,1.739713
31.12412,Nullreference,1.750506
31.13521,Nullreference,1.767216
31.14625,Nullreference,1.775594
31.15757,Nullreference,1.783528
31.1685,Nullreference,1.784088
31.17967,Nullreference,1.781623
31.19073,Nullreference,1.766339
31.20193,Nullreference,1.742758
31.21311,Nullreference,1.713708
31.22395,Nullreference,1.673879
31.2372,Nullreference,1.636901
31.24653,Nullreference,1.590295
31.25584,Nullreference,1.55388
31.26677,Nullreference,1.511622
31.278,Nullreference,1.482187
31.28898,Nullreference,1.439602
31.30008,Nullreference,1.408025
31.31205,Nullreference,1.366698
31.32218,Nullreference,1.322069
31.33314,Nullreference,1.284561
31.34417,Nullreference,1.248728
31.35522,Nullreference,1.211828
31.36629,Nullreference,1.165639
31.37766,Nullreference,1.118368
31.38856,Nullreference,1.060413
31.39957,Nullreference,1.009225
31.41062,Nullreference,0.9647401
31.4218,Nullreference,0.9079754
31.43281,Nullreference,0.8623583
31.44383,Nullreference,0.7996615
31.45498,Nullreference,0.7450682
31.46632,Nullreference,0.685077
31.47728,Nullreference,0.6338335
31.48827,Nullreference,0.594454
31.49937,Nullreference,0.5540425
31.51069,Nullreference,0.5094154
31.52169,Nullreference,0.4759024
31.53308,Nullreference,0.4389059
31.54404,Nullreference,0.4130848
31.55489,Nullreference,0.3927995
31.56598,Nullreference,0.3786331
31.57724,Nullreference,0.3722407
31.5883,Nullreference,0.3667135
31.59938,Nullreference,0.3632005
31.61083,Nullreference,0.3669437
31.62197,Nullreference,0.3788082
31.63324,Nullreference,0.3833721
31.64445,Nullreference,0.3981585
31.65564,Nullreference,0.4133442
31.66717,Nullreference,0.4232805
31.67797,Nullreference,0.4336988
31.68941,Nullreference,0.4403476
31.70062,Nullreference,0.4578868
31.71211,Nullreference,0.4623629
31.72311,Nullreference,0.4438806
31.73448,Nullreference,0.4353867
31.74583,Nullreference,0.4196211
31.75684,Nullreference,0.4038291
31.76789,Nullreference,0.3905933
31.77903,Nullreference,0.3792995
31.79045,Nullreference,0.3622939
31.80122,Nullreference,0.3477638
31.81246,Nullreference,0.3282724
31.82346,Nullreference,0.3084931
31.83475,Nullreference,0.2830188
31.84563,Nullreference,0.2617376
31.85686,Nullreference,0.2443922
31.86788,Nullreference,0.2327435
31.87987,Nullreference,0.2205208
31.89006,Nullreference,0.2165219
31.90127,Nullreference,0.2093252
31.91293,Nullreference,0.1933109
31.92342,Nullreference,0.1685742
31.93454,Nullreference,0.1383216
31.94556,Nullreference,0.1185306
31.95695,Nullreference,0.09874842
31.96782,Nullreference,0.08233938
31.97902,Nullreference,0.07020721
31.99022,Nullreference,0.06630076
32.00121,Nullreference,0.07050024
32.01231,Nullreference,0.07318768
32.02369,Nullreference,0.0805837
32.03457,Nullreference,0.08638088
32.04568,Nullreference,0.1023756
32.05677,Nullreference,0.1207012
32.06804,Nullreference,0.1347737
32.07922,Nullreference,0.1427477
32.09026,Nullreference,0.1494603
32.1012,Nullreference,0.161146
32.11238,Nullreference,0.1649731
32.12325,Nullreference,0.1690533
32.13451,Nullreference,0.1729655
32.14553,Nullreference,0.1699372
32.15683,Nullreference,0.15781
32.16797,Nullreference,0.1383256
32.17882,Nullreference,0.1139421
32.19001,Nullreference,0.09971126
32.20112,Nullreference,0.07745097
32.21307,Nullreference,0.05785947
32.22321,Nullreference,0.05309052
32.23437,Nullreference,0.04825782
32.24553,Nullreference,0.05695672
32.25669,Nullreference,0.07096415
32.2678,Nullreference,0.08903635
32.27891,Nullreference,0.1093712
32.29007,Nullreference,0.1297916
32.30118,Nullreference,0.1463425
32.31231,Nullreference,0.1578862
32.32322,Nullreference,0.1691204
32.33437,Nullreference,0.1796213
32.3455,Nullreference,0.1970162
32.35651,Nullreference,0.2243211
32.36793,Nullreference,0.2474454
32.37903,Nullreference,0.2720689
32.38987,Nullreference,0.3018156
32.40092,Nullreference,0.3277251
32.4122,Nullreference,0.3584621
32.42391,Nullreference,0.3789956
32.43477,Model Text Impact [u](Clone),0.4108686
32.44585,Model Text Impact [u](Clone),0.4309826
32.4566,Model Text Impact [u](Clone),0.4535508
32.4676,Model Text Impact [D](Clone),0.4721371
32.47906,Model Text Impact [D](Clone),0.4897167
32.48996,Model Text Impact [D](Clone),0.5076479
32.50172,Model Text Impact [u](Clone),0.522065
32.51206,Model Text Impact [u](Clone),0.5347248
32.52316,Model Text Impact [u](Clone),0.5416222
32.53431,Model Text Impact [u](Clone),0.5461944
32.54543,Model Text Impact [u](Clone),0.5498473
32.55641,Model Text Impact [u](Clone),0.5531352
32.56748,Model Text Impact [u](Clone),0.56234
32.57877,Model Text Impact [u](Clone),0.5707175
32.58986,Model Text Impact [u](Clone),0.5830805
32.60083,Model Text Impact [u](Clone),0.5953732
32.61187,Model Text Impact [u](Clone),0.6190904
32.62307,Model Text Impact [u](Clone),0.6386522
32.63413,Model Text Impact [u](Clone),0.6587893
32.64541,Nullreference,0.6793325
32.65624,Nullreference,0.7043056
32.6674,Nullreference,0.741609
32.67867,Model Text Impact [s](Clone),0.7767546
32.69005,Nullreference,0.8284945
32.70083,Nullreference,0.8742796
32.71186,Nullreference,0.9082432
32.72295,Nullreference,0.954143
32.73433,Model Text Impact [u](Clone),1.006369
32.74506,Nullreference,1.076338
32.75642,Nullreference,1.151901
32.76735,Model Text Impact [p](Clone),1.218412
32.77845,Nullreference,1.284451
32.78955,Nullreference,1.352539
32.80069,Nullreference,1.39757
32.81203,Nullreference,1.43442
32.82292,Nullreference,1.457063
32.83393,Nullreference,1.489482
32.84514,Nullreference,1.522378
32.85692,Nullreference,1.548787
32.8676,Nullreference,1.575086
32.87857,Nullreference,1.589766
32.88935,Nullreference,1.593249
32.9005,Nullreference,1.598067
32.91162,Nullreference,1.59771
32.92304,Nullreference,1.585302
32.93363,Nullreference,1.572363
32.94489,Nullreference,1.561279
32.95587,Nullreference,1.544119
32.96692,Nullreference,1.530672
32.978,Nullreference,1.511571
32.98904,Nullreference,1.491042
33.00011,Nullreference,1.466975
33.01154,Nullreference,1.448101
33.02238,Nullreference,1.435122
33.0334,Nullreference,1.413307
33.04465,Nullreference,1.392056
33.05551,Nullreference,1.382864
33.06671,Nullreference,1.367283
33.07793,Nullreference,1.355655
33.08884,Nullreference,1.348696
33.09998,Nullreference,1.339516
33.11108,Nullreference,1.328925
33.12206,Nullreference,1.315818
33.13322,Nullreference,1.30326
33.14431,Nullreference,1.292385
33.15544,Nullreference,1.280527
33.16642,Nullreference,1.269442
33.17756,Nullreference,1.258046
33.18865,Nullreference,1.24312
33.19983,Nullreference,1.232755
33.21097,Nullreference,1.23075
33.2222,Nullreference,1.216086
33.23305,Nullreference,1.200611
33.24419,Nullreference,1.174207
33.25529,Nullreference,1.15646
33.26636,Nullreference,1.139983
33.27747,Nullreference,1.117259
33.28899,Nullreference,1.092117
33.29953,Nullreference,1.067599
33.31086,Nullreference,1.038197
33.32185,Nullreference,1.012481
33.33298,Nullreference,0.9822841
33.34415,Nullreference,0.9537594
33.35511,Nullreference,0.9247133
33.36617,Nullreference,0.8938867
33.37722,Nullreference,0.8686694
33.38837,Nullreference,0.8392831
33.3995,Nullreference,0.8145165
33.41065,Nullreference,0.7700731
33.42172,Nullreference,0.7316158
33.43283,Nullreference,0.6925637
33.44395,Nullreference,0.6336204
33.45496,Model Text Impact [o](Clone),0.5906879
33.46616,Model Text Impact [o](Clone),0.5362158
33.4772,Model Text Impact [o](Clone),0.4822176
33.48831,Model Text Impact [p](Clone),0.4315985
33.49939,Model Text Impact [p](Clone),0.3858275
33.51047,Model Text Impact [p](Clone),0.3374037
33.52174,Model Text Impact [p](Clone),0.3005899
33.53278,Model Text Impact [p](Clone),0.254905
33.5438,Model Text Impact [p](Clone),0.2219653
33.55499,Model Text Impact [p](Clone),0.1843848
33.56608,Model Text Impact [p](Clone),0.1480765
33.57716,Model Text Impact [p](Clone),0.1243518
33.58825,Model Text Impact [p](Clone),0.1044489
33.59938,Model Text Impact [p](Clone),0.0997842
33.61061,Model Text Impact [p](Clone),0.122143
33.62162,Model Text Impact [p](Clone),0.1685355
33.63274,Nullreference,0.2154599
33.64384,Nullreference,0.2752273
33.6549,Nullreference,0.3369871
33.66626,Nullreference,0.3855276
33.67715,Nullreference,0.4466455
33.68824,Nullreference,0.512134
33.69936,Nullreference,0.5885021
33.71046,Nullreference,0.6555264
33.72167,Nullreference,0.7474661
33.73261,Nullreference,0.832626
33.74379,Nullreference,0.8804514
33.75491,Nullreference,0.9035214
33.76609,Nullreference,0.9184479
33.7772,Nullreference,0.9332899
33.78825,Nullreference,0.9512278
33.79933,Nullreference,0.98544
33.81056,Nullreference,1.030543
33.82163,Nullreference,1.055788
33.83271,Nullreference,1.057542
33.84405,Nullreference,1.03992
33.85499,Nullreference,1.015444
33.86601,Nullreference,0.9886154
33.87722,Nullreference,0.9653335
33.88838,Nullreference,0.9342872
33.89944,Nullreference,0.9064621
33.91064,Nullreference,0.8826509
33.92172,Nullreference,0.8535034
33.93286,Nullreference,0.8165219
33.9439,Nullreference,0.7757822
33.95497,Nullreference,0.7388164
33.96611,Nullreference,0.686
33.97722,Nullreference,0.6402461
33.98827,Nullreference,0.5924156
33.99941,Nullreference,0.5574256
34.01046,Nullreference,0.5286793
34.02175,Nullreference,0.4948732
34.03271,Nullreference,0.483088
34.04393,Nullreference,0.4794772
34.05498,Nullreference,0.4826932
34.066,Nullreference,0.503682
34.07716,Nullreference,0.5340526
34.08854,Nullreference,0.5813178
34.09951,Nullreference,0.6254696
34.11045,Nullreference,0.705247
34.12174,Nullreference,0.8133007
34.13267,Nullreference,0.9188648
34.14394,Nullreference,1.083189
34.15498,Nullreference,1.251732
34.1661,Nullreference,1.481693
34.17744,Nullreference,1.677104
34.18847,Nullreference,1.909964
34.19962,Nullreference,2.074215
34.21069,Nullreference,2.295334
34.22212,Nullreference,2.536372
34.23341,Nullreference,2.70811
34.24424,Nullreference,2.896773
34.25618,Nullreference,3.051167
34.2665,Nullreference,3.217226
34.27758,Nullreference,3.356488
34.28892,Nullreference,3.499966
34.30004,Nullreference,3.61749
34.31108,Nullreference,3.722619
34.32231,Nullreference,3.836431
34.33377,Nullreference,3.92201
34.34446,Nullreference,4.022719
34.35553,Nullreference,4.096964
34.36662,Nullreference,4.153579
34.37864,Nullreference,4.189261
34.38903,Nullreference,4.186975
34.40016,Nullreference,4.171566
34.41138,Nullreference,4.146485
34.42241,Nullreference,4.121016
34.43401,Nullreference,4.09786
34.44519,Nullreference,4.055886
34.45645,Nullreference,4.012992
34.46766,Nullreference,3.954004
34.47888,Nullreference,3.87867
34.49059,Nullreference,3.803537
34.50128,Nullreference,3.705282
34.51117,Nullreference,3.622918
34.52253,Nullreference,3.512253
34.5336,Nullreference,3.421331
34.54463,Nullreference,3.313391
34.55582,Nullreference,3.194771
34.56693,Model Text Impact [r](Clone),3.08689
34.57815,Model Text Impact [r](Clone),2.956916
34.58933,Model Text Impact [r](Clone),2.843095
34.60022,Model Text Impact [r](Clone),2.708007
34.61119,Model Text Impact [r](Clone),2.592073
34.62249,Model Text Impact [e](Clone),2.455633
34.63313,Model Text Impact [e](Clone),2.316956
34.64442,Model Text Impact [e](Clone),2.20069
34.65549,Model Text Impact [e](Clone),2.067157
34.66666,Model Text Impact [e](Clone),1.956113
34.67778,Model Text Impact [e](Clone),1.827359
34.68903,Model Text Impact [e](Clone),1.69235
34.70023,Model Text Impact [t](Clone),1.569127
34.71112,Model Text Impact [t](Clone),1.465677
34.72222,Model Text Impact [t](Clone),1.346746
34.73316,Model Text Impact [t](Clone),1.25141
34.74491,Model Text Impact [t](Clone),1.145965
34.75539,Model Text Impact [t](Clone),1.048998
34.76645,Model Text Impact [t](Clone),0.9750747
34.77755,Model Text Impact [t](Clone),0.8948011
34.7887,Model Text Impact [t](Clone),0.8230458
34.79986,Model Text Impact [t](Clone),0.7614345
34.81098,Model Text Impact [t](Clone),0.6900543
34.82195,Model Text Impact [t](Clone),0.6434913
34.833,Model Text Impact [t](Clone),0.5887752
34.8441,Model Text Impact [t](Clone),0.5499207
34.85538,Model Text Impact [t](Clone),0.5165831
34.8666,Model Text Impact [t](Clone),0.4912534
34.8777,Model Text Impact [t](Clone),0.4609339
34.88898,Model Text Impact [t](Clone),0.4419313
34.89991,Model Text Impact [t](Clone),0.4117818
34.91095,Model Text Impact [t](Clone),0.3804074
34.92207,Model Text Impact [t](Clone),0.3463338
34.93354,Model Text Impact [t](Clone),0.3087837
34.94429,Model Text Impact [s](Clone),0.2808197
34.95565,Model Text Impact [s](Clone),0.2470476
34.9665,Model Text Impact [s](Clone),0.2177129
34.97754,Model Text Impact [s](Clone),0.188193
34.98856,Model Text Impact [s](Clone),0.1651264
34.99975,Model Text Impact [s](Clone),0.1413349
35.01091,Model Text Impact [s](Clone),0.1324002
35.02217,Model Text Impact [s](Clone),0.1216729
35.03312,Model Text Impact [s](Clone),0.1226074
35.04446,Model Text Impact [s](Clone),0.1155515
35.05552,Model Text Impact [s](Clone),0.1117379
35.06641,Model Text Impact [s](Clone),0.1014227
35.07773,Model Text Impact [s](Clone),0.09509932
35.08886,Model Text Impact [s](Clone),0.08387069
35.09966,Model Text Impact [s](Clone),0.07819691
35.11082,Model Text Impact [s](Clone),0.07689714
35.12203,Model Text Impact [s](Clone),0.07410628
35.13318,Model Text Impact [s](Clone),0.07920683
35.1446,Model Text Impact [s](Clone),0.07424174
35.15585,Model Text Impact [s](Clone),0.08856595
35.16684,Model Text Impact [s](Clone),0.09115192
35.17794,Model Text Impact [s](Clone),0.1007631
35.18942,Model Text Impact [s](Clone),0.108502
35.2002,Model Text Impact [s](Clone),0.1067339
35.21128,Model Text Impact [s](Clone),0.1074397
35.22248,Model Text Impact [s](Clone),0.1014554
35.23373,Model Text Impact [s](Clone),0.1068425
35.24514,Model Text Impact [s](Clone),0.1074115
35.25576,Model Text Impact [s](Clone),0.1129799
35.26731,Model Text Impact [s](Clone),0.1251102
35.27787,Model Text Impact [s](Clone),0.1301517
35.28902,Model Text Impact [s](Clone),0.1356478
35.30002,Model Text Impact [s](Clone),0.1451092
35.3117,Model Text Impact [s](Clone),0.1489389
35.32236,Model Text Impact [s](Clone),0.1635174
35.3334,Model Text Impact [s](Clone),0.1764026
35.3445,Model Text Impact [s](Clone),0.1983507
35.35553,Model Text Impact [s](Clone),0.2227183
35.36697,Model Text Impact [s](Clone),0.261158
35.37788,Model Text Impact [s](Clone),0.3037693
35.38885,Model Text Impact [s](Clone),0.3619759
35.39995,Model Text Impact [s](Clone),0.4320739
35.41121,Model Text Impact [s](Clone),0.487492
35.42284,Model Text Impact [s](Clone),0.5612677
35.43345,Model Text Impact [s](Clone),0.6300333
35.44458,Model Text Impact [u](Clone),0.7074149
35.45543,Model Text Impact [u](Clone),0.7717889
35.46668,Model Text Impact [u](Clone),0.8359029
35.47788,Model Text Impact [u](Clone),0.9099913
35.48865,Model Text Impact [s](Clone),0.9637854
35.49987,Nullreference,1.045439
35.51168,Nullreference,1.116702
35.5222,Nullreference,1.209695
35.53318,Nullreference,1.285917
35.54443,Nullreference,1.378338
35.55546,Nullreference,1.463059
35.56701,Nullreference,1.527614
35.57744,Nullreference,1.592998
35.58872,Nullreference,1.655199
35.59993,Nullreference,1.701532
35.6108,Nullreference,1.745561
35.6219,Nullreference,1.780761
35.63306,Nullreference,1.818844
35.64406,Nullreference,1.841147
35.65508,Nullreference,1.856738
35.66652,Nullreference,1.857497
35.67744,Nullreference,1.847739
35.68843,Nullreference,1.816917
35.69935,Nullreference,1.782215
35.71051,Nullreference,1.738627
35.72156,Nullreference,1.685404
35.73259,Nullreference,1.641458
35.74374,Nullreference,1.58467
35.75496,Nullreference,1.538546
35.76578,Nullreference,1.478438
35.77697,Nullreference,1.422969
35.78813,Nullreference,1.352901
35.79907,Nullreference,1.310449
35.81042,Nullreference,1.249838
35.8215,Nullreference,1.206437
35.83241,Nullreference,1.163366
35.8438,Nullreference,1.126149
35.85472,Nullreference,1.091829
35.86637,Nullreference,1.055882
35.87688,Nullreference,1.016678
35.88848,Nullreference,0.9889702
35.89938,Nullreference,0.9544997
35.9104,Nullreference,0.9392149
35.92172,Nullreference,0.9321318
35.93299,Nullreference,0.9479475
35.94412,Nullreference,0.9510761
35.95479,Nullreference,0.9552025
35.96593,Nullreference,0.9336342
35.977,Nullreference,0.9093189
35.98875,Nullreference,0.8726055
35.99918,Nullreference,0.8372005
36.01029,Nullreference,0.7801532
36.02161,Nullreference,0.7377089
36.03253,Nullreference,0.7026084
36.04364,Nullreference,0.6677513
36.05482,Nullreference,0.6311359
36.06592,Nullreference,0.5848498
36.07706,Nullreference,0.5387709
36.0882,Nullreference,0.493424
36.09919,Nullreference,0.4411334
36.11025,Nullreference,0.4121585
36.12161,Nullreference,0.3828838
36.13251,Nullreference,0.3631522
36.14376,Nullreference,0.339623
36.15488,Nullreference,0.3261011
36.16581,Nullreference,0.3082762
36.17811,Nullreference,0.2886008
36.18798,Nullreference,0.269958
36.19921,Nullreference,0.2506457
36.21033,Nullreference,0.2240564
36.22162,Nullreference,0.2091512
36.23251,Nullreference,0.190378
36.24347,Nullreference,0.1856949
36.25472,Nullreference,0.1914197
36.2658,Nullreference,0.2084492
36.27705,Nullreference,0.2362594
36.28804,Nullreference,0.2851089
36.29906,Nullreference,0.3379395
36.31075,Nullreference,0.4136584
36.32162,Nullreference,0.4899298
36.3324,Nullreference,0.5740485
36.34377,Nullreference,0.6663036
36.35523,Nullreference,0.7258351
36.36567,Nullreference,0.7900426
36.37702,Nullreference,0.83619
36.38818,Nullreference,0.8943338
36.39902,Nullreference,0.9482659
36.41008,Model Text Impact [s](Clone),1.004782
36.4215,Model Text Impact [t](Clone),1.052788
36.43235,Model Text Impact [t](Clone),1.08351
36.44385,Model Text Impact [t](Clone),1.116321
36.45457,Model Text Impact [t](Clone),1.142754
36.46577,Nullreference,1.156014
36.47698,Nullreference,1.15509
36.48789,Nullreference,1.150153
36.49895,Nullreference,1.135969
36.51016,Nullreference,1.127671
36.52142,Nullreference,1.11373
36.53234,Nullreference,1.098736
36.54345,Nullreference,1.093063
36.55451,Nullreference,1.090159
36.56553,Nullreference,1.081823
36.57671,Nullreference,1.072978
36.58789,Nullreference,1.069408
36.5989,Nullreference,1.074004
36.60997,Nullreference,1.078765
36.62112,Nullreference,1.077822
36.63209,Nullreference,1.086358
36.64325,Model Text Impact [s](Clone),1.100821
36.65447,Model Text Impact [s](Clone),1.114627
36.66552,Model Text Impact [s](Clone),1.122927
36.67673,Model Text Impact [s](Clone),1.122155
36.68773,Model Text Impact [s](Clone),1.117824
36.69888,Model Text Impact [s](Clone),1.108096
36.70984,Model Text Impact [s](Clone),1.095695
36.72113,Model Text Impact [s](Clone),1.067255
36.73204,Model Text Impact [s](Clone),1.02139
36.74316,Model Text Impact [s](Clone),0.9729592
36.75429,Model Text Impact [s](Clone),0.8900858
36.76549,Model Text Impact [s](Clone),0.8041227
36.77651,Model Text Impact [s](Clone),0.6983775
36.78774,Nullreference,0.5923302
36.79872,Nullreference,0.4660319
36.80991,Nullreference,0.3440922
36.82109,Nullreference,0.2512478
36.83202,Nullreference,0.1792373
36.84354,Nullreference,0.1595111
36.85425,Nullreference,0.1850444
36.86546,Nullreference,0.2230107
36.87651,Nullreference,0.2669369
36.88755,Nullreference,0.3011517
36.89872,Nullreference,0.3177498
36.90971,Nullreference,0.3275765
36.92115,Nullreference,0.3344225
36.93203,Nullreference,0.3381126
36.94312,Nullreference,0.3519891
36.95461,Nullreference,0.3666763
36.96532,Nullreference,0.3899798
36.97648,Nullreference,0.4209394
36.98772,Nullreference,0.4619743
36.99874,Nullreference,0.5182551
37.0098,Nullreference,0.5802783
37.02112,Nullreference,0.66505
37.03213,Nullreference,0.7479237
37.04319,Nullreference,0.8570151
37.05438,Nullreference,0.9921555
37.06553,Nullreference,1.111362
37.0765,Nullreference,1.256846
37.0877,Nullreference,1.412061
37.09888,Nullreference,1.527602
37.11001,Nullreference,1.659675
37.12104,Nullreference,1.75847
37.13204,Nullreference,1.862146
37.14325,Nullreference,1.947493
37.15432,Nullreference,1.997973
37.16538,Nullreference,2.066281
37.17648,Nullreference,2.131839
37.18777,Nullreference,2.189822
37.19881,Nullreference,2.242123
37.20989,Nullreference,2.272655
37.2215,Nullreference,2.282794
37.23233,Nullreference,2.287476
37.24347,Nullreference,2.284954
37.25459,Nullreference,2.289218
37.26574,Nullreference,2.280742
37.27696,Nullreference,2.262987
37.28812,Nullreference,2.228385
37.29906,Nullreference,2.168169
37.31031,Nullreference,2.100849
37.3215,Nullreference,2.006454
37.33247,Nullreference,1.926805
37.34377,Nullreference,1.855905
37.35473,Nullreference,1.793046
37.36687,Nullreference,1.744328
37.37694,Nullreference,1.675296
37.38767,Nullreference,1.593656
37.39894,Nullreference,1.48996
37.41,Nullreference,1.386364
37.42118,Nullreference,1.292979
37.43212,Nullreference,1.199419
37.4436,Nullreference,1.126637
37.45485,Nullreference,1.052529
37.46571,Nullreference,0.9900536
37.4768,Nullreference,0.9251568
37.48778,Nullreference,0.8539401
37.49913,Nullreference,0.7899151
37.51007,Nullreference,0.7199238
37.52112,Model Text Impact [u](Clone),0.6552639
37.53231,Model Text Impact [s](Clone),0.6112866
37.54328,Model Text Impact [s](Clone),0.5684743
37.55448,Model Text Impact [s](Clone),0.5287653
37.5656,Model Text Impact [s](Clone),0.4807222
37.57671,Model Text Impact [s](Clone),0.4344556
37.58796,Model Text Impact [s](Clone),0.3800952
37.5988,Model Text Impact [s](Clone),0.3162248
37.60992,Model Text Impact [s](Clone),0.2703581
37.62094,Model Text Impact [s](Clone),0.2186432
37.63219,Model Text Impact [s](Clone),0.1707845
37.64381,Model Text Impact [s](Clone),0.1257519
37.65445,Model Text Impact [s](Clone),0.09481605
37.66539,Model Text Impact [s](Clone),0.07315295
37.67691,Model Text Impact [s](Clone),0.06654109
37.68766,Model Text Impact [s](Clone),0.07353808
37.69888,Model Text Impact [s](Clone),0.09379147
37.71059,Model Text Impact [s](Clone),0.1157839
37.72116,Model Text Impact [s](Clone),0.1416912
37.73219,Model Text Impact [s](Clone),0.1654855
37.74332,Model Text Impact [s](Clone),0.200643
37.75457,Model Text Impact [s](Clone),0.2436575
37.76565,Model Text Impact [s](Clone),0.2762716
37.77677,Model Text Impact [s](Clone),0.3214914
37.78831,Model Text Impact [s](Clone),0.3567671
37.79897,Model Text Impact [s](Clone),0.3896438
37.80986,Model Text Impact [s](Clone),0.4099057
37.82119,Model Text Impact [s](Clone),0.4146075
37.83219,Model Text Impact [s](Clone),0.4009983
37.84332,Model Text Impact [s](Clone),0.3792109
37.8545,Model Text Impact [s](Clone),0.35808
37.8656,Model Text Impact [s](Clone),0.3396562
37.87694,Model Text Impact [s](Clone),0.3229125
37.88783,Model Text Impact [s](Clone),0.2965146
37.89883,Model Text Impact [s](Clone),0.2747059
37.90989,Model Text Impact [s](Clone),0.237058
37.92115,Model Text Impact [s](Clone),0.2008784
37.93202,Model Text Impact [s](Clone),0.1590508
37.94337,Model Text Impact [s](Clone),0.1182567
37.95446,Model Text Impact [s](Clone),0.09800193
37.96533,Model Text Impact [s](Clone),0.0799625
37.97657,Model Text Impact [s](Clone),0.06953122
37.98783,Model Text Impact [s](Clone),0.05777438
37.99881,Model Text Impact [s](Clone),0.05196919
38.00994,Model Text Impact [s](Clone),0.03250618
38.02095,Model Text Impact [s](Clone),0.03175577
38.03215,Model Text Impact [s](Clone),0.03679288
38.04307,Model Text Impact [s](Clone),0.04506437
38.05426,Model Text Impact [s](Clone),0.0680877
38.06524,Model Text Impact [s](Clone),0.08963017
38.07656,Model Text Impact [s](Clone),0.1153115
38.08774,Model Text Impact [s](Clone),0.1478735
38.09883,Model Text Impact [s](Clone),0.1791517
38.11012,Model Text Impact [s](Clone),0.1978313
38.12123,Model Text Impact [s](Clone),0.2084167
38.13223,Model Text Impact [s](Clone),0.2038267
38.14334,Model Text Impact [s](Clone),0.1838814
38.15422,Model Text Impact [s](Clone),0.1686984
38.16565,Model Text Impact [s](Clone),0.1532761
38.17644,Model Text Impact [s](Clone),0.1499971
38.18763,Model Text Impact [s](Clone),0.1538905
38.19899,Model Text Impact [s](Clone),0.1644478
38.20988,Model Text Impact [s](Clone),0.1703804
38.22087,Model Text Impact [s](Clone),0.1796786
38.23204,Model Text Impact [s](Clone),0.1887246
38.24306,Model Text Impact [s](Clone),0.1931547
38.25431,Model Text Impact [s](Clone),0.1959591
38.26546,Model Text Impact [s](Clone),0.1945231
38.27657,Model Text Impact [s](Clone),0.1887527
38.28742,Model Text Impact [s](Clone),0.1837333
38.29856,Model Text Impact [s](Clone),0.1669602
38.30963,Model Text Impact [s](Clone),0.1449165
38.32098,Model Text Impact [s](Clone),0.1287566
38.33187,Model Text Impact [s](Clone),0.1124391
38.34312,Model Text Impact [s](Clone),0.109315
38.35424,Model Text Impact [s](Clone),0.09651461
38.36544,Model Text Impact [s](Clone),0.08280913
38.37638,Model Text Impact [s](Clone),0.06999726
38.38888,Model Text Impact [s](Clone),0.05691447
38.3986,Model Text Impact [s](Clone),0.05545987
38.40862,Model Text Impact [s](Clone),0.05286928
38.41963,Model Text Impact [s](Clone),0.05252757
38.43094,Model Text Impact [s](Clone),0.05243774
38.44205,Model Text Impact [s](Clone),0.06558686
38.45309,Model Text Impact [s](Clone),0.07552797
38.46415,Model Text Impact [s](Clone),0.09317206
38.47535,Model Text Impact [s](Clone),0.1035132
38.48637,Model Text Impact [s](Clone),0.1166217
38.49754,Model Text Impact [s](Clone),0.1263939
38.50883,Model Text Impact [s](Clone),0.133657
38.5202,Model Text Impact [s](Clone),0.1390221
38.53098,Model Text Impact [s](Clone),0.1410393
38.54202,Model Text Impact [s](Clone),0.139142
38.55313,Model Text Impact [s](Clone),0.1287599
38.56402,Model Text Impact [s](Clone),0.1240785
38.57539,Model Text Impact [s](Clone),0.1221182
38.58647,Model Text Impact [s](Clone),0.1178128
38.59791,Model Text Impact [s](Clone),0.1116371
38.6086,Model Text Impact [s](Clone),0.1179262
38.61998,Model Text Impact [s](Clone),0.1141279
38.63091,Model Text Impact [s](Clone),0.115196
38.64205,Model Text Impact [s](Clone),0.1117215
38.65318,Model Text Impact [s](Clone),0.1119993
38.66437,Model Text Impact [s](Clone),0.1168698
38.67531,Nullreference,0.1030559
38.68635,Model Text Impact [s](Clone),0.09706448
38.69765,Nullreference,0.0888891
38.70846,Nullreference,0.08257571
38.71974,Nullreference,0.07913263
38.73067,Nullreference,0.07701045
38.7418,Nullreference,0.07643757
38.75319,Nullreference,0.08366677
38.76424,Nullreference,0.07522807
38.77564,Nullreference,0.08437064
38.78682,Nullreference,0.09447058
38.79883,Nullreference,0.1029516
38.80919,Nullreference,0.1150795
38.82047,Nullreference,0.1244583
38.83156,Nullreference,0.1422724
38.84282,Nullreference,0.1626135
38.85384,Nullreference,0.1851877
38.86485,Nullreference,0.2040323
38.87619,Nullreference,0.2186904
38.88713,Nullreference,0.2354807
38.89828,Nullreference,0.2501647
38.90941,Nullreference,0.2584522
38.92054,Nullreference,0.2589624
38.93153,Nullreference,0.2579337
38.94291,Nullreference,0.2472215
38.95385,Nullreference,0.2274166
38.96493,Nullreference,0.1959025
38.97617,Nullreference,0.1737289
38.98802,Nullreference,0.1521748
38.99888,Nullreference,0.1318837
39.0092,Nullreference,0.1135331
39.02023,Nullreference,0.09427177
39.03138,Nullreference,0.07810575
39.04284,Nullreference,0.07362743
39.05361,Nullreference,0.07619934
39.06479,Nullreference,0.08330084
39.07573,Nullreference,0.08675749
39.08693,Nullreference,0.08593602
39.09819,Nullreference,0.08094615
39.10908,Nullreference,0.07656037
39.12052,Nullreference,0.0697533
39.13131,Nullreference,0.06842273
39.14244,Nullreference,0.07420117
39.15361,Nullreference,0.07293199
39.16472,Nullreference,0.08104804
39.17557,Nullreference,0.09048449
39.18689,Nullreference,0.09183186
39.19846,Nullreference,0.1034128
39.20918,Nullreference,0.09973034
39.22013,Nullreference,0.1073258
39.2322,Nullreference,0.1072142
39.24294,Nullreference,0.09943396
39.25383,Nullreference,0.09366042
39.26463,Nullreference,0.08579721
39.27578,Nullreference,0.07114661
39.28679,Nullreference,0.07008984
39.29797,Nullreference,0.06116042
39.30894,Nullreference,0.05514865
39.32082,Nullreference,0.0490726
39.33149,Nullreference,0.04611895
39.34242,Nullreference,0.04708518
39.35356,Nullreference,0.03858037
39.36458,Nullreference,0.03518325
39.37567,Nullreference,0.03173265
39.38705,Nullreference,0.02441248
39.39826,Nullreference,0.02148194
39.40918,Nullreference,0.01644107
39.42021,Nullreference,0.01310106
39.4314,Nullreference,0.01196264
39.44242,Nullreference,0.01137526
39.45355,Nullreference,0.01867614
39.4646,Nullreference,0.02529828
39.47588,Nullreference,0.03423673
39.4868,Nullreference,0.03740643
39.49783,Nullreference,0.04362859
39.5092,Nullreference,0.05032476
39.52024,Nullreference,0.05515585
39.53159,Nullreference,0.05688467
39.54239,Nullreference,0.05570835
39.55341,Nullreference,0.05604809
39.56464,Nullreference,0.04975738
39.57576,Nullreference,0.04682577
39.58667,Nullreference,0.04175364
39.59797,Nullreference,0.04322542
39.60897,Nullreference,0.04708658
39.62039,Nullreference,0.04565666
39.63166,Nullreference,0.03368801
39.64246,Nullreference,0.03122251
39.65359,Nullreference,0.02918065
39.66467,Nullreference,0.02043148
39.67589,Nullreference,0.01633424
39.68705,Nullreference,0.007691155
39.6982,Nullreference,0.005239098
39.70958,Nullreference,0.008505164
39.72083,Nullreference,0.009648594
39.73145,Nullreference,0.005146453
39.74246,Nullreference,0.006150443
39.75349,Nullreference,0.009341164
39.76454,Nullreference,0.005899495
39.77573,Nullreference,0.004885889
39.78703,Nullreference,0.009926685
39.79804,Nullreference,0.01231373
39.80909,Nullreference,0.01983484
39.82023,Nullreference,0.02175858
39.83202,Nullreference,0.03094385
39.84241,Nullreference,0.03616806
39.85384,Nullreference,0.03962113
39.86499,Nullreference,0.04471527
39.87584,Nullreference,0.0436199
39.88683,Nullreference,0.04566772
39.89809,Nullreference,0.04843066
39.90938,Nullreference,0.04718709
39.92016,Nullreference,0.04488894
39.93164,Nullreference,0.04630697
39.94237,Nullreference,0.0473676
39.95353,Nullreference,0.05233364
39.96465,Nullreference,0.05252507
39.97583,Nullreference,0.05325086
39.98735,Nullreference,0.05425073
39.99802,Nullreference,0.05543528
40.00903,Nullreference,0.05353725
40.02013,Nullreference,0.05190559
40.03266,Nullreference,0.05468808
40.04239,Nullreference,0.05476328
40.05328,Nullreference,0.05103727
40.06367,Nullreference,0.05330325
40.0747,Nullreference,0.05345802
40.08588,Nullreference,0.05567804
40.09708,Nullreference,0.05284268
40.10817,Nullreference,0.05061768
40.11938,Nullreference,0.05014572
40.13026,Nullreference,0.05445696
40.14173,Nullreference,0.06029494
40.15302,Nullreference,0.06283606
40.16405,Nullreference,0.06705406
40.17501,Nullreference,0.07227523
40.18605,Nullreference,0.06281394
40.19688,Nullreference,0.05551121
40.20789,Nullreference,0.04021565
40.21912,Nullreference,0.03637227
40.23028,Nullreference,0.03149815
40.24135,Nullreference,0.02779145
40.25246,Nullreference,0.02801575
40.26348,Nullreference,0.0365623
40.2748,Nullreference,0.04536344
40.28579,Nullreference,0.05200821
40.29685,Nullreference,0.0635874
40.30868,Nullreference,0.06739287
40.31916,Nullreference,0.07520397
40.33023,Nullreference,0.07531373
40.34167,Nullreference,0.07602592
40.35238,Nullreference,0.07857497
40.36363,Nullreference,0.06860803
40.37442,Nullreference,0.06206298
40.38562,Nullreference,0.05490693
40.39682,Nullreference,0.0450016
40.40821,Nullreference,0.0317944
40.41938,Nullreference,0.01745744
40.43055,Nullreference,0.007047482
40.44178,Nullreference,0.006247465
40.45309,Nullreference,0.01431675
40.46477,Nullreference,0.01897273
40.47524,Nullreference,0.02978105
40.48639,Nullreference,0.03675671
40.49752,Nullreference,0.03771426
40.50862,Nullreference,0.04047035
40.5202,Nullreference,0.03994898
40.53092,Nullreference,0.03885872
40.54196,Nullreference,0.03645659
40.55309,Nullreference,0.0336546
40.56407,Nullreference,0.03448482
40.57529,Nullreference,0.0281697
40.58648,Nullreference,0.0274865
40.59754,Nullreference,0.02988151
40.60895,Nullreference,0.02668707
40.61986,Nullreference,0.02597372
40.631,Nullreference,0.0354004
40.6419,Nullreference,0.04973194
40.65323,Nullreference,0.06583059
40.66407,Nullreference,0.08109117
40.67531,Nullreference,0.08827891
40.68613,Nullreference,0.09172425
40.6974,Nullreference,0.08489966
40.70839,Nullreference,0.07848292
40.71976,Nullreference,0.06715454
40.73046,Nullreference,0.05550969
40.74174,Nullreference,0.04245938
40.75326,Nullreference,0.04508011
40.76387,Nullreference,0.05697698
40.77534,Nullreference,0.06741094
40.78613,Nullreference,0.07847874
40.79727,Nullreference,0.07549576
40.80825,Nullreference,0.06950763
40.81941,Nullreference,0.05897152
40.83115,Nullreference,0.05711291
40.84155,Nullreference,0.05768272
40.85278,Nullreference,0.0607091
40.86394,Nullreference,0.0597527
40.87513,Nullreference,0.05627375
40.88623,Nullreference,0.05154353
40.89713,Nullreference,0.04806034
40.90848,Nullreference,0.03998967
40.9202,Nullreference,0.03130858
40.93061,Nullreference,0.02442997
40.94154,Nullreference,0.02251688
40.9527,Nullreference,0.01851565
40.96397,Nullreference,0.02189657
40.97521,Nullreference,0.01665572
40.98594,Nullreference,0.0211308
40.99818,Nullreference,0.02445035
41.00891,Nullreference,0.02358683
41.01964,Nullreference,0.02444747
41.03059,Nullreference,0.0261672
41.04159,Nullreference,0.02675501
41.05293,Nullreference,0.0263416
41.06408,Nullreference,0.02887304
41.07613,Nullreference,0.0321153
41.08609,Nullreference,0.02734645
41.09679,Nullreference,0.03343847
41.10789,Nullreference,0.03523913
41.11937,Nullreference,0.03667612
41.13041,Nullreference,0.03099368
41.14122,Nullreference,0.03471726
41.15268,Nullreference,0.03387832
41.16374,Nullreference,0.0357571
41.17467,Nullreference,0.03679011
41.18653,Nullreference,0.03855515
41.19774,Nullreference,0.03623304
41.20795,Nullreference,0.02913808
41.21917,Nullreference,0.0300341
41.23046,Nullreference,0.02798687
41.24123,Nullreference,0.02481325
41.25236,Nullreference,0.02723004
41.26391,Nullreference,0.02740334
41.27448,Nullreference,0.02790393
41.28582,Nullreference,0.02716337
41.2969,Nullreference,0.02626175
41.30787,Nullreference,0.02887908
41.31906,Nullreference,0.02813133
41.33006,Nullreference,0.02513974
41.34139,Nullreference,0.02864503
41.35219,Nullreference,0.0302973
41.36357,Nullreference,0.03698293
41.37452,Nullreference,0.04146729
41.38612,Nullreference,0.04254274
41.39663,Nullreference,0.04044629
41.4078,Nullreference,0.04340755
41.41901,Nullreference,0.04356822
41.43028,Nullreference,0.05119465
41.4413,Nullreference,0.05152667
41.45255,Nullreference,0.04331143
41.46367,Nullreference,0.03520206
41.47489,Nullreference,0.03019303
41.48616,Nullreference,0.02357766
41.49749,Nullreference,0.02403249
41.5083,Nullreference,0.02554479
41.51947,Nullreference,0.0295932
41.53107,Nullreference,0.03652377
41.54157,Nullreference,0.04293567
41.5526,Nullreference,0.05162844
41.56353,Nullreference,0.06026291
41.57489,Nullreference,0.06684307
41.58616,Nullreference,0.07209814
41.59705,Nullreference,0.07744493
41.60908,Nullreference,0.07761993
41.61919,Nullreference,0.08179829
41.63075,Nullreference,0.07839963
41.64134,Nullreference,0.07674399
41.65317,Nullreference,0.07104056
41.6635,Nullreference,0.06534789
41.67466,Nullreference,0.06215289
41.68591,Nullreference,0.05753133
41.69711,Nullreference,0.05865018
41.70899,Nullreference,0.05601528
41.7192,Nullreference,0.05105722
41.73045,Nullreference,0.04602233
41.74126,Nullreference,0.04424452
41.75244,Nullreference,0.04017559
41.76357,Nullreference,0.04026257
41.7746,Nullreference,0.04009965
41.78589,Nullreference,0.04094546
41.79675,Nullreference,0.04029848
41.80803,Nullreference,0.03903504
41.81908,Nullreference,0.03771967
41.83067,Nullreference,0.03492404
41.84119,Nullreference,0.0357946
41.85241,Nullreference,0.03569874
41.86349,Nullreference,0.02891493
41.87468,Nullreference,0.02836919
41.88578,Nullreference,0.02718862
41.89693,Nullreference,0.01615971
41.90784,Nullreference,0.01187275
41.91916,Nullreference,0.009607016
41.9301,Nullreference,0.006393495
41.94144,Nullreference,0.006392757
41.95236,Nullreference,0.01204343
41.9635,Nullreference,0.02012216
41.97448,Nullreference,0.02561357
41.98586,Nullreference,0.03332046
41.99688,Nullreference,0.03357173
42.00787,Nullreference,0.0254766
42.01909,Nullreference,0.01810876
42.03024,Nullreference,0.01734667
42.04134,Nullreference,0.02044099
42.05259,Nullreference,0.01969174
42.06427,Nullreference,0.02471683
42.07462,Nullreference,0.02289017
42.08594,Nullreference,0.016647
42.097,Nullreference,0.02087555
42.11085,Nullreference,0.01809924
42.11963,Nullreference,0.01907871
42.13016,Nullreference,0.02064503
42.14123,Nullreference,0.01681201
42.15259,Nullreference,0.01608939
42.16338,Nullreference,0.01454607
42.1747,Nullreference,0.01439958
42.18589,Nullreference,0.01474433
42.19687,Nullreference,0.01908593
42.20782,Nullreference,0.02628773
42.21908,Nullreference,0.03323035
42.23015,Nullreference,0.03559962
42.2411,Nullreference,0.03714567
42.25248,Nullreference,0.03952504
42.26341,Nullreference,0.03730458
42.27481,Nullreference,0.03975158
42.2861,Nullreference,0.03707806
42.29664,Nullreference,0.04009137
42.30801,Nullreference,0.03520101
42.31898,Nullreference,0.03476276
42.33018,Nullreference,0.03055761
42.34121,Nullreference,0.02688987
42.35216,Nullreference,0.02921174
42.36337,Nullreference,0.02648869
42.37453,Nullreference,0.02564076
42.38551,Nullreference,0.02804444
42.39729,Nullreference,0.02649748
42.40782,Nullreference,0.02481328
42.41888,Nullreference,0.02760998
42.43003,Nullreference,0.02246973
42.44188,Nullreference,0.0199486
42.45239,Nullreference,0.02168979
42.46362,Nullreference,0.019194
42.47467,Nullreference,0.02299112
42.48553,Nullreference,0.02146602
42.49673,Nullreference,0.0173992
42.50784,Nullreference,0.01212042
42.51888,Nullreference,0.01017558
42.52999,Nullreference,0.008531122
42.54123,Nullreference,0.01184277
42.55241,Nullreference,0.00943846
42.5634,Nullreference,0.004417571
42.57455,Nullreference,0.006741897
42.58645,Nullreference,0.007444282
42.59695,Nullreference,0.0164026
42.60781,Nullreference,0.02093904
42.61906,Nullreference,0.01852366
42.63002,Nullreference,0.01400408
42.64124,Nullreference,0.01180602
42.65271,Nullreference,0.01894036
42.66347,Nullreference,0.02206507
42.6742,Nullreference,0.02347369
42.68575,Nullreference,0.01962383
42.69654,Nullreference,0.02213393
42.70777,Nullreference,0.01760408
42.71859,Nullreference,0.02297886
42.7299,Nullreference,0.02882849
42.74113,Nullreference,0.03280564
42.75274,Nullreference,0.03512571
42.76302,Nullreference,0.0345792
42.77417,Nullreference,0.03176189
42.78578,Nullreference,0.02808887
42.79691,Nullreference,0.02192619
42.80737,Nullreference,0.01872944
42.81851,Nullreference,0.0114198
42.82955,Nullreference,0.0147567
42.84069,Nullreference,0.01358501
42.8519,Nullreference,0.01080401
42.86282,Nullreference,0.01415259
42.8742,Nullreference,0.0209848
42.88514,Nullreference,0.02256084
42.89607,Nullreference,0.02718482
42.9072,Nullreference,0.03017796
42.91842,Nullreference,0.03367593
42.92939,Nullreference,0.04010779
42.94088,Nullreference,0.03783304
42.95182,Nullreference,0.03833858
42.96264,Nullreference,0.03855224
42.97395,Nullreference,0.03942103
42.98575,Nullreference,0.03943227
42.99656,Nullreference,0.03947749
43.00729,Nullreference,0.03893025
43.01879,Nullreference,0.03583219
43.02945,Nullreference,0.04123543
43.04071,Nullreference,0.0334181
43.05159,Nullreference,0.03096988
43.06323,Nullreference,0.02582235
43.07389,Nullreference,0.02403525
43.0849,Nullreference,0.01699009
43.09613,Nullreference,0.01645925
43.10715,Nullreference,0.0126049
43.11847,Nullreference,0.01443119
43.12954,Nullreference,0.02089163
43.14131,Nullreference,0.02201174
43.15203,Nullreference,0.02418392
43.16306,Nullreference,0.02508589
43.17422,Nullreference,0.02252781
43.1852,Nullreference,0.02381863
43.19635,Nullreference,0.02127685
43.2075,Nullreference,0.01725164
43.21852,Nullreference,0.02190614
43.22982,Nullreference,0.02252225
43.24083,Nullreference,0.01959097
43.25193,Nullreference,0.01087737
43.26319,Nullreference,0.01781557
43.27425,Nullreference,0.02307818
43.28536,Nullreference,0.02180718
43.29622,Nullreference,0.02159925
43.30746,Nullreference,0.01729042
43.3185,Nullreference,0.01353352
43.32964,Nullreference,0.01457015
43.34086,Nullreference,0.00785187
43.353,Nullreference,0.01123076
43.36348,Nullreference,0.01847056
43.37378,Nullreference,0.0222631
43.38486,Nullreference,0.02733581
43.39585,Nullreference,0.02976111
43.40684,Nullreference,0.02713645
43.41842,Nullreference,0.02775459
43.42989,Nullreference,0.02684262
43.44058,Nullreference,0.03155588
43.45154,Nullreference,0.03861285
43.46289,Nullreference,0.03884519
43.47366,Nullreference,0.03483343
43.48483,Nullreference,0.03199917
43.49582,Nullreference,0.02426351
43.5076,Nullreference,0.02282562
43.51805,Nullreference,0.02541998
43.5292,Nullreference,0.02115102
43.5402,Nullreference,0.02216217
43.55169,Nullreference,0.02389684
43.56237,Nullreference,0.02434692
43.57351,Nullreference,0.02425101
43.58525,Nullreference,0.02366913
43.59589,Nullreference,0.02326001
43.60687,Nullreference,0.02475632
43.61809,Nullreference,0.02292317
43.62902,Nullreference,0.01867994
43.64013,Nullreference,0.0159117
43.65137,Nullreference,0.01816137
43.6625,Nullreference,0.01967728
43.6738,Nullreference,0.01964848
43.68459,Nullreference,0.01729565
43.69586,Nullreference,0.01779103
43.70718,Nullreference,0.01641611
43.71801,Nullreference,0.02832759
43.72913,Nullreference,0.02577171
43.74036,Nullreference,0.02920854
43.7516,Nullreference,0.03420766
43.76289,Nullreference,0.03967752
43.7743,Nullreference,0.0421543
43.78595,Nullreference,0.04357349
43.7962,Nullreference,0.03758079
43.80707,Nullreference,0.04047793
43.81832,Nullreference,0.03705574
43.82928,Nullreference,0.03824488
43.84077,Nullreference,0.0376729
43.8525,Nullreference,0.03085857
43.86274,Nullreference,0.02226427
43.87432,Nullreference,0.003265959
43.88488,Nullreference,0.004264754
43.89653,Nullreference,0.01556048
43.90714,Nullreference,0.02269908
43.9183,Nullreference,0.0188087
43.92939,Nullreference,0.01748608
43.94128,Nullreference,0.01171793
43.95135,Nullreference,0.009782095
43.96256,Nullreference,0.01904935
43.97414,Nullreference,0.02507133
43.98498,Nullreference,0.03536146
43.99607,Nullreference,0.04072894
44.00719,Nullreference,0.0523946
44.01942,Nullreference,0.0568532
44.02933,Nullreference,0.0614452
44.03996,Nullreference,0.05924713
44.05098,Nullreference,0.05624106
44.06221,Nullreference,0.05143494
44.0732,Nullreference,0.04687024
44.08474,Nullreference,0.03736637
44.09539,Nullreference,0.02881275
44.10656,Nullreference,0.02033521
44.11778,Nullreference,0.01591132
44.12892,Nullreference,0.009847213
44.14009,Nullreference,0.01367919
44.15169,Nullreference,0.01320121
44.16218,Nullreference,0.01261581
44.17321,Nullreference,0.01377328
44.18481,Nullreference,0.01527731
44.19538,Nullreference,0.01555029
44.20637,Nullreference,0.01648663
44.21751,Nullreference,0.01576516
44.22865,Nullreference,0.01765626
44.23987,Nullreference,0.01599194
44.25094,Nullreference,0.02071998
44.2622,Nullreference,0.01683419
44.27321,Nullreference,0.02712735
44.28435,Nullreference,0.03114143
44.29542,Nullreference,0.03467848
44.30675,Nullreference,0.04251275
44.31839,Nullreference,0.04278056
44.32884,Nullreference,0.05070121
44.34001,Nullreference,0.05089135
44.35077,Nullreference,0.04689967
44.36217,Nullreference,0.05224316
44.37302,Nullreference,0.04967615
44.38459,Nullreference,0.05485714
44.3959,Nullreference,0.05594909
44.40695,Nullreference,0.05800182
44.41837,Nullreference,0.0544886
44.42929,Nullreference,0.05579118
44.44031,Nullreference,0.05905622
44.45175,Nullreference,0.05793981
44.46249,Nullreference,0.05227402
44.47368,Nullreference,0.0447368
44.48458,Nullreference,0.04331703
44.49566,Nullreference,0.03620684
44.50688,Nullreference,0.04314119
44.51799,Nullreference,0.05041492
44.52903,Nullreference,0.05717429
44.54012,Nullreference,0.0529976
44.55126,Nullreference,0.04490203
44.56258,Nullreference,0.03783492
44.57353,Nullreference,0.03403816
44.58545,Nullreference,0.03433915
44.59553,Nullreference,0.03255228
44.60636,Nullreference,0.03163576
44.61776,Nullreference,0.03423517
44.6287,Nullreference,0.03533275
44.63976,Nullreference,0.02763192
44.65134,Nullreference,0.02904278
44.66212,Nullreference,0.03147788
44.67309,Nullreference,0.03259555
44.6846,Nullreference,0.031303
44.69535,Nullreference,0.03392174
44.70667,Nullreference,0.03464616
44.71755,Nullreference,0.03687124
44.72871,Nullreference,0.04478686
44.73985,Nullreference,0.03904676
44.75107,Nullreference,0.03574708
44.76198,Nullreference,0.03649721
44.77301,Nullreference,0.04003154
44.78464,Nullreference,0.03870029
44.79536,Nullreference,0.03455073
44.80628,Nullreference,0.02785441
44.81757,Nullreference,0.02163767
44.82869,Nullreference,0.01646393
44.83966,Nullreference,0.01406038
44.85077,Nullreference,0.01518945
44.86723,Nullreference,0.01564076
44.87563,Nullreference,0.01323022
44.88374,Nullreference,0.01580322
44.89185,Nullreference,0.0143151
44.90228,Nullreference,0.02010519
44.91331,Nullreference,0.02393904
44.92466,Nullreference,0.04047851
44.9356,Nullreference,0.04276771
44.94666,Nullreference,0.04780756
44.95783,Nullreference,0.05801164
44.9688,Nullreference,0.05979189
44.97989,Nullreference,0.05767601
44.99115,Nullreference,0.05799622
45.00223,Nullreference,0.05501528
45.01321,Nullreference,0.04655562
45.02434,Nullreference,0.03517753
45.0356,Nullreference,0.03464044
45.04709,Nullreference,0.02787827
45.05787,Nullreference,0.02179851
45.06881,Nullreference,0.02263427
45.08007,Nullreference,0.01981269
45.09091,Nullreference,0.01560316
45.10213,Nullreference,0.02235874
45.11336,Nullreference,0.02427751
45.12423,Nullreference,0.0257832
45.13535,Nullreference,0.02590338
45.14704,Nullreference,0.02791089
45.15786,Nullreference,0.03280887
45.16883,Nullreference,0.04747912
45.18013,Nullreference,0.04722426
45.19103,Nullreference,0.05164268
45.20217,Nullreference,0.04794637
45.2133,Nullreference,0.04262787
45.22467,Nullreference,0.0376763
45.2359,Nullreference,0.03238363
45.24765,Nullreference,0.02744211
45.25857,Nullreference,0.02370899
45.26981,Nullreference,0.02486323
45.28115,Nullreference,0.02197184
45.29254,Nullreference,0.01763341
45.30398,Nullreference,0.01367072
45.31518,Nullreference,0.01036219
45.32658,Nullreference,0.007734528
45.33799,Nullreference,0.006778365
45.34939,Nullreference,0.004252522
45.36066,Nullreference,0.006190395
45.37202,Nullreference,0.02007495
45.3835,Nullreference,0.02519332
45.3945,Nullreference,0.02759084
45.40579,Nullreference,0.02904242
45.41723,Nullreference,0.02887036
45.42855,Nullreference,0.03666311
45.43959,Nullreference,0.0501135
45.45068,Nullreference,0.06065207
45.46177,Nullreference,0.07715282
45.47762,Nullreference,0.08469943
45.48603,Nullreference,0.09933215
45.49418,Nullreference,0.1070112
45.50298,Nullreference,0.1118906
45.51383,Nullreference,0.1171878
45.52481,Nullreference,0.1278553
45.53596,Nullreference,0.1286389
45.54704,Nullreference,0.1314606
45.55796,Nullreference,0.1300897
45.56918,Nullreference,0.1274583
45.58044,Nullreference,0.1198302
45.59143,Nullreference,0.1178107
45.60245,Nullreference,0.1062707
45.61346,Nullreference,0.09684171
45.62475,Nullreference,0.08465882
45.63576,Nullreference,0.07108834
45.64697,Nullreference,0.06257793
45.65805,Nullreference,0.04723684
45.66901,Nullreference,0.03585839
45.68029,Nullreference,0.02487417
45.69118,Nullreference,0.02219389
45.70317,Nullreference,0.02476355
45.71344,Nullreference,0.02486578
45.72528,Nullreference,0.03091352
45.73602,Nullreference,0.0344072
45.74707,Nullreference,0.04078737
45.75805,Nullreference,0.0463147
45.76902,Nullreference,0.0511346
45.78012,Nullreference,0.04605693
45.79115,Nullreference,0.04800258
45.80227,Nullreference,0.04803932
45.81366,Nullreference,0.04903192
45.82457,Nullreference,0.0513139
45.83615,Nullreference,0.05181989
45.84786,Nullreference,0.0588087
45.85844,Nullreference,0.06038194
45.87007,Nullreference,0.06117696
45.88112,Nullreference,0.06185487
45.89304,Nullreference,0.06009807
45.90439,Nullreference,0.05896018
45.91533,Nullreference,0.05288358
45.92663,Nullreference,0.04844758
45.938,Nullreference,0.04233535
45.94923,Nullreference,0.03983847
45.96041,Nullreference,0.03961732
45.97174,Nullreference,0.03754212
45.98312,Nullreference,0.03591675
45.99428,Nullreference,0.0363283
46.00554,Nullreference,0.02731101
46.01708,Nullreference,0.02078904
46.02835,Nullreference,0.02542666
46.03959,Nullreference,0.02601962
46.05094,Model Text Impact [t](Clone),0.0276417
46.06186,Nullreference,0.02685118
46.07309,Nullreference,0.03208158
46.08416,Nullreference,0.03196653
46.09541,Nullreference,0.0341209
46.10638,Model Text Impact [t](Clone),0.04022704
46.11756,Model Text Impact [t](Clone),0.04572053
46.12847,Model Text Impact [t](Clone),0.05606973
46.13968,Model Text Impact [t](Clone),0.06448891
46.15086,Model Text Impact [t](Clone),0.07320687
46.16203,Model Text Impact [t](Clone),0.08623154
46.17334,Model Text Impact [t](Clone),0.1006775
46.18425,Model Text Impact [t](Clone),0.1215919
46.19518,Model Text Impact [t](Clone),0.1420164
46.20621,Nullreference,0.1660764
46.21741,Nullreference,0.1823883
46.22923,Nullreference,0.2146472
46.23987,Nullreference,0.2408416
46.25066,Nullreference,0.261125
46.26187,Nullreference,0.2635414
46.27349,Nullreference,0.2624161
46.28408,Nullreference,0.2566182
46.29559,Nullreference,0.2686686
46.30667,Nullreference,0.2854229
46.31772,Nullreference,0.309922
46.32851,Nullreference,0.3139814
46.33951,Nullreference,0.3090081
46.35138,Nullreference,0.2954644
46.36161,Nullreference,0.2775518
46.37273,Nullreference,0.2515938
46.38394,Nullreference,0.2286025
46.39546,Nullreference,0.1982829
46.40629,Nullreference,0.175254
46.41736,Nullreference,0.159758
46.42852,Nullreference,0.1574215
46.43972,Nullreference,0.1682773
46.4507,Nullreference,0.1887691
46.46165,Nullreference,0.2087507
46.47426,Nullreference,0.215679
46.48476,Nullreference,0.2278389
46.49498,Nullreference,0.2302093
46.5056,Nullreference,0.2240809
46.51772,Nullreference,0.2081631
46.52783,Nullreference,0.1900807
46.53899,Nullreference,0.1795116
46.55005,Nullreference,0.1769939
46.56114,Nullreference,0.1701716
46.573,Nullreference,0.1648011
46.58372,Nullreference,0.1614629
46.59441,Nullreference,0.1664981
46.60551,Nullreference,0.1792833
46.61719,Nullreference,0.1922067
46.62782,Nullreference,0.1927893
46.63923,Nullreference,0.1999652
46.65016,Nullreference,0.2014613
46.66106,Nullreference,0.1982078
46.67212,Nullreference,0.1906573
46.68341,Nullreference,0.1792567
46.69432,Nullreference,0.1678791
46.70549,Nullreference,0.1523598
46.71653,Nullreference,0.1380916
46.72765,Nullreference,0.1267179
46.73867,Nullreference,0.1195392
46.75065,Nullreference,0.1082187
46.76098,Nullreference,0.1032632
46.77195,Nullreference,0.09935781
46.7832,Nullreference,0.09501018
46.79461,Nullreference,0.09390146
46.80526,Nullreference,0.09446356
46.81644,Nullreference,0.09889581
46.82762,Nullreference,0.08940157
46.8386,Nullreference,0.08103609
46.8499,Nullreference,0.06208795
46.86105,Nullreference,0.04730402
46.87225,Nullreference,0.0308655
46.88344,Nullreference,0.02823779
46.89455,Nullreference,0.03874202
46.90588,Nullreference,0.04800069
46.91704,Nullreference,0.06060626
46.92806,Nullreference,0.06324829
46.93935,Nullreference,0.06779773
46.95047,Nullreference,0.06155121
46.96137,Nullreference,0.06023362
46.97266,Nullreference,0.05717807
46.98346,Nullreference,0.05905851
46.99464,Nullreference,0.05843096
47.00579,Nullreference,0.05487033
47.01679,Nullreference,0.04845668
47.02829,Nullreference,0.04850532
47.0391,Nullreference,0.04600731
47.05034,Nullreference,0.03906036
47.06168,Nullreference,0.03308832
47.07241,Nullreference,0.02829734
47.08358,Nullreference,0.03171877
47.09471,Nullreference,0.03866058
47.1059,Nullreference,0.04504671
47.11757,Nullreference,0.05136967
47.12811,Nullreference,0.05954821
47.13849,Nullreference,0.07119347
47.14999,Nullreference,0.08522055
47.16078,Nullreference,0.09114294
47.17192,Nullreference,0.103996
47.18316,Nullreference,0.1151449
47.19481,Nullreference,0.117994
47.20528,Nullreference,0.1229886
47.21647,Nullreference,0.1206539
47.22743,Nullreference,0.1239177
47.23878,Nullreference,0.1227248
47.24993,Nullreference,0.1206312
47.26079,Nullreference,0.1181844
47.27203,Nullreference,0.1166401
47.28309,Nullreference,0.1179756
47.29414,Nullreference,0.11909
47.30514,Nullreference,0.1183871
47.31634,Nullreference,0.1234187
47.3275,Nullreference,0.1289292
47.33857,Nullreference,0.1281776
47.3497,Nullreference,0.1302489
47.36076,Nullreference,0.1334193
47.37206,Nullreference,0.1421289
47.38319,Nullreference,0.1415135
47.39413,Nullreference,0.1461501
47.40509,Nullreference,0.1508312
47.41632,Nullreference,0.1512238
47.42745,Nullreference,0.1534487
47.43837,Nullreference,0.1589103
47.45004,Nullreference,0.1633451
47.46079,Nullreference,0.1659226
47.47187,Nullreference,0.1770555
47.48298,Nullreference,0.1867891
47.4942,Nullreference,0.2064964
47.50535,Nullreference,0.2219826
47.51673,Nullreference,0.2409911
47.52786,Nullreference,0.2715696
47.53907,Nullreference,0.2953967
47.55011,Nullreference,0.3291368
47.56131,Nullreference,0.3545161
47.57227,Nullreference,0.3755919
47.58372,Nullreference,0.3934594
47.59478,Nullreference,0.4034862
47.60569,Nullreference,0.4155752
47.61663,Nullreference,0.4180722
47.62786,Nullreference,0.4216101
47.63865,Nullreference,0.4295245
47.6498,Nullreference,0.4238933
47.66127,Nullreference,0.4251744
47.67212,Nullreference,0.4180053
47.68324,Nullreference,0.4185611
47.6944,Nullreference,0.4223488
47.70552,Nullreference,0.4342561
47.7173,Nullreference,0.4428124
47.72756,Nullreference,0.4436698
47.73871,Nullreference,0.4522824
47.7504,Nullreference,0.4479457
47.76104,Nullreference,0.4593028
47.77182,Nullreference,0.4595757
47.78307,Nullreference,0.4673541
47.79441,Nullreference,0.4733773
47.80494,Nullreference,0.4738896
47.81699,Nullreference,0.4779296
47.82731,Nullreference,0.4834976
47.83825,Nullreference,0.4871335
47.84982,Nullreference,0.4965559
47.86054,Nullreference,0.5008141
47.87224,Nullreference,0.5114284
47.88421,Nullreference,0.5264074
47.90098,Nullreference,0.5332116
47.90938,Nullreference,0.5520673
47.91956,Nullreference,0.5606083
47.92957,Nullreference,0.5856339
47.9408,Nullreference,0.6242047
47.95272,Nullreference,0.6573117
47.96284,Nullreference,0.6945282
47.97321,Nullreference,0.7336317
47.98468,Nullreference,0.761412
47.99372,Nullreference,0.7960976
48.00374,Nullreference,0.8204089
48.01418,Nullreference,0.8478608
48.02523,Nullreference,0.8745978
48.03499,Nullreference,0.900836
48.04822,Nullreference,0.9326692
48.05771,Nullreference,0.9573853
48.06917,Nullreference,0.9822172
48.07904,Nullreference,0.9931005
48.08987,Nullreference,0.991887
48.10093,Nullreference,0.987458
48.11198,Nullreference,0.9770951
48.12314,Nullreference,0.952722
48.13432,Nullreference,0.9242108
48.14542,Nullreference,0.8868083
48.15663,Nullreference,0.843413
48.1677,Nullreference,0.8062888
48.17883,Nullreference,0.7483747
48.18987,Nullreference,0.6896028
48.2011,Nullreference,0.6425276
48.21216,Nullreference,0.5773973
48.22324,Nullreference,0.5240624
48.23426,Nullreference,0.4582941
48.24551,Nullreference,0.3993883
48.25671,Nullreference,0.3309115
48.26768,Nullreference,0.2784872
48.2788,Nullreference,0.2163596
48.2897,Nullreference,0.1677513
48.30106,Nullreference,0.1078922
48.31225,Nullreference,0.07114509
48.32316,Nullreference,0.05972918
48.33449,Nullreference,0.08223651
48.34529,Nullreference,0.1129499
48.35709,Nullreference,0.1442523
48.36781,Nullreference,0.1634886
48.37878,Nullreference,0.1851452
48.38996,Nullreference,0.1954845
48.40141,Nullreference,0.2076895
48.41282,Nullreference,0.2130806
48.42415,Nullreference,0.2129014
48.43557,Nullreference,0.2083555
48.44704,Nullreference,0.2069138
48.45855,Nullreference,0.196156
48.46982,Nullreference,0.1861974
48.48109,Nullreference,0.1734306
48.4924,Nullreference,0.149499
48.50378,Nullreference,0.13084
48.51497,Nullreference,0.1088457
48.52663,Nullreference,0.09297677
48.53785,Nullreference,0.07134478
48.54898,Nullreference,0.05216429
48.56032,Nullreference,0.03800202
48.57185,Nullreference,0.02411606
48.58363,Nullreference,0.0251347
48.59421,Nullreference,0.03034566
48.60547,Nullreference,0.03063922
48.61619,Nullreference,0.03637651
48.62767,Nullreference,0.03750324
48.6384,Nullreference,0.03471361
48.64981,Nullreference,0.03579823
48.66158,Nullreference,0.03639448
48.67214,Nullreference,0.03851366
48.68307,Nullreference,0.03361712
48.69395,Nullreference,0.03440157
48.70494,Nullreference,0.02953298
48.71649,Nullreference,0.03174595
48.72734,Nullreference,0.02926535
48.73851,Nullreference,0.03497062
48.74962,Nullreference,0.03556802
48.76062,Nullreference,0.0415878
48.77179,Nullreference,0.04424182
48.78289,Nullreference,0.0478625
48.794,Nullreference,0.04995643
48.80497,Nullreference,0.04890354
48.81608,Nullreference,0.04704195
48.82737,Nullreference,0.04157265
48.83829,Nullreference,0.02917759
48.84994,Nullreference,0.01921116
48.86059,Nullreference,0.01641349
48.87242,Nullreference,0.0279325
48.88271,Nullreference,0.0478333
48.89379,Nullreference,0.07204258
48.90501,Nullreference,0.1083802
48.91675,Nullreference,0.1409917
48.92698,Nullreference,0.1773656
48.93836,Nullreference,0.2259776
48.94933,Nullreference,0.278559
48.9605,Nullreference,0.3255833
48.97136,Nullreference,0.3921902
48.98276,Nullreference,0.4487338
48.99428,Nullreference,0.512181
49.00482,Nullreference,0.5634117
49.01588,Nullreference,0.6200382
49.02685,Nullreference,0.6690315
49.03804,Nullreference,0.7042038
49.04912,Nullreference,0.7438527
49.06038,Nullreference,0.7729003
49.07201,Nullreference,0.7979364
49.08294,Nullreference,0.8162627
49.09348,Nullreference,0.8301918
49.1048,Nullreference,0.8313206
49.11584,Nullreference,0.8257901
49.12686,Nullreference,0.810828
49.13788,Nullreference,0.7982073
49.1491,Nullreference,0.7782798
49.16043,Nullreference,0.7610394
49.17134,Nullreference,0.7449206
49.18264,Nullreference,0.7236963
49.19341,Nullreference,0.6987563
49.20479,Nullreference,0.6661493
49.21572,Nullreference,0.6357225
49.22677,Nullreference,0.6003847
49.23794,Nullreference,0.5744181
49.249,Nullreference,0.5384908
49.26081,Nullreference,0.5086835
49.27129,Nullreference,0.475415
49.28335,Nullreference,0.4395699
49.29358,Nullreference,0.4015338
49.30444,Nullreference,0.3567342
49.31552,Nullreference,0.313855
49.32671,Nullreference,0.2616573
49.33772,Nullreference,0.2254739
49.34909,Nullreference,0.1644507
49.36016,Nullreference,0.1255037
49.37113,Nullreference,0.07155264
49.383,Nullreference,0.05200527
49.39336,Nullreference,0.06705297
49.4048,Nullreference,0.1046118
49.41539,Nullreference,0.148457
49.42662,Nullreference,0.2092961
49.43842,Nullreference,0.263079
49.44884,Model Text Impact [r](Clone),0.3331323
49.46081,Nullreference,0.3945209
49.4711,Nullreference,0.4734687
49.48221,Model Text Impact [r](Clone),0.5738637
49.49329,Nullreference,0.6644862
49.50458,Nullreference,0.7957381
49.516,Nullreference,0.9154697
49.52673,Nullreference,1.068722
49.53789,Nullreference,1.192342
49.54903,Nullreference,1.322383
49.56009,Nullreference,1.442343
49.57117,Nullreference,1.532215
49.58247,Nullreference,1.63198
49.59362,Nullreference,1.729329
49.60536,Nullreference,1.82893
49.61591,Nullreference,1.921141
49.62735,Nullreference,2.028503
49.63773,Nullreference,2.103644
49.64896,Nullreference,2.204267
49.66005,Nullreference,2.282708
49.67098,Nullreference,2.345742
49.68218,Nullreference,2.412803
49.69322,Nullreference,2.464408
49.70453,Nullreference,2.518384
49.71533,Nullreference,2.563035
49.7263,Nullreference,2.597199
49.73765,Nullreference,2.631687
49.7485,Nullreference,2.665567
49.75962,Nullreference,2.68617
49.77065,Nullreference,2.6952
49.78155,Nullreference,2.691249
49.7928,Nullreference,2.669105
49.80377,Nullreference,2.650758
49.81495,Nullreference,2.625393
49.82608,Nullreference,2.597587
49.837,Nullreference,2.572581
49.84795,Nullreference,2.538266
49.85915,Nullreference,2.520626
49.87038,Nullreference,2.485822
49.88138,Nullreference,2.4508
49.8924,Nullreference,2.404348
49.90348,Nullreference,2.358011
49.91464,Nullreference,2.303247
49.92569,Nullreference,2.243348
49.9369,Nullreference,2.172056
49.94786,Nullreference,2.102467
49.9592,Nullreference,2.045063
49.97005,Nullreference,1.980678
49.9813,Nullreference,1.925475
49.99268,Nullreference,1.893333
50.00377,Nullreference,1.856503
50.01498,Nullreference,1.825651
50.02645,Nullreference,1.809543
50.03743,Nullreference,1.792232
50.04855,Nullreference,1.779557
50.05954,Nullreference,1.769408
50.07103,Nullreference,1.752972
50.08184,Nullreference,1.735564
50.09268,Nullreference,1.720338
50.10416,Nullreference,1.717527
50.11523,Nullreference,1.708718
50.12628,Nullreference,1.702543
50.13741,Nullreference,1.701926
50.14845,Nullreference,1.684179
50.15956,Nullreference,1.654299
50.17063,Nullreference,1.612034
50.18175,Nullreference,1.568384
50.19308,Nullreference,1.502847
50.20397,Nullreference,1.439268
50.21527,Nullreference,1.365719
50.22619,Nullreference,1.30456
50.23729,Nullreference,1.241243
50.24836,Nullreference,1.170854
50.25931,Nullreference,1.108379
50.27046,Nullreference,1.039489
50.28151,Nullreference,0.9784468
50.29252,Nullreference,0.9139072
50.30375,Nullreference,0.8650382
50.31485,Nullreference,0.8127519
50.32577,Nullreference,0.7713727
50.33712,Nullreference,0.7460762
50.34804,Nullreference,0.7151041
50.35929,Nullreference,0.6918561
50.37045,Nullreference,0.6682723
50.38155,Nullreference,0.6529109
50.39271,Nullreference,0.6423072
50.40357,Nullreference,0.6384915
50.41473,Nullreference,0.6450164
50.42583,Nullreference,0.6552567
50.43703,Nullreference,0.6680026
50.44795,Nullreference,0.6793711
50.45915,Nullreference,0.6845363
50.47018,Nullreference,0.6856437
50.4813,Nullreference,0.6889505
50.49261,Nullreference,0.6862172
50.50348,Nullreference,0.6725891
50.51469,Nullreference,0.6638796
50.52567,Nullreference,0.6561117
50.53683,Nullreference,0.6534514
50.5479,Nullreference,0.648446
50.55903,Nullreference,0.6437247
50.57003,Nullreference,0.6308669
50.58113,Nullreference,0.6277148
50.59234,Nullreference,0.6299644
50.60347,Nullreference,0.6259746
50.61449,Nullreference,0.6234195
50.62584,Nullreference,0.61405
50.63713,Nullreference,0.5925738
50.6478,Nullreference,0.5697931
50.65893,Nullreference,0.551345
50.67007,Model Text Impact [T](Clone),0.5418614
50.68113,Model Text Impact [T](Clone),0.5294271
50.69264,Model Text Impact [h](Clone),0.516723
50.70366,Model Text Impact [h](Clone),0.4931785
50.71456,Model Text Impact [h](Clone),0.4762816
50.7255,Model Text Impact [h](Clone),0.452182
50.73666,Model Text Impact [h](Clone),0.4354133
50.74769,Model Text Impact [e](Clone),0.4222725
50.75889,Model Text Impact [e](Clone),0.4113964
50.77019,Model Text Impact [e](Clone),0.4032141
50.78128,Model Text Impact [e](Clone),0.3887561
50.79222,Model Text Impact [e](Clone),0.3822703
50.80331,Model Text Impact [e](Clone),0.3634315
50.8143,Model Text Impact [e](Clone),0.3529792
50.82583,Model Text Impact [e](Clone),0.3260337
50.83662,Model Text Impact [e](Clone),0.2983637
50.8477,Model Text Impact [C](Clone),0.2787669
50.85882,Model Text Impact [C](Clone),0.2439025
50.86984,Model Text Impact [C](Clone),0.2196533
50.88097,Model Text Impact [C](Clone),0.1962797
50.89206,Model Text Impact [C](Clone),0.1732536
50.90321,Model Text Impact [C](Clone),0.1551344
50.91434,Model Text Impact [C](Clone),0.1354431
50.92544,Model Text Impact [C](Clone),0.1177824
50.9365,Model Text Impact [C](Clone),0.09410768
50.94769,Model Text Impact [C](Clone),0.0732429
50.95863,Model Text Impact [C](Clone),0.04865842
50.97008,Model Text Impact [C](Clone),0.02695642
50.98099,Model Text Impact [C](Clone),0.01842292
50.99203,Nullreference,0.03458524
51.00293,Nullreference,0.05954178
51.01408,Nullreference,0.0854604
51.02518,Nullreference,0.1180328
51.03622,Nullreference,0.1472207
51.04752,Nullreference,0.1880198
51.0584,Nullreference,0.2192647
51.07006,Nullreference,0.2507891
51.08072,Nullreference,0.2780821
51.09174,Nullreference,0.3003141
51.10283,Nullreference,0.3210113
51.11399,Nullreference,0.3405759
51.12522,Nullreference,0.3602301
51.13633,Nullreference,0.3696095
51.14716,Nullreference,0.3753618
51.15835,Nullreference,0.3735217
51.16933,Nullreference,0.3580031
51.18052,Nullreference,0.3460531
51.19155,Nullreference,0.3324705
51.20306,Nullreference,0.3255078
51.21383,Nullreference,0.3190991
51.2249,Nullreference,0.321133
51.2363,Nullreference,0.3229566
51.24708,Nullreference,0.3317858
51.25837,Nullreference,0.3371568
51.26943,Nullreference,0.3556751
51.28068,Nullreference,0.3747137
51.29157,Nullreference,0.4099245
51.30272,Nullreference,0.4652692
51.314,Collider_Roger_State_action,0.5288043
51.32496,Collider_Roger_State_action,0.5859993
51.33602,Collider_Roger_State_action,0.658434
51.34707,Collider_Roger_State_action,0.7122611
51.35821,Collider_Roger_State_action,0.7676772
51.36942,Collider_Roger_State_action,0.8035359
51.38037,Collider_Roger_State_action,0.8373061
51.39155,Collider_Roger_State_action,0.8528963
51.40268,Collider_Roger_State_action,0.8597803
51.41396,Collider_Roger_State_action,0.8554644
51.42487,Collider_Roger_State_action,0.8391591
51.43601,Collider_Roger_State_action,0.818847
51.44732,Collider_Roger_State_action,0.7953345
51.45824,Collider_Roger_State_action,0.7609389
51.46929,Collider_Roger_State_action,0.7279916
51.48033,Collider_Roger_State_action,0.6988351
51.49142,Collider_Roger_State_action,0.6696526
51.50263,Collider_Roger_State_action,0.6386601
51.51376,Collider_Roger_State_action,0.604026
51.52503,Collider_Roger_State_action,0.5807067
51.53598,Collider_Roger_State_action,0.5559759
51.54706,Collider_Roger_State_action,0.5314713
51.55806,Collider_Roger_State_action,0.5073056
51.56926,Collider_Roger_State_action,0.4814805
51.58028,Collider_Roger_State_action,0.461745
51.59136,Collider_Roger_State_action,0.4416161
51.6026,Collider_Roger_State_action,0.4260721
51.61391,Collider_Roger_State_action,0.4153294
51.62481,Collider_Roger_State_action,0.406749
51.63593,Collider_Roger_State_action,0.400009
51.64697,Collider_Roger_State_action,0.3994831
51.65804,Collider_Roger_State_action,0.3980525
51.66921,Collider_Roger_State_action,0.395365
51.68029,Collider_Roger_State_action,0.3904723
51.69132,Collider_Roger_State_action,0.3871185
51.70255,Collider_Roger_State_action,0.3879979
51.71368,Collider_Roger_State_action,0.3869869
51.72468,Collider_Roger_State_action,0.3993364
51.73594,Collider_Roger_State_action,0.4113227
51.74698,Collider_Roger_State_action,0.4186968
51.75808,Collider_Roger_State_action,0.4203003
51.76914,Collider_Roger_State_action,0.4222218
51.78024,Collider_Roger_State_action,0.4227095
51.79133,Collider_Roger_State_action,0.4251485
51.80245,Collider_Roger_State_action,0.4271488
51.81351,Collider_Roger_State_action,0.4300511
51.82465,Collider_Roger_State_action,0.4353139
51.8359,Collider_Roger_State_action,0.4400281
51.84684,Collider_Roger_State_action,0.4454271
51.85793,Collider_Roger_State_action,0.4527913
51.86917,Collider_Roger_State_action,0.4619903
51.88064,Collider_Roger_State_action,0.4802644
51.89123,Collider_Roger_State_action,0.4892138
51.90239,Collider_Roger_State_action,0.497262
51.9135,Collider_Roger_State_action,0.4976313
51.92471,Collider_Roger_State_action,0.5011003
51.93584,Collider_Roger_State_action,0.51599
51.94675,Collider_Roger_State_action,0.5204303
51.958,Collider_Roger_State_action,0.5216448
51.96916,Collider_Roger_State_action,0.5266884
51.98013,Collider_Roger_State_action,0.5354461
51.9915,Collider_Roger_State_action,0.5400965
52.00235,Collider_Roger_State_action,0.5483627
52.01344,Collider_Roger_State_action,0.5540609
52.02453,Collider_Roger_State_action,0.5615371
52.03568,Collider_Roger_State_action,0.569918
52.04686,Collider_Roger_State_action,0.5736908
52.05791,Collider_Roger_State_action,0.5750479
52.06907,Collider_Roger_State_action,0.5782449
52.08018,Collider_Roger_State_action,0.5794274
52.09124,Collider_Roger_State_action,0.5684071
52.10229,Collider_Roger_State_action,0.5608466
52.11361,Collider_Roger_State_action,0.5258328
52.12481,Collider_Roger_State_action,0.4959995
52.13578,Collider_Roger_State_action,0.4546332
52.14674,Collider_Roger_State_action,0.4139719
52.15786,Collider_Roger_State_action,0.3887785
52.16896,Collider_Roger_State_action,0.3775534
52.17997,Collider_Roger_State_action,0.3739372
52.19118,Collider_Roger_State_action,0.384065
52.20216,Collider_Roger_State_action,0.3954681
52.21333,Collider_Roger_State_action,0.4076415
52.22454,Collider_Roger_State_action,0.4112945
52.23568,Collider_Roger_State_action,0.4209125
52.247,Collider_Roger_State_action,0.4274961
52.25778,Collider_Roger_State_action,0.43559
52.26897,Collider_Roger_State_action,0.4244856
52.27995,Collider_Roger_State_action,0.4174875
52.29113,Collider_Roger_State_action,0.3995764
52.30222,Collider_Roger_State_action,0.3777643
52.31326,Collider_Roger_State_action,0.3600329
52.32446,Collider_Roger_State_action,0.3370598
52.33556,Collider_Roger_State_action,0.3108059
52.34658,Collider_Roger_State_action,0.2787852
52.35777,Collider_Roger_State_action,0.2494475
52.36878,Collider_Roger_State_action,0.2260719
52.38001,Collider_Roger_State_action,0.2081978
52.39111,Collider_Roger_State_action,0.2039611
52.4021,Collider_Roger_State_action,0.2067901
52.41315,Collider_Roger_State_action,0.209023
52.42431,Collider_Roger_State_action,0.2113328
52.43541,Collider_Roger_State_action,0.2156648
52.44655,Collider_Roger_State_action,0.2282471
52.45769,Collider_Roger_State_action,0.2438303
52.469,Collider_Roger_State_action,0.2560138
52.47992,Collider_Roger_State_action,0.2725218
52.49107,Collider_Roger_State_action,0.2922695
52.50212,Collider_Roger_State_action,0.3107359
52.51332,Collider_Roger_State_action,0.328514
52.52422,Collider_Roger_State_action,0.3418244
52.53547,Collider_Roger_State_action,0.3564256
52.54652,Collider_Roger_State_action,0.3722798
52.55785,Collider_Roger_State_action,0.3766979
52.56874,Collider_Roger_State_action,0.3846296
52.57981,Collider_Roger_State_action,0.380473
52.59102,Collider_Roger_State_action,0.3648813
52.60205,Collider_Roger_State_action,0.3526926
52.61334,Collider_Roger_State_action,0.3446698
52.62425,Collider_Roger_State_action,0.3348112
52.63567,Collider_Roger_State_action,0.3067347
52.64648,Collider_Roger_State_action,0.27057
52.65766,Collider_Roger_State_action,0.2469018
52.66897,Collider_Roger_State_action,0.2241904
52.67979,Collider_Roger_State_action,0.2015702
52.69102,Collider_Roger_State_action,0.1860701
52.70215,Collider_Roger_State_action,0.1677917
52.71317,Collider_Roger_State_action,0.1561363
52.72424,Collider_Roger_State_action,0.1373754
52.73532,Collider_Roger_State_action,0.1248264
52.74634,Collider_Roger_State_action,0.1074638
52.75751,Collider_Roger_State_action,0.08408469
52.76894,Collider_Roger_State_action,0.06946384
52.77969,Collider_Roger_State_action,0.07174055
52.79078,Collider_Roger_State_action,0.07528494
52.80196,Collider_Roger_State_action,0.0788907
52.81307,Collider_Roger_State_action,0.05710922
52.82414,Collider_Roger_State_action,0.0381675
52.83523,Collider_Roger_State_action,0.04686306
52.84636,Collider_Roger_State_action,0.09070662
52.85749,Collider_Roger_State_action,0.127684
52.86877,Collider_Roger_State_action,0.1599289
52.87962,Collider_Roger_State_action,0.1860091
52.8908,Collider_Roger_State_action,0.1974901
52.90193,Collider_Roger_State_action,0.2080707
52.91296,Collider_Roger_State_action,0.2011376
52.92415,Collider_Roger_State_action,0.1902654
52.93529,Collider_Roger_State_action,0.1744302
52.94624,Collider_Roger_State_action,0.1463247
52.95742,Collider_Roger_State_action,0.1311454
52.9687,Collider_Roger_State_action,0.1241212
52.97955,Collider_Roger_State_action,0.1334546
52.99084,Collider_Roger_State_action,0.1489005
53.00185,Collider_Roger_State_action,0.1709007
53.01299,Collider_Roger_State_action,0.1939253
53.02452,Collider_Roger_State_action,0.2145296
53.03505,Collider_Roger_State_action,0.2235669
53.04619,Collider_Roger_State_action,0.235352
53.05737,Collider_Roger_State_action,0.2293444
53.06855,Collider_Roger_State_action,0.2193588
53.07952,Collider_Roger_State_action,0.1995245
53.09072,Collider_Roger_State_action,0.1753548
53.10184,Collider_Roger_State_action,0.1498042
53.11288,Collider_Roger_State_action,0.1305541
53.12393,Collider_Roger_State_action,0.1263334
53.13511,Collider_Roger_State_action,0.1258322
53.14613,Collider_Roger_State_action,0.12889
53.15754,Collider_Roger_State_action,0.1314201
53.16857,Collider_Roger_State_action,0.1283353
53.17946,Collider_Roger_State_action,0.1271563
53.19056,Collider_Roger_State_action,0.1209155
53.20172,Collider_Roger_State_action,0.1109454
53.21292,Collider_Roger_State_action,0.1063198
53.22397,Collider_Roger_State_action,0.1059646
53.23523,Collider_Roger_State_action,0.1007396
53.2461,Collider_Roger_State_action,0.1043504
53.25727,Collider_Roger_State_action,0.09618156
53.26851,Collider_Roger_State_action,0.08777747
53.27991,Collider_Roger_State_action,0.07385843
53.29081,Collider_Roger_State_action,0.0604368
53.30168,Collider_Roger_State_action,0.06668403
53.31288,Collider_Roger_State_action,0.07449044
53.32401,Collider_Roger_State_action,0.0911672
53.33514,Collider_Roger_State_action,0.09763306
53.34613,Collider_Roger_State_action,0.1075848
53.35715,Collider_Roger_State_action,0.1097735
53.36847,Collider_Roger_State_action,0.1066001
53.37938,Collider_Roger_State_action,0.1086992
53.3905,Collider_Roger_State_action,0.1042024
53.40163,Collider_Roger_State_action,0.1038443
53.41287,Collider_Roger_State_action,0.1044709
53.42391,Collider_Roger_State_action,0.09254441
53.43502,Collider_Roger_State_action,0.09157359
53.4461,Collider_Roger_State_action,0.09519213
53.45742,Collider_Roger_State_action,0.09447051
53.46844,Collider_Roger_State_action,0.09875377
53.47937,Collider_Roger_State_action,0.1116519
53.49057,Collider_Roger_State_action,0.1283568
53.50155,Collider_Roger_State_action,0.1562658
53.51273,Collider_Roger_State_action,0.1796573
53.52381,Collider_Roger_State_action,0.1930457
53.53498,Collider_Roger_State_action,0.2155373
53.54599,Collider_Roger_State_action,0.2319171
53.55713,Collider_Roger_State_action,0.2539042
53.56826,Collider_Roger_State_action,0.2759632
53.57935,Collider_Roger_State_action,0.3052961
53.59061,Collider_Roger_State_action,0.3288133
53.60146,Collider_Roger_State_action,0.3533712
53.61262,Collider_Roger_State_action,0.3783758
53.62388,Collider_Roger_State_action,0.4037542
53.63496,Collider_Roger_State_action,0.4300719
53.646,Collider_Roger_State_action,0.4461254
53.65731,Collider_Roger_State_action,0.4401875
53.66846,Collider_Roger_State_action,0.4247626
53.67927,Collider_Roger_State_action,0.3939944
53.69054,Collider_Roger_State_action,0.3697634
53.70225,Collider_Roger_State_action,0.3465284
53.71302,Collider_Roger_State_action,0.3238243
53.72368,Collider_Roger_State_action,0.2891338
53.73477,Collider_Roger_State_action,0.2630602
53.746,Collider_Roger_State_action,0.2313397
53.75712,Collider_Roger_State_action,0.1768374
53.76815,Collider_Roger_State_action,0.1362595
53.77921,Collider_Roger_State_action,0.08275413
53.79033,Collider_Roger_State_action,0.06618299
53.80154,Collider_Roger_State_action,0.09218427
53.81253,Collider_Roger_State_action,0.1514226
53.8237,Collider_Roger_State_action,0.204832
53.83483,Collider_Roger_State_action,0.263367
53.84595,Collider_Roger_State_action,0.3015708
53.85694,Collider_Roger_State_action,0.3175015
53.86805,Collider_Roger_State_action,0.3156461
53.87918,Collider_Roger_State_action,0.3081629
53.89033,Collider_Roger_State_action,0.2976492
53.9014,Collider_Roger_State_action,0.2835272
53.91262,Collider_Roger_State_action,0.2785222
53.92354,Collider_Roger_State_action,0.2772227
53.93485,Collider_Roger_State_action,0.2793957
53.94598,Collider_Roger_State_action,0.2946882
53.95697,Collider_Roger_State_action,0.3049184
53.96805,Collider_Roger_State_action,0.3195477
53.97931,Collider_Roger_State_action,0.3098238
53.9903,Collider_Roger_State_action,0.2822728
54.00136,Collider_Roger_State_action,0.2566572
54.01245,Collider_Roger_State_action,0.2317164
54.02359,Collider_Roger_State_action,0.2230245
54.03466,Collider_Roger_State_action,0.2141239
54.04583,Collider_Roger_State_action,0.1957107
54.05696,Collider_Roger_State_action,0.1803935
54.06797,Collider_Roger_State_action,0.152729
54.07909,Collider_Roger_State_action,0.1403744
54.09048,Collider_Roger_State_action,0.145132
54.1017,Collider_Roger_State_action,0.1592719
54.11252,Collider_Roger_State_action,0.1784199
54.12354,Collider_Roger_State_action,0.208547
54.13467,Collider_Roger_State_action,0.2366927
54.14574,Collider_Roger_State_action,0.2731659
54.15694,Collider_Roger_State_action,0.3037532
54.16793,Collider_Roger_State_action,0.3311832
54.17916,Collider_Roger_State_action,0.368818
54.19018,Collider_Roger_State_action,0.3986395
54.20129,Collider_Roger_State_action,0.433088
54.21233,Collider_Roger_State_action,0.4674075
54.22355,Collider_Roger_State_action,0.5032606
54.23449,Collider_Roger_State_action,0.535708
54.24564,Collider_Roger_State_action,0.5637349
54.25683,Collider_Roger_State_action,0.5799147
54.26787,Collider_Roger_State_action,0.5848641
54.27899,Collider_Roger_State_action,0.574652
54.29009,Collider_Roger_State_action,0.5526221
54.30118,Collider_Roger_State_action,0.5243366
54.3123,Collider_Roger_State_action,0.4932775
54.32357,Collider_Roger_State_action,0.4384081
54.33449,Collider_Roger_State_action,0.364073
54.34582,Collider_Roger_State_action,0.2898525
54.35676,Collider_Roger_State_action,0.1923528
54.36781,Collider_Roger_State_action,0.1210871
54.37891,Collider_Roger_State_action,0.107379
54.39004,Collider_Roger_State_action,0.1408478
54.40121,Collider_Roger_State_action,0.1774335
54.41223,Collider_Roger_State_action,0.2070851
54.42353,Collider_Roger_State_action,0.2281559
54.43449,Collider_Roger_State_action,0.2395802
54.44557,Collider_Roger_State_action,0.2428132
54.45698,Collider_Roger_State_action,0.2437682
54.46798,Collider_Roger_State_action,0.2468027
54.47907,Collider_Roger_State_action,0.2384304
54.49014,Collider_Roger_State_action,0.2350548
54.50109,Collider_Roger_State_action,0.2360099
54.51223,Collider_Roger_State_action,0.2320742
54.52329,Collider_Roger_State_action,0.2374159
54.53446,Collider_Roger_State_action,0.2532438
54.54576,Collider_Roger_State_action,0.2664985
54.55678,Collider_Roger_State_action,0.2776419
54.56776,Collider_Roger_State_action,0.2893316
54.5789,Collider_Roger_State_action,0.2963598
54.59003,Collider_Roger_State_action,0.3068546
54.60108,Collider_Roger_State_action,0.316445
54.61303,Collider_Roger_State_action,0.321716
54.62345,Collider_Roger_State_action,0.3209072
54.63462,Collider_Roger_State_action,0.3226314
54.64553,Collider_Roger_State_action,0.3046062
54.65671,Collider_Roger_State_action,0.2919066
54.66775,Collider_Roger_State_action,0.2653148
54.67883,Collider_Roger_State_action,0.244113
54.69009,Collider_Roger_State_action,0.218344
54.70121,Collider_Roger_State_action,0.2001792
54.7122,Collider_Roger_State_action,0.1942018
54.72334,Collider_Roger_State_action,0.1906749
54.73435,Collider_Roger_State_action,0.2034309
54.74549,Collider_Roger_State_action,0.2142577
54.75653,Collider_Roger_State_action,0.2173244
54.76771,Collider_Roger_State_action,0.2186888
54.77875,Collider_Roger_State_action,0.2230846
54.78996,Collider_Roger_State_action,0.2418945
54.80108,Collider_Roger_State_action,0.2551703
54.81207,Collider_Roger_State_action,0.2861546
54.82344,Collider_Roger_State_action,0.3108432
54.8343,Collider_Roger_State_action,0.3584738
54.84578,Collider_Roger_State_action,0.4036738
54.85649,Collider_Roger_State_action,0.4401896
54.86761,Collider_Roger_State_action,0.4656869
54.87904,Collider_Roger_State_action,0.4690884
54.88979,Collider_Roger_State_action,0.4623522
54.90107,Collider_Roger_State_action,0.4659604
54.91204,Collider_Roger_State_action,0.4762641
54.92315,Collider_Roger_State_action,0.4783894
54.93425,Collider_Roger_State_action,0.4799533
54.94558,Collider_Roger_State_action,0.4759377
54.95665,Collider_Roger_State_action,0.4706347
54.96767,Collider_Roger_State_action,0.466673
54.97863,Collider_Roger_State_action,0.4496184
54.99007,Collider_Roger_State_action,0.4372582
55.00098,Collider_Roger_State_action,0.4172184
55.01202,Collider_Roger_State_action,0.3953749
55.02322,Collider_Roger_State_action,0.3876502
55.03421,Collider_Roger_State_action,0.3762303
55.04533,Collider_Roger_State_action,0.3840228
55.05655,Collider_Roger_State_action,0.3926877
55.06756,Collider_Roger_State_action,0.4098881
55.07867,Collider_Roger_State_action,0.435131
55.08982,Collider_Roger_State_action,0.466479
55.10093,Collider_Roger_State_action,0.4937017
55.11196,Collider_Roger_State_action,0.5034363
55.12327,Collider_Roger_State_action,0.4916208
55.13426,Collider_Roger_State_action,0.4379371
55.14531,Collider_Roger_State_action,0.3723213
55.15644,Collider_Roger_State_action,0.3040637
55.16751,Collider_Roger_State_action,0.24572
55.17868,Collider_Roger_State_action,0.1987283
55.18964,Collider_Roger_State_action,0.1549539
55.20089,Collider_Roger_State_action,0.1337047
55.21197,Collider_Roger_State_action,0.109243
55.22308,Collider_Roger_State_action,0.09652138
55.23421,Collider_Roger_State_action,0.08074109
55.24527,Collider_Roger_State_action,0.0652533
55.25654,Collider_Roger_State_action,0.05730289
55.26745,Collider_Roger_State_action,0.06397715
55.27851,Collider_Roger_State_action,0.08170246
55.28969,Collider_Roger_State_action,0.09481731
55.30083,Collider_Roger_State_action,0.09938528
55.31196,Collider_Roger_State_action,0.09633896
55.32313,Collider_Roger_State_action,0.08538575
55.33412,Collider_Roger_State_action,0.0662495
55.34529,Collider_Roger_State_action,0.04629981
55.35626,Collider_Roger_State_action,0.03997578
55.36767,Collider_Roger_State_action,0.05348647
55.37862,Collider_Roger_State_action,0.07170124
55.38964,Collider_Roger_State_action,0.09597493
55.40077,Collider_Roger_State_action,0.1035387
55.41182,Collider_Roger_State_action,0.1076281
55.42308,Collider_Roger_State_action,0.1022125
55.43405,Collider_Roger_State_action,0.09803119
55.44521,Collider_Roger_State_action,0.09684966
55.45623,Collider_Roger_State_action,0.1047705
55.46753,Collider_Roger_State_action,0.1139369
55.47861,Collider_Roger_State_action,0.1259074
55.48973,Collider_Roger_State_action,0.1366663
55.50076,Collider_Roger_State_action,0.1493374
55.51192,Collider_Roger_State_action,0.1559032
55.5229,Collider_Roger_State_action,0.1606512
55.53427,Collider_Roger_State_action,0.1595099
55.54514,Collider_Roger_State_action,0.1612666
55.55619,Collider_Roger_State_action,0.1604532
55.5673,Collider_Roger_State_action,0.1533483
55.57841,Collider_Roger_State_action,0.1458717
55.58964,Collider_Roger_State_action,0.1356969
55.60066,Collider_Roger_State_action,0.1338179
55.61173,Collider_Roger_State_action,0.1275987
55.62299,Collider_Roger_State_action,0.1226924
55.63403,Collider_Roger_State_action,0.1210759
55.64504,Collider_Roger_State_action,0.1184527
55.65626,Collider_Roger_State_action,0.1072402
55.66726,Collider_Roger_State_action,0.1025884
55.6784,Collider_Roger_State_action,0.08566389
55.68965,Collider_Roger_State_action,0.07900827
55.70091,Collider_Roger_State_action,0.06060474
55.71173,Collider_Roger_State_action,0.04555895
55.72297,Collider_Roger_State_action,0.03040368
55.73395,Collider_Roger_State_action,0.02064323
55.7451,Collider_Roger_State_action,0.0363477
55.75629,Collider_Roger_State_action,0.05210612
55.76727,Collider_Roger_State_action,0.07668779
55.77832,Collider_Roger_State_action,0.09364734
55.78944,Collider_Roger_State_action,0.09860262
55.80063,Collider_Roger_State_action,0.1042096
55.81179,Collider_Roger_State_action,0.1015236
55.8229,Collider_Roger_State_action,0.09568406
55.83383,Collider_Roger_State_action,0.08965582
55.84513,Collider_Roger_State_action,0.09141251
55.85608,Collider_Roger_State_action,0.08633398
55.86841,Nullreference,0.08296864
55.87934,Nullreference,0.08222833
55.89058,Nullreference,0.07960179
55.90164,Nullreference,0.0806564
55.91336,Nullreference,0.09125278
55.92395,Nullreference,0.09354954
55.93505,Nullreference,0.09033328
55.94617,Nullreference,0.08736661
55.95746,Nullreference,0.07281371
55.96817,Nullreference,0.06251197
55.97921,Nullreference,0.0480579
55.99063,Nullreference,0.04559869
56.00204,Nullreference,0.04176514
56.01363,Nullreference,0.03931432
56.02401,Nullreference,0.02777427
56.03489,Nullreference,0.02184307
56.04597,Nullreference,0.01320417
56.05701,Nullreference,0.008573229
56.06903,Nullreference,0.01687476
56.07933,Nullreference,0.02632206
56.09048,Nullreference,0.03441775
56.10137,Nullreference,0.05475029
56.11251,Nullreference,0.0592919
56.12404,Nullreference,0.06879769
56.13503,Nullreference,0.07701534
56.14601,Nullreference,0.08310028
56.15721,Nullreference,0.08424265
56.16806,Nullreference,0.08365785
56.17956,Nullreference,0.07575963
56.19065,Nullreference,0.07063316
56.20142,Nullreference,0.05958904
56.21258,Nullreference,0.06254502
56.22375,Nullreference,0.07047377
56.23483,Nullreference,0.07386634
56.2459,Nullreference,0.08226131
56.25693,Nullreference,0.0951857
56.26818,Nullreference,0.1078879
56.27908,Nullreference,0.1161742
56.29024,Nullreference,0.1246895
56.30135,Nullreference,0.1289643
56.31242,Nullreference,0.1239469
56.32374,Nullreference,0.1154066
56.33481,Nullreference,0.1056511
56.34588,Nullreference,0.1008506
56.35703,Nullreference,0.0970732
56.3681,Nullreference,0.1010345
56.37907,Nullreference,0.1042778
56.39023,Nullreference,0.1071441
56.40142,Nullreference,0.1161568
56.41264,Nullreference,0.1194659
56.42391,Nullreference,0.1200487
56.43498,Nullreference,0.127245
56.44577,Nullreference,0.1281275
56.45695,Nullreference,0.1364149
56.46803,Nullreference,0.1447334
56.47901,Nullreference,0.1444011
56.49033,Nullreference,0.1519259
56.50133,Nullreference,0.1483699
56.51332,Nullreference,0.1416496
56.52353,Nullreference,0.1353231
56.53479,Nullreference,0.1285095
56.54566,Nullreference,0.123562
56.55677,Nullreference,0.1243515
56.56799,Nullreference,0.1352035
56.57911,Nullreference,0.1380856
56.5903,Nullreference,0.1435725
56.60134,Nullreference,0.1497774
56.61232,Nullreference,0.1538712
56.6236,Nullreference,0.1586418
56.63459,Nullreference,0.1521233
56.64576,Nullreference,0.1448537
56.65695,Nullreference,0.1282855
56.66792,Nullreference,0.1134969
56.67889,Nullreference,0.1028338
56.69083,Nullreference,0.0890666
56.70124,Nullreference,0.07781588
56.71248,Nullreference,0.06290615
56.72338,Nullreference,0.05689747
56.73448,Nullreference,0.05050372
56.74553,Nullreference,0.04634001
56.75676,Nullreference,0.04163139
56.7677,Nullreference,0.02941809
56.77895,Nullreference,0.01592653
56.79078,Nullreference,0.007948552
56.80116,Nullreference,0.0157102
56.81234,Nullreference,0.01910654
56.82336,Nullreference,0.03054128
56.83455,Nullreference,0.04076137
56.84546,Nullreference,0.0421493
56.85668,Nullreference,0.04800417
56.86778,Nullreference,0.05821672
56.87907,Nullreference,0.06777859
56.89022,Nullreference,0.07602973
56.90116,Nullreference,0.08224322
56.91222,Nullreference,0.09654701
56.92336,Nullreference,0.1191227
56.93443,Nullreference,0.1353903
56.94542,Nullreference,0.1535545
56.95659,Nullreference,0.1776452
56.96783,Nullreference,0.1935416
56.97876,Nullreference,0.2285709
56.98999,Nullreference,0.270628
57.0012,Nullreference,0.3218971
57.01215,Nullreference,0.4022294
57.02334,Nullreference,0.4763328
57.03456,Nullreference,0.5686129
57.04546,Nullreference,0.6759153
57.05684,Nullreference,0.7601907
57.06771,Nullreference,0.8549117
57.07872,Nullreference,0.9345047
57.09001,Nullreference,1.029529
57.10108,Nullreference,1.103637
57.11224,Nullreference,1.196577
57.12328,Nullreference,1.291268
57.13436,Nullreference,1.359887
57.14634,Nullreference,1.442433
57.15669,Nullreference,1.514529
57.16772,Nullreference,1.591473
57.18705,Nullreference,1.659724
57.19453,Nullreference,1.736639
57.2025,Nullreference,1.774055
57.21046,Nullreference,1.833467
57.21865,Nullreference,1.912077
57.2292,Nullreference,1.982058
57.24038,Nullreference,2.037309
57.25165,Nullreference,2.095589
57.26253,Nullreference,2.137783
57.27384,Nullreference,2.183384
57.2849,Nullreference,2.220994
57.29601,Nullreference,2.258494
57.30708,Nullreference,2.279737
57.31826,Nullreference,2.286847
57.32914,Nullreference,2.284418
57.34027,Nullreference,2.265778
57.35155,Nullreference,2.232638
57.36248,Nullreference,2.200248
57.37358,Nullreference,2.152748
57.38489,Nullreference,2.116283
57.39592,Nullreference,2.055557
57.4071,Nullreference,2.003409
57.41836,Nullreference,1.940345
57.42906,Nullreference,1.879966
57.44056,Nullreference,1.818321
57.45123,Nullreference,1.735421
57.46238,Nullreference,1.673707
57.47353,Nullreference,1.592893
57.48466,Nullreference,1.530545
57.49559,Nullreference,1.448462
57.50665,Nullreference,1.375381
57.51776,Nullreference,1.31065
57.53802,Nullreference,1.240511
57.54667,Nullreference,1.182625
57.55339,Nullreference,1.119281
57.56197,Nullreference,1.048761
57.57293,Nullreference,0.9865689
57.58415,Nullreference,0.9265043
57.59517,Nullreference,0.8528766
57.60621,Nullreference,0.7962147
57.61739,Nullreference,0.7337826
57.62847,Nullreference,0.6762393
57.63951,Nullreference,0.6279262
57.65081,Nullreference,0.5716777
57.66181,Nullreference,0.5266013
57.67288,Nullreference,0.4762509
57.68399,Nullreference,0.4220628
57.69511,Nullreference,0.3753044
57.70633,Nullreference,0.3293646
57.71725,Nullreference,0.2832752
57.7285,Nullreference,0.2461775
57.73959,Nullreference,0.2152848
57.75066,Nullreference,0.1858024
57.7617,Nullreference,0.1581583
57.7733,Nullreference,0.131406
57.78392,Nullreference,0.1168102
57.79509,Nullreference,0.1029878
57.80621,Nullreference,0.1016262
57.81738,Nullreference,0.09746362
57.8284,Nullreference,0.1052121
57.84904,Nullreference,0.1125406
57.85563,Nullreference,0.1133276
57.86275,Nullreference,0.1102862
57.87275,Nullreference,0.1012658
57.884,Nullreference,0.09202603
57.89502,Nullreference,0.09139842
57.9061,Nullreference,0.08990058
57.91724,Nullreference,0.0937184
57.92836,Nullreference,0.1095805
57.93941,Nullreference,0.1193598
57.95064,Nullreference,0.1471637
57.96188,Nullreference,0.1757055
57.97269,Nullreference,0.2005666
57.98389,Nullreference,0.2325146
57.99497,Nullreference,0.2588138
58.00607,Nullreference,0.2907733
58.0172,Nullreference,0.3106331
58.02834,Nullreference,0.3283653
58.03934,Nullreference,0.3489964
58.05045,Nullreference,0.3590698
58.06161,Nullreference,0.3704618
58.07265,Nullreference,0.3773805
58.08386,Nullreference,0.3780902
58.0951,Nullreference,0.3783158
58.10612,Nullreference,0.3731602
58.11729,Nullreference,0.3680848
58.12815,Nullreference,0.3496349
58.1394,Nullreference,0.3347333
58.15042,Nullreference,0.3057009
58.1618,Nullreference,0.2799699
58.17278,Nullreference,0.2530332
58.18376,Nullreference,0.2225569
58.19485,Nullreference,0.191347
58.20603,Nullreference,0.1624829
58.21713,Nullreference,0.1376208
58.22816,Nullreference,0.110686
58.23941,Nullreference,0.08782182
58.2505,Nullreference,0.06636741
58.26162,Nullreference,0.06442291
58.27272,Nullreference,0.08543713
58.28413,Nullreference,0.1061116
58.29491,Nullreference,0.1374315
58.30624,Nullreference,0.1706205
58.31777,Nullreference,0.2014766
58.32925,Nullreference,0.2307849
58.34067,Nullreference,0.2451338
58.35202,Nullreference,0.2648958
58.36355,Nullreference,0.2792125
58.37515,Nullreference,0.2832263
58.38644,Nullreference,0.2889824
58.39779,Nullreference,0.2942002
58.40919,Nullreference,0.2933756
58.42067,Nullreference,0.3004861
58.43246,Nullreference,0.3125321
58.44358,Nullreference,0.3204977
58.45568,Nullreference,0.3443995
58.46624,Nullreference,0.3743332
58.47768,Nullreference,0.4207086
58.48876,Nullreference,0.5112
58.49982,Nullreference,0.6187923
58.51105,Nullreference,0.7793146
58.52221,Nullreference,0.922277
58.53316,Nullreference,1.079384
58.54415,Nullreference,1.21655
58.5555,Nullreference,1.3164
58.56647,Nullreference,1.422441
58.57787,Nullreference,1.512414
58.58908,Nullreference,1.614537
58.60014,Nullreference,1.701939
58.61155,Nullreference,1.813447
58.62257,Nullreference,1.913262
58.63365,Nullreference,1.999001
58.64474,Nullreference,2.095508
58.656,Nullreference,2.167813
58.66769,Nullreference,2.241598
58.6782,Nullreference,2.315922
58.68931,Nullreference,2.371885
58.70049,Nullreference,2.448095
58.71176,Nullreference,2.509201
58.72269,Nullreference,2.585141
58.73372,Nullreference,2.654965
58.7449,Nullreference,2.719624
58.7561,Nullreference,2.756599
58.7671,Nullreference,2.787343
58.77832,Nullreference,2.809582
58.78955,Nullreference,2.821025
58.80028,Nullreference,2.817101
58.81146,Nullreference,2.799459
58.82249,Nullreference,2.786444
58.83367,Nullreference,2.771795
58.84493,Nullreference,2.724909
58.85585,Nullreference,2.693561
58.86703,Nullreference,2.651522
58.87833,Nullreference,2.586552
58.88916,Nullreference,2.528977
58.90022,Nullreference,2.4354
58.91131,Nullreference,2.358561
58.9225,Nullreference,2.272402
58.93347,Nullreference,2.191525
58.94465,Nullreference,2.117696
58.95577,Nullreference,2.033543
58.96695,Nullreference,1.959999
58.97807,Nullreference,1.897035
58.98907,Nullreference,1.832622
59.00005,Nullreference,1.775648
59.01118,Nullreference,1.703803
59.0225,Nullreference,1.649254
59.03342,Nullreference,1.603459
59.04452,Nullreference,1.569051
59.05622,Nullreference,1.544971
59.06686,Nullreference,1.53532
59.07828,Nullreference,1.542161
59.08895,Nullreference,1.569164
59.09991,Nullreference,1.604433
59.11123,Nullreference,1.6473
59.12235,Nullreference,1.687145
59.1333,Nullreference,1.725491
59.14437,Nullreference,1.741928
59.15558,Nullreference,1.743146
59.16646,Nullreference,1.735577
59.17785,Nullreference,1.718103
59.18914,Nullreference,1.702979
59.19976,Nullreference,1.680454
59.211,Nullreference,1.665952
59.22198,Nullreference,1.654154
59.23361,Nullreference,1.654685
59.24401,Nullreference,1.673862
59.2552,Nullreference,1.686743
59.26638,Nullreference,1.704453
59.27739,Nullreference,1.722059
59.28881,Nullreference,1.728101
59.29942,Nullreference,1.718707
59.31051,Nullreference,1.714826
59.32177,Nullreference,1.709448
59.33264,Nullreference,1.712348
59.34378,Nullreference,1.707974
59.35495,Nullreference,1.710976
59.36607,Nullreference,1.720658
59.37706,Nullreference,1.734936
59.3885,Nullreference,1.740919
59.39929,Nullreference,1.744505
59.4103,Nullreference,1.729086
59.42163,Nullreference,1.713739
59.43272,Nullreference,1.684732
59.44373,Nullreference,1.664509
59.45483,Nullreference,1.625701
59.46603,Nullreference,1.587514
59.477,Nullreference,1.555658
59.48822,Nullreference,1.505526
59.49926,Nullreference,1.445884
59.51027,Nullreference,1.370502
59.52143,Nullreference,1.309268
59.53252,Nullreference,1.226327
59.54397,Nullreference,1.139257
59.55443,Nullreference,1.05531
59.56555,Nullreference,0.9871265
59.57653,Nullreference,0.9121667
59.5877,Nullreference,0.8619177
59.59887,Nullreference,0.8116059
59.60997,Nullreference,0.7638801
59.62128,Nullreference,0.7307666
59.63224,Nullreference,0.6859221
59.64318,Nullreference,0.6513347
59.65441,Nullreference,0.6052997
59.66545,Nullreference,0.5772943
59.6766,Nullreference,0.551649
59.68774,Nullreference,0.5229415
59.69925,Nullreference,0.5057985
59.71008,Nullreference,0.4811277
59.72102,Nullreference,0.4592857
59.73198,Nullreference,0.430317
59.74309,Nullreference,0.4065128
59.75494,Nullreference,0.366646
59.76548,Nullreference,0.3298921
59.77652,Nullreference,0.2802515
59.78755,Nullreference,0.2284855
59.79859,Nullreference,0.1781777
59.80976,Nullreference,0.1397901
59.82108,Nullreference,0.1045812
59.83212,Nullreference,0.09554348
59.84315,Nullreference,0.1187478
59.85427,Collider_Roger_Body,0.1608171
59.86541,Collider_Roger_Body,0.202035
59.87663,Collider_Roger_Body,0.257609
59.88752,Collider_Roger_Body,0.2992839
59.89864,Collider_Roger_Body,0.3493986
59.90973,Collider_Roger_Body,0.3847703
59.92093,Collider_Roger_Body,0.402702
59.93197,Collider_Roger_Body,0.4255149
59.94326,Collider_Roger_Body,0.4403003
59.95422,Collider_Roger_Body,0.4462239
59.96527,Collider_Roger_Body,0.448981
59.97632,Collider_Roger_Body,0.4510725
59.98743,Collider_Roger_Body,0.4433019
59.99853,Collider_Roger_Body,0.4417338
60.00964,Collider_Roger_Body,0.4308435
60.0209,Collider_Roger_Body,0.4284588
60.03183,Collider_Roger_Body,0.4234666
60.04305,Collider_Roger_Body,0.417397
60.05404,Collider_Roger_Body,0.4140886
60.0653,Collider_Roger_Body,0.411284
60.07633,Collider_Roger_Body,0.413275
60.0874,Collider_Roger_Body,0.4062305
60.09847,Collider_Roger_Body,0.40747
60.10971,Collider_Roger_Body,0.3987111
60.12091,Collider_Roger_Body,0.3914281
60.13178,Collider_Roger_Body,0.3823427
60.14304,Collider_Roger_Body,0.3759387
60.15405,Collider_Roger_Body,0.3703633
60.16513,Collider_Roger_Body,0.37066
60.17613,Collider_Roger_Body,0.3606843
60.18772,Collider_Roger_Body,0.3539955
60.19839,Collider_Roger_Body,0.3503112
60.20951,Collider_Roger_Body,0.3401909
60.22057,Collider_Roger_Body,0.3264926
60.23166,Collider_Roger_Body,0.3133857
60.24279,Collider_Roger_Body,0.308195
60.25393,Collider_Roger_Body,0.2935129
60.26497,Collider_Roger_Body,0.2892046
60.27621,Collider_Roger_Body,0.2804213
60.28721,Collider_Roger_Body,0.2681188
60.29823,Collider_Roger_Body,0.253462
60.30936,Collider_Roger_Body,0.2459096
60.32056,Collider_Roger_Body,0.2371598
60.33159,Collider_Roger_Body,0.2223644
60.3427,Collider_Roger_Body,0.2131825
60.35389,Collider_Roger_Body,0.194962
60.36508,Collider_Roger_Body,0.1821217
60.37646,Collider_Roger_Body,0.1696253
60.38723,Collider_Roger_Body,0.1569138
60.39827,Collider_Roger_Body,0.1466494
60.40931,Collider_Roger_Body,0.140307
60.42043,Collider_Roger_Body,0.135467
60.43156,Collider_Roger_Body,0.1440695
60.4427,Collider_Roger_Body,0.1579755
60.45367,Collider_Roger_Body,0.1745066
60.465,Collider_Roger_Body,0.1994415
60.47601,Collider_Roger_Body,0.2378289
60.4873,Collider_Roger_Body,0.2695128
60.49825,Collider_Roger_Body,0.3066192
60.50929,Collider_Roger_Body,0.3321196
60.52037,Collider_Roger_Body,0.3681839
60.53154,Collider_Roger_Body,0.4007823
60.54258,Collider_Roger_Body,0.4328889
60.55366,Collider_Roger_Body,0.4479726
60.56488,Collider_Roger_Body,0.4623635
60.576,Collider_Roger_Body,0.4620619
60.587,Collider_Roger_Body,0.4548471
60.59814,Collider_Roger_Body,0.4648313
60.60917,Collider_Roger_Body,0.4742056
60.62036,Collider_Roger_Body,0.4896688
60.63145,Collider_Roger_Body,0.4944035
60.64255,Collider_Roger_Body,0.4730979
60.65371,Collider_Roger_Body,0.4402755
60.66497,Collider_Roger_Body,0.3955325
60.67598,Collider_Roger_Body,0.3650386
60.68714,Collider_Roger_Body,0.3351797
60.69813,Collider_Roger_Body,0.317724
60.7092,Collider_Roger_Body,0.2969523
60.72033,Collider_Roger_Body,0.2769293
60.73136,Collider_Roger_Body,0.246471
60.7426,Collider_Roger_Body,0.2200847
60.75358,Collider_Roger_Body,0.2011091
60.76477,Collider_Roger_Body,0.1753731
60.77576,Collider_Roger_Body,0.1576681
60.78702,Collider_Roger_Body,0.1433901
60.79802,Collider_Roger_Body,0.1308583
60.80912,Collider_Roger_Body,0.1235481
60.82022,Collider_Roger_Body,0.1109653
60.83134,Collider_Roger_Body,0.1043419
60.84255,Collider_Roger_Body,0.09979054
60.85353,Collider_Roger_Body,0.09691868
60.86478,Collider_Roger_Body,0.09873858
60.8758,Collider_Roger_Body,0.1000767
60.88689,Collider_Roger_Body,0.1063817
60.898,Collider_Roger_Body,0.1054263
60.90908,Collider_Roger_Body,0.112918
60.92016,Collider_Roger_Body,0.1151771
60.93124,Collider_Roger_Body,0.1115101
60.94244,Collider_Roger_Body,0.1064914
60.95358,Collider_Roger_Body,0.0954317
60.9648,Collider_Roger_Body,0.08473747
60.97568,Collider_Roger_Body,0.07199989
60.98688,Collider_Roger_Body,0.06750634
60.9981,Collider_Roger_Body,0.06946755
61.00909,Collider_Roger_Body,0.07544489
61.02043,Collider_Roger_Body,0.07753292
61.0313,Collider_Roger_Body,0.08026657
61.04239,Collider_Roger_Body,0.07227886
61.05352,Collider_Roger_Body,0.06249965
61.0646,Collider_Roger_Body,0.04841278
61.07567,Collider_Roger_Body,0.03784758
61.08701,Collider_Roger_Body,0.03451268
61.09798,Collider_Roger_Body,0.03352924
61.10893,Collider_Roger_Body,0.04197647
61.12016,Collider_Roger_Body,0.04602641
61.13114,Collider_Roger_Body,0.0539294
61.14234,Collider_Roger_Body,0.06580082
61.15342,Collider_Roger_Body,0.07002947
61.16451,Collider_Roger_Body,0.08138636
61.17558,Collider_Roger_Body,0.08912379
61.18726,Collider_Roger_Body,0.08929273
61.19791,Collider_Roger_Body,0.08684389
61.20892,Collider_Roger_Body,0.08353768
61.22002,Collider_Roger_Body,0.08371183
61.23112,Collider_Roger_Body,0.07134832
61.24223,Collider_Roger_Body,0.06977008
61.25345,Collider_Roger_Body,0.06973752
61.26452,Collider_Roger_Body,0.07813885
61.27586,Collider_Roger_Body,0.08137244
61.28693,Collider_Roger_Body,0.08096694
61.29777,Collider_Roger_Body,0.06855064
61.30886,Collider_Roger_Body,0.05769645
61.32003,Collider_Roger_Body,0.04723626
61.33109,Collider_Roger_Body,0.05498262
61.34227,Collider_Roger_Body,0.0783177
61.35337,Collider_Roger_Body,0.09828322
61.36458,Collider_Roger_Body,0.1155571
61.37551,Collider_Roger_Body,0.121057
61.38662,Collider_Roger_Body,0.1201361
61.39771,Collider_Roger_Body,0.1145591
61.40885,Collider_Roger_Body,0.110212
61.41991,Collider_Roger_Body,0.1053667
61.43106,Collider_Roger_Body,0.1082272
61.44215,Collider_Roger_Body,0.1154093
61.45327,Collider_Roger_Body,0.1249182
61.46441,Collider_Roger_Body,0.1342641
61.47551,Collider_Roger_Body,0.1334098
61.48669,Collider_Roger_Body,0.1276561
61.49771,Collider_Roger_Body,0.1218076
61.5088,Collider_Roger_Body,0.114557
61.51997,Collider_Roger_Body,0.1139844
61.53098,Collider_Roger_Body,0.1171537
61.54213,Collider_Roger_Body,0.1157271
61.55322,Collider_Roger_Body,0.1139064
61.56438,Collider_Roger_Body,0.1133368
61.57548,Collider_Roger_Body,0.118873
61.58656,Collider_Roger_Body,0.1281781
61.59763,Collider_Roger_Body,0.1248787
61.60895,Collider_Roger_Body,0.1268013
61.61987,Collider_Roger_Body,0.1286488
61.63094,Collider_Roger_Body,0.1340407
61.6423,Collider_Roger_Body,0.1469658
61.65315,Collider_Roger_Body,0.1531617
61.66424,Collider_Roger_Body,0.1615458
61.67542,Collider_Roger_Body,0.1601475
61.68655,Collider_Roger_Body,0.16194
61.69754,Collider_Roger_Body,0.1535498
61.70878,Collider_Roger_Body,0.1528784
61.71988,Collider_Roger_Body,0.1602215
61.73096,Collider_Roger_Body,0.1566516
61.74202,Collider_Roger_Body,0.1646958
61.75312,Collider_Roger_Body,0.165463
61.76426,Collider_Roger_Body,0.1716365
61.77525,Collider_Roger_Body,0.1738157
61.78643,Collider_Roger_Body,0.175275
61.7977,Collider_Roger_Body,0.1714315
61.80863,Collider_Roger_Body,0.1671668
61.81976,Collider_Roger_Body,0.1590054
61.8309,Collider_Roger_Body,0.152222
61.84199,Collider_Roger_Body,0.1384822
61.85311,Collider_Roger_Body,0.1334152
61.86437,Collider_Roger_Body,0.1295085
61.87587,Collider_Roger_Body,0.1297107
61.88641,Collider_Roger_Body,0.1330573
61.89744,Collider_Roger_Body,0.1289989
61.90866,Collider_Roger_Body,0.1230841
61.91971,Collider_Roger_Body,0.1106689
61.93081,Collider_Roger_Body,0.09029032
61.94194,Collider_Roger_Body,0.07251455
61.95298,Collider_Roger_Body,0.04387544
61.96426,Collider_Roger_Body,0.02432151
61.97518,Collider_Roger_Body,0.0406724
61.98643,Collider_Roger_Body,0.06117905
61.99746,Collider_Roger_Body,0.09344325
62.00864,Collider_Roger_Body,0.1183887
62.0196,Collider_Roger_Body,0.150866
62.03083,Collider_Roger_Body,0.1820569
62.04196,Collider_Roger_Body,0.2151264
62.05296,Collider_Roger_Body,0.2416647
62.0642,Collider_Roger_Body,0.25331
62.0752,Collider_Roger_Body,0.2576857
62.08631,Collider_Roger_Body,0.2522653
62.0974,Collider_Roger_Body,0.2365557
62.10844,Collider_Roger_Body,0.2197593
62.11981,Collider_Roger_Body,0.2080986
62.13066,Collider_Roger_Body,0.2001002
62.14182,Collider_Roger_Body,0.1829172
62.15297,Collider_Roger_Body,0.1767745
62.1641,Collider_Roger_Body,0.1837622
62.17518,Collider_Roger_Body,0.2063445
62.18642,Collider_Roger_Body,0.2281796
62.19744,Collider_Roger_Body,0.2510193
62.20857,Collider_Roger_Body,0.2659438
62.21959,Collider_Roger_Body,0.2708082
62.23066,Collider_Roger_Body,0.2664052
62.24194,Collider_Roger_Body,0.2586799
62.25304,Collider_Roger_Body,0.262405
62.26421,Collider_Roger_Body,0.2650062
62.27516,Collider_Roger_Body,0.2735665
62.2863,Collider_Roger_Body,0.2795557
62.29748,Collider_Roger_Body,0.2782297
62.30846,Collider_Roger_Body,0.2787899
62.3196,Collider_Roger_Body,0.2849812
62.33072,Collider_Roger_Body,0.2889569
62.34201,Collider_Roger_Body,0.3006573
62.35285,Collider_Roger_Body,0.3126544
62.36415,Collider_Roger_Body,0.3262629
62.37506,Collider_Roger_Body,0.3411966
62.38622,Collider_Roger_Body,0.3503862
62.3973,Collider_Roger_Body,0.3687031
62.40837,Collider_Roger_Body,0.389728
62.41953,Collider_Roger_Body,0.4174988
62.43061,Collider_Roger_Body,0.4417166
62.44183,Collider_Roger_Body,0.4662966
62.45285,Collider_Roger_Body,0.4893421
62.46408,Collider_Roger_Body,0.5174598
62.47506,Collider_Roger_Body,0.5401043
62.48625,Collider_Roger_Body,0.5551476
62.49737,Collider_Roger_Body,0.5760671
62.50848,Collider_Roger_Body,0.5943916
62.51962,Collider_Roger_Body,0.6041446
62.5307,Collider_Roger_Body,0.6156963
62.54186,Collider_Roger_Body,0.6113028
62.55293,Collider_Roger_Body,0.6042533
62.56398,Collider_Roger_Body,0.593542
62.57508,Collider_Roger_Body,0.5875394
62.58633,Collider_Roger_Body,0.5782124
62.59738,Collider_Roger_Body,0.570823
62.60844,Collider_Roger_Body,0.5545754
62.6196,Collider_Roger_Body,0.5322242
62.63069,Collider_Roger_Body,0.5097948
62.64178,Collider_Roger_Body,0.4846941
62.65297,Collider_Roger_Body,0.4556531
62.66409,Collider_Roger_Body,0.4327027
62.67522,Collider_Roger_Body,0.4081709
62.68626,Collider_Roger_Body,0.387022
62.69739,Collider_Roger_Body,0.3659266
62.70845,Collider_Roger_Body,0.3470356
62.71967,Collider_Roger_Body,0.3352156
62.73061,Collider_Roger_Body,0.3225799
62.74168,Collider_Roger_Body,0.3138599
62.75318,Collider_Roger_Body,0.3168099
62.76406,Collider_Roger_Body,0.3175508
62.77526,Collider_Roger_Body,0.3274616
62.78636,Collider_Roger_Body,0.3342856
62.79732,Collider_Roger_Body,0.3372734
62.80853,Collider_Roger_Body,0.3387288
62.81953,Collider_Roger_Body,0.3289307
62.83072,Collider_Roger_Body,0.319837
62.84172,Collider_Roger_Body,0.3031137
62.85292,Collider_Roger_Body,0.2978284
62.86403,Collider_Roger_Body,0.2944635
62.87497,Collider_Roger_Body,0.2896897
62.8862,Collider_Roger_Body,0.2777862
62.89723,Collider_Roger_Body,0.2647219
62.90829,Collider_Roger_Body,0.2452736
62.91941,Collider_Roger_Body,0.2200238
62.93068,Collider_Roger_Body,0.2012862
62.94159,Collider_Roger_Body,0.1919372
62.95287,Collider_Roger_Body,0.1925011
62.96413,Collider_Roger_Body,0.2055547
62.9751,Collider_Roger_Body,0.2322877
62.98618,Collider_Roger_Body,0.267523
62.99716,Collider_Roger_Body,0.3102685
63.00835,Collider_Roger_Body,0.3448178
63.01941,Collider_Roger_Body,0.3899294
63.03057,Collider_Roger_Body,0.4332564
63.04169,Collider_Roger_Body,0.4620394
63.05276,Collider_Roger_Body,0.4713358
63.06384,Collider_Roger_Body,0.4680611
63.07494,Collider_Roger_Body,0.4591978
63.08697,Collider_Roger_Body,0.4337215
63.09719,Collider_Roger_Body,0.4042382
63.1083,Collider_Roger_Body,0.3735868
63.11937,Collider_Roger_Body,0.3381609
63.13045,Collider_Roger_Body,0.3158049
63.14155,Collider_Roger_Body,0.2884113
63.15266,Collider_Roger_Body,0.2483002
63.16402,Nullreference,0.2141712
63.17502,Nullreference,0.178792
63.18615,Nullreference,0.144364
63.19727,Nullreference,0.1226362
63.20843,Nullreference,0.1025633
63.2194,Nullreference,0.08202042
63.23058,Nullreference,0.05449862
63.24158,Nullreference,0.0411082
63.25284,Nullreference,0.0393821
63.2639,Nullreference,0.05066372
63.27518,Nullreference,0.05992894
63.28617,Nullreference,0.0726929
63.29712,Nullreference,0.07963008
63.30821,Nullreference,0.09109916
63.3193,Nullreference,0.0914369
63.3305,Nullreference,0.09189145
63.34151,Nullreference,0.08642066
63.35269,Nullreference,0.09500914
63.36372,Nullreference,0.116066
63.37505,Nullreference,0.1409543
63.38641,Nullreference,0.1689081
63.39713,Nullreference,0.2001779
63.40823,Nullreference,0.2208192
63.41921,Nullreference,0.249503
63.4304,Nullreference,0.2747286
63.44141,Nullreference,0.3028214
63.45255,Nullreference,0.3215903
63.46397,Nullreference,0.3419169
63.47506,Nullreference,0.3623981
63.48624,Nullreference,0.3686584
63.49704,Nullreference,0.3821485
63.50818,Nullreference,0.4018396
63.5192,Nullreference,0.4165453
63.53024,Nullreference,0.4293664
63.5414,Nullreference,0.4381078
63.55258,Nullreference,0.4453995
63.56363,Nullreference,0.4458815
63.57466,Nullreference,0.4285504
63.58599,Nullreference,0.4022531
63.59693,Nullreference,0.3712406
63.6081,Nullreference,0.3418002
63.61917,Nullreference,0.3063087
63.63021,Nullreference,0.2775011
63.64135,Nullreference,0.2528754
63.65253,Nullreference,0.2550766
63.66365,Nullreference,0.2951406
63.6746,Nullreference,0.3572396
63.68602,Nullreference,0.4275205
63.69699,Nullreference,0.5183814
63.70911,Nullreference,0.6153156
63.71918,Nullreference,0.6848165
63.73028,Nullreference,0.7598674
63.74128,Nullreference,0.8184921
63.75248,Nullreference,0.8880376
63.76359,Nullreference,0.9382699
63.77457,Nullreference,0.9962135
63.78609,Nullreference,1.033084
63.79698,Nullreference,1.069899
63.80803,Nullreference,1.10193
63.81907,Nullreference,1.132182
63.83019,Nullreference,1.162247
63.84122,Nullreference,1.178533
63.85232,Nullreference,1.189619
63.8634,Nullreference,1.188353
63.87467,Nullreference,1.18539
63.88586,Nullreference,1.16511
63.89677,Nullreference,1.149063
63.90795,Nullreference,1.128746
63.91899,Nullreference,1.105832
63.9301,Nullreference,1.088227
63.94122,Nullreference,1.070541
63.95233,Nullreference,1.046589
63.96346,Nullreference,1.030695
63.97453,Nullreference,1.012964
63.98592,Nullreference,0.9960984
63.9968,Nullreference,0.9723397
64.00782,Nullreference,0.9576966
64.01916,Nullreference,0.9442818
64.03009,Nullreference,0.9303388
64.04122,Nullreference,0.9184565
64.05254,Nullreference,0.9028963
64.06348,Nullreference,0.8913686
64.07454,Nullreference,0.8782246
64.08592,Nullreference,0.8672346
64.09675,Nullreference,0.845983
64.10789,Nullreference,0.8306291
64.11911,Nullreference,0.814335
64.13001,Nullreference,0.799585
64.14137,Nullreference,0.7926002
64.15229,Nullreference,0.7816342
64.16333,Nullreference,0.7783806
64.17435,Nullreference,0.7727599
64.1856,Nullreference,0.7661157
64.1967,Nullreference,0.7563072
64.20796,Nullreference,0.7474315
64.21889,Nullreference,0.7433492
64.23005,Nullreference,0.7318046
64.24111,Nullreference,0.7260425
64.25224,Nullreference,0.7098716
64.2633,Nullreference,0.6994156
64.27489,Nullreference,0.6853225
64.28565,Nullreference,0.6785569
64.29674,Nullreference,0.6705415
64.30773,Nullreference,0.6604021
64.31899,Nullreference,0.6518882
64.3299,Nullreference,0.638195
64.34132,Nullreference,0.6196694
64.35236,Nullreference,0.5890358
64.36326,Nullreference,0.5595454
64.37438,Nullreference,0.5196145
64.38548,Nullreference,0.4739515
64.39651,Nullreference,0.4181412
64.40769,Nullreference,0.3640482
64.41881,Nullreference,0.3015084
64.42989,Nullreference,0.2298816
64.44102,Nullreference,0.1816415
64.45232,Nullreference,0.1068775
64.46346,Nullreference,0.08815292
64.4743,Nullreference,0.1599435
64.48569,Nullreference,0.277746
64.49654,Nullreference,0.3982652
64.50765,Nullreference,0.5372151
64.51881,Nullreference,0.6569397
64.52986,Nullreference,0.7956573
64.54095,Nullreference,0.9179328
64.55224,Nullreference,1.040209
64.56315,Nullreference,1.204702
64.57425,Nullreference,1.326173
64.58547,Nullreference,1.478301
64.59646,Nullreference,1.627142
64.60767,Nullreference,1.768509
64.61891,Nullreference,1.931529
64.62978,Nullreference,2.053586
64.64082,Nullreference,2.200693
64.65197,Nullreference,2.322719
64.66308,Nullreference,2.466057
64.67416,Nullreference,2.57793
64.68544,Nullreference,2.665003
64.69645,Nullreference,2.748641
64.70757,Nullreference,2.810972
64.71865,Nullreference,2.846967
64.72966,Nullreference,2.879764
64.74078,Nullreference,2.907452
64.75217,Nullreference,2.952645
64.76308,Nullreference,2.99826
64.77419,Nullreference,3.050257
64.78525,Nullreference,3.098763
64.79636,Nullreference,3.143571
64.80736,Nullreference,3.184131
64.81859,Nullreference,3.207398
64.82961,Nullreference,3.231363
64.84068,Nullreference,3.248515
64.85175,Nullreference,3.270626
64.86279,Nullreference,3.281527
64.87393,Nullreference,3.289635
64.88505,Nullreference,3.284838
64.89606,Nullreference,3.286008
64.90726,Nullreference,3.274268
64.91831,Nullreference,3.257785
64.92937,Nullreference,3.236979
64.94057,Nullreference,3.210994
64.95168,Nullreference,3.181247
64.96271,Nullreference,3.143554
64.97387,Nullreference,3.111285
64.98511,Nullreference,3.083642
64.99603,Nullreference,3.053393
65.00737,Nullreference,3.022475
65.01839,Nullreference,2.996653
65.0294,Nullreference,2.964849
65.0405,Nullreference,2.939142
65.05169,Nullreference,2.915263
65.06274,Nullreference,2.889989
65.07379,Nullreference,2.866084
65.08501,Nullreference,2.846515
65.09604,Nullreference,2.829737
65.10724,Nullreference,2.813031
65.11825,Nullreference,2.792502
65.12931,Nullreference,2.768512
65.14046,Nullreference,2.748846
65.15161,Nullreference,2.730401
65.16279,Collider_Roger_Body,2.721143
65.17375,Collider_Roger_Body,2.712274
65.18501,Collider_Roger_Body,2.710358
65.19611,Collider_Roger_Body,2.711506
65.2074,Collider_Roger_Body,2.724129
65.21896,Collider_Roger_Body,2.732256
65.22964,Collider_Roger_Body,2.73804
65.24072,Collider_Roger_Body,2.74444
65.25201,Collider_Roger_Body,2.75296
65.26331,Collider_Roger_Body,2.75301
65.27418,Collider_Roger_Body,2.750398
65.28545,Collider_Roger_Body,2.737917
65.29637,Collider_Roger_Body,2.739039
65.30744,Collider_Roger_Body,2.721573
65.31846,Collider_Roger_Body,2.707513
65.32954,Collider_Roger_Body,2.689319
65.34078,Collider_Roger_Body,2.655273
65.35188,Collider_Roger_Body,2.616965
65.36313,Collider_Roger_Body,2.579476
65.37415,Collider_Roger_Body,2.524788
65.38557,Collider_Roger_Body,2.472265
65.39642,Collider_Roger_Body,2.396237
65.4076,Collider_Roger_Body,2.317142
65.41908,Collider_Roger_Body,2.227723
65.43,Collider_Roger_Body,2.130605
65.4411,Collider_Roger_Body,2.016116
65.45226,Collider_Roger_Body,1.891631
65.4633,Collider_Roger_Body,1.777403
65.47435,Collider_Roger_Body,1.636963
65.48553,Collider_Roger_Body,1.505274
65.49688,Collider_Roger_Body,1.346143
65.50777,Collider_Roger_Body,1.180059
65.51888,Collider_Roger_Body,1.054494
65.53006,Collider_Roger_Body,0.9026921
65.54117,Collider_Roger_Body,0.7836645
65.55215,Collider_Roger_Body,0.6518033
65.56355,Collider_Roger_Body,0.5456214
65.57438,Collider_Roger_Body,0.4294399
65.58553,Collider_Roger_Body,0.3143855
65.5966,Collider_Roger_Body,0.2382564
65.6077,Collider_Roger_Body,0.157577
65.6188,Collider_Roger_Body,0.1061938
65.62997,Collider_Roger_Body,0.07616523
65.64094,Collider_Roger_Body,0.09553643
65.65218,Collider_Roger_Body,0.1451423
65.66315,Collider_Roger_Body,0.2140468
65.67429,Collider_Roger_Body,0.2646437
65.68555,Collider_Roger_Body,0.3252062
65.69652,Collider_Roger_Body,0.3932022
65.70795,Collider_Roger_Body,0.5045837
65.71886,Collider_Roger_Body,0.5939582
65.72983,Collider_Roger_Body,0.6050783
65.74093,Collider_Roger_Body,0.5268446
65.75224,Collider_Roger_Body,0.4712177
65.76328,Collider_Roger_Body,0.5767231
65.7743,Collider_Roger_Body,0.665686
65.78534,Collider_Roger_Body,0.6719017
65.79646,Collider_Roger_Body,0.5846635
65.80756,Collider_Roger_Body,0.4282601
65.81951,Collider_Roger_Body,0.3054173
65.82986,Collider_Roger_Body,0.2351775
65.84096,Collider_Roger_Body,0.1970997
65.85213,Collider_Roger_Body,0.1985516
65.86316,Collider_Roger_Body,0.2197307
65.87418,Collider_Roger_Body,0.2460527
65.88538,Collider_Roger_Body,0.2508115
65.89644,Collider_Roger_Body,0.2514253
65.90752,Collider_Roger_Body,0.2774966
65.91859,Collider_Roger_Body,0.3172247
65.92979,Collider_Roger_Body,0.3703137
65.94098,Collider_Roger_Body,0.39778
65.9521,Collider_Roger_Body,0.404821
65.96314,Collider_Roger_Body,0.3989599
65.97419,Collider_Roger_Body,0.3717878
65.98538,Collider_Roger_Body,0.3361769
65.99645,Collider_Roger_Body,0.3176988
66.00766,Collider_Roger_Body,0.3166707
66.01907,Collider_Roger_Body,0.3169356
66.02971,Collider_Roger_Body,0.3254606
66.04084,Collider_Roger_Body,0.321367
66.05206,Collider_Roger_Body,0.3141247
66.06307,Collider_Roger_Body,0.2974752
66.07424,Collider_Roger_Body,0.2698958
66.08537,Collider_Roger_Body,0.2286155
66.09657,Collider_Roger_Body,0.1835024
66.10757,Collider_Roger_Body,0.1245234
66.11865,Collider_Roger_Body,0.0796701
66.12964,Collider_Roger_Body,0.04732499
66.14082,Collider_Roger_Body,0.04074859
66.15195,Collider_Roger_Body,0.0547803
66.16319,Collider_Roger_Body,0.06162141
66.1741,Collider_Roger_Body,0.06453159
66.18569,Collider_Roger_Body,0.07323243
66.19622,Collider_Roger_Body,0.09982005
66.2076,Collider_Roger_Body,0.1380618
66.21918,Collider_Roger_Body,0.1644367
66.22993,Collider_Roger_Body,0.1969365
66.24066,Collider_Roger_Body,0.2118956
66.25185,Collider_Roger_Body,0.2225915
66.26329,Collider_Roger_Body,0.2178099
66.27397,Collider_Roger_Body,0.2039044
66.28517,Collider_Roger_Body,0.1839608
66.29638,Collider_Roger_Body,0.1664666
66.30737,Collider_Roger_Body,0.1521146
66.3186,Collider_Roger_Body,0.1340682
66.32961,Collider_Roger_Body,0.1278785
66.34062,Collider_Roger_Body,0.1306672
66.35189,Collider_Roger_Body,0.1309561
66.36282,Collider_Roger_Body,0.1355758
66.37434,Collider_Roger_Body,0.1460648
66.38531,Collider_Roger_Body,0.1623244
66.39623,Collider_Roger_Body,0.1778089
66.40736,Collider_Roger_Body,0.1830089
66.41842,Collider_Roger_Body,0.1948119
66.42986,Collider_Roger_Body,0.2009703
66.44066,Collider_Roger_Body,0.2040329
66.45181,Collider_Roger_Body,0.2062285
66.46294,Collider_Roger_Body,0.2099356
66.47411,Collider_Roger_Body,0.21935
66.48519,Collider_Roger_Body,0.2298869
66.4962,Collider_Roger_Body,0.2480199
66.50728,Collider_Roger_Body,0.2713763
66.51878,Collider_Roger_Body,0.2919808
66.5294,Collider_Roger_Body,0.3162417
66.54072,Collider_Roger_Body,0.3303635
66.55167,Collider_Roger_Body,0.3384027
66.56289,Collider_Roger_Body,0.3343355
66.57385,Collider_Roger_Body,0.3145165
66.58503,Collider_Roger_Body,0.2859218
66.59618,Collider_Roger_Body,0.2646347
66.60777,Collider_Roger_Body,0.2487047
66.61829,Collider_Roger_Body,0.2356221
66.62971,Collider_Roger_Body,0.2282398
66.64052,Collider_Roger_Body,0.2227814
66.65186,Collider_Roger_Body,0.2234115
66.66285,Collider_Roger_Body,0.2093163
66.6739,Collider_Roger_Body,0.175567
66.68542,Collider_Roger_Body,0.1419856
66.69613,Collider_Roger_Body,0.09485449
66.70757,Collider_Roger_Body,0.0635731
66.71834,Collider_Roger_Body,0.03421884
66.72952,Collider_Roger_Body,0.03320779
66.74055,Collider_Roger_Body,0.03547995
66.75169,Collider_Roger_Body,0.04689491
66.76315,Collider_Roger_Body,0.05941507
66.77398,Collider_Roger_Body,0.08013569
66.78494,Collider_Roger_Body,0.1083833
66.79627,Collider_Roger_Body,0.139051
66.80721,Collider_Roger_Body,0.1867343
66.81822,Collider_Roger_Body,0.2361543
66.82935,Collider_Roger_Body,0.3058615
66.84057,Collider_Roger_Body,0.3814739
66.85165,Collider_Roger_Body,0.4951831
66.86301,Collider_Roger_Body,0.639664
66.8742,Collider_Roger_Body,0.7734516
66.88494,Collider_Roger_Body,0.9327888
66.89636,Collider_Roger_Body,1.057319
66.90708,Collider_Roger_Body,1.146823
66.91817,Collider_Roger_Body,1.168426
66.92931,Collider_Roger_Body,1.165673
66.94038,Collider_Roger_Body,1.16286
66.95171,Collider_Roger_Body,1.165039
66.96261,Collider_Roger_Body,1.180859
66.97392,Collider_Roger_Body,1.187182
66.98495,Collider_Roger_Body,1.175095
66.99619,Collider_Roger_Body,1.138889
67.00706,Collider_Roger_Body,1.065779
67.01817,Collider_Roger_Body,0.974597
67.03002,Collider_Roger_Body,0.8984286
67.03986,Collider_Roger_Body,0.8068841
67.05097,Collider_Roger_Body,0.7368308
67.0621,Collider_Roger_Body,0.6772155
67.07327,Collider_Roger_Body,0.6245927
67.08437,Collider_Roger_Body,0.5910823
67.09547,Collider_Roger_Body,0.5540832
67.10667,Collider_Roger_Body,0.5256902
67.11758,Collider_Roger_Body,0.4986892
67.12876,Collider_Roger_Body,0.462743
67.13993,Collider_Roger_Body,0.4284673
67.15104,Collider_Roger_Body,0.3926124
67.17499,Collider_Roger_Body,0.3724848
67.18311,Collider_Roger_Body,0.3442587
67.19051,Collider_Roger_Body,0.3126589
67.20145,Collider_Roger_Body,0.2838925
67.21252,Collider_Roger_Body,0.2600548
67.22362,Collider_Roger_Body,0.2479721
67.23479,Collider_Roger_Body,0.2466436
67.24585,Collider_Roger_Body,0.2476929
67.25703,Collider_Roger_Body,0.2643661
67.268,Collider_Roger_Body,0.2959059
67.27912,Collider_Roger_Body,0.3305983
67.29034,Collider_Roger_Body,0.368822
67.30134,Collider_Roger_Body,0.4106175
67.31246,Collider_Roger_Body,0.4468116
67.32396,Collider_Roger_Body,0.4778494
67.33469,Collider_Roger_Body,0.5095645
67.34568,Collider_Roger_Body,0.5344338
67.35697,Collider_Roger_Body,0.5497185
67.36788,Collider_Roger_Body,0.551165
67.37904,Collider_Roger_Body,0.5378588
67.3904,Collider_Roger_Body,0.5146389
67.40125,Collider_Roger_Body,0.4756696
67.41234,Collider_Roger_Body,0.4434965
67.42352,Collider_Roger_Body,0.4078471
67.4346,Collider_Roger_Body,0.3741815
67.44561,Collider_Roger_Body,0.3333966
67.45679,Collider_Roger_Body,0.2990468
67.46797,Collider_Roger_Body,0.2451654
67.47897,Collider_Roger_Body,0.1972887
67.49017,Collider_Roger_Body,0.1584622
67.50128,Collider_Roger_Body,0.1339348
67.51237,Collider_Roger_Body,0.1164875
67.52349,Collider_Roger_Body,0.1225347
67.53458,Collider_Roger_Body,0.1371364
67.54565,Collider_Roger_Body,0.1491418
67.55707,Collider_Roger_Body,0.1598046
67.56794,Collider_Roger_Body,0.1659477
67.57899,Collider_Roger_Body,0.1639863
67.59026,Collider_Roger_Body,0.1702342
67.60116,Collider_Roger_Body,0.1732768
67.6123,Collider_Roger_Body,0.181207
67.6235,Collider_Roger_Body,0.1852886
67.63463,Collider_Roger_Body,0.1894087
67.64631,Collider_Roger_Body,0.1829053
67.65756,Collider_Roger_Body,0.1794718
67.66893,Collider_Roger_Body,0.1766322
67.6806,Collider_Roger_Body,0.1691738
67.69182,Collider_Roger_Body,0.1574282
67.70334,Collider_Roger_Body,0.1413632
67.71469,Collider_Roger_Body,0.1158449
67.72632,Collider_Roger_Body,0.09654764
67.7375,Collider_Roger_Body,0.08515004
67.74894,Collider_Roger_Body,0.09090403
67.76038,Collider_Roger_Body,0.1147604
67.7719,Collider_Roger_Body,0.1506736
67.78331,Collider_Roger_Body,0.185921
67.79479,Collider_Roger_Body,0.224202
67.80606,Nullreference,0.2693234
67.81728,Nullreference,0.3061052
67.82831,Nullreference,0.3325841
67.83944,Nullreference,0.3670757
67.85056,Nullreference,0.3894018
67.86177,Nullreference,0.4158272
67.8728,Nullreference,0.4338196
67.88377,Nullreference,0.4417543
67.89511,Nullreference,0.4474894
67.90601,Nullreference,0.43987
67.91702,Nullreference,0.4414159
67.92813,Nullreference,0.436118
67.93938,Nullreference,0.4271856
67.95039,Nullreference,0.4192979
67.96146,Nullreference,0.4076489
67.97258,Nullreference,0.3965313
67.9836,Nullreference,0.3758093
67.9948,Nullreference,0.3594109
68.00593,Nullreference,0.342377
68.01698,Nullreference,0.3313894
68.02819,Nullreference,0.3216054
68.03918,Nullreference,0.3195499
68.05047,Nullreference,0.3134467
68.06139,Nullreference,0.309746
68.0725,Nullreference,0.2942301
68.0836,Nullreference,0.2657846
68.09482,Nullreference,0.2280245
68.10593,Nullreference,0.1857739
68.11689,Nullreference,0.1480106
68.12807,Nullreference,0.111352
68.13914,Nullreference,0.08106162
68.15026,Nullreference,0.05345413
68.16135,Nullreference,0.03650921
68.17239,Nullreference,0.03104576
68.18379,Nullreference,0.0463327
68.19463,Nullreference,0.06199712
68.20577,Nullreference,0.07522602
68.21694,Nullreference,0.07809803
68.22803,Nullreference,0.06863842
68.23909,Nullreference,0.0604714
68.2504,Nullreference,0.04762178
68.26137,Nullreference,0.03215134
68.27258,Nullreference,0.01487504
68.28361,Nullreference,0.02091694
68.29474,Nullreference,0.03730249
68.30573,Nullreference,0.06226727
68.31692,Nullreference,0.07664816
68.32798,Nullreference,0.0887056
68.33905,Nullreference,0.09491875
68.35023,Nullreference,0.1019791
68.36124,Nullreference,0.1022936
68.37236,Nullreference,0.1053743
68.38349,Nullreference,0.106951
68.39468,Nullreference,0.1116524
68.40568,Nullreference,0.1138117
68.41676,Nullreference,0.1203472
68.42805,Nullreference,0.1179957
68.43909,Nullreference,0.1075772
68.45008,Nullreference,0.09618662
68.46127,Nullreference,0.09031221
68.47242,Nullreference,0.08428634
68.48342,Nullreference,0.08280489
68.49451,Nullreference,0.0808812
68.50572,Nullreference,0.08420884
68.51704,Nullreference,0.08801088
68.52824,Nullreference,0.08683874
68.53911,Nullreference,0.08374289
68.55015,Nullreference,0.08609024
68.56142,Nullreference,0.0952973
68.57227,Nullreference,0.1062704
68.58338,Nullreference,0.1245412
68.59449,Nullreference,0.1380148
68.60573,Collider_Roger_Body,0.1567837
68.61666,Collider_Roger_Body,0.163081
68.62781,Collider_Roger_Body,0.1663783
68.63899,Collider_Roger_Body,0.1688213
68.65002,Collider_Roger_Body,0.1712503
68.66114,Collider_Roger_Body,0.1794105
68.6722,Collider_Roger_Body,0.1846576
68.68336,Collider_Roger_Body,0.1873089
68.6945,Collider_Roger_Body,0.1889364
68.7057,Collider_Roger_Body,0.1846817
68.71665,Collider_Roger_Body,0.1788284
68.72791,Collider_Roger_Body,0.1698668
68.73884,Collider_Roger_Body,0.1487625
68.74994,Collider_Roger_Body,0.1320888
68.76105,Collider_Roger_Body,0.1143947
68.77216,Collider_Roger_Body,0.09377232
68.78329,Collider_Roger_Body,0.07885835
68.7944,Collider_Roger_Body,0.07470361
68.8057,Collider_Roger_Body,0.08517205
68.81661,Collider_Roger_Body,0.1004428
68.82777,Collider_Roger_Body,0.0996903
68.83882,Collider_Roger_Body,0.09682816
68.84997,Collider_Roger_Body,0.08837502
68.8611,Collider_Roger_Body,0.08306314
68.87218,Collider_Roger_Body,0.08860944
68.88322,Collider_Roger_Body,0.09310596
68.89433,Collider_Roger_Body,0.1005723
68.90551,Collider_Roger_Body,0.1079498
68.91658,Collider_Roger_Body,0.108848
68.92778,Collider_Roger_Body,0.1050894
68.93888,Collider_Roger_Body,0.1077491
68.94992,Collider_Roger_Body,0.1090342
68.96107,Collider_Roger_Body,0.1067532
68.97208,Collider_Roger_Body,0.1096935
68.98322,Collider_Roger_Body,0.1095649
68.99432,Collider_Roger_Body,0.104883
69.00551,Collider_Roger_Body,0.1017588
69.01653,Collider_Roger_Body,0.09663694
69.02777,Collider_Roger_Body,0.09108058
69.03883,Collider_Roger_Body,0.08146721
69.04993,Collider_Roger_Body,0.07465523
69.0611,Collider_Roger_Body,0.0638921
69.07205,Collider_Roger_Body,0.05530975
69.08321,Collider_Roger_Body,0.05232642
69.0943,Collider_Roger_Body,0.04734216
69.10558,Collider_Roger_Body,0.04072404
69.11646,Collider_Roger_Body,0.04117096
69.12766,Collider_Roger_Body,0.0416646
69.13876,Collider_Roger_Body,0.05232811
69.14985,Collider_Roger_Body,0.0629495
69.16096,Collider_Roger_Body,0.07262725
69.17212,Collider_Roger_Body,0.07719931
69.18321,Collider_Roger_Body,0.08170093
69.19429,Collider_Roger_Body,0.09752379
69.20549,Collider_Roger_Body,0.1000898
69.21643,Collider_Roger_Body,0.09919832
69.22775,Collider_Roger_Body,0.09244077
69.23872,Collider_Roger_Body,0.0902622
69.24983,Collider_Roger_Body,0.08249917
69.26146,Collider_Roger_Body,0.07536445
69.27209,Collider_Roger_Body,0.06694725
69.28313,Collider_Roger_Body,0.06453972
69.29421,Collider_Roger_Body,0.06197101
69.30531,Collider_Roger_Body,0.05544485
69.3165,Collider_Roger_Body,0.04854771
69.32756,Collider_Roger_Body,0.04424847
69.33865,Collider_Roger_Body,0.03352598
69.34978,Collider_Roger_Body,0.02423834
69.36084,Collider_Roger_Body,0.01532185
69.37191,Collider_Roger_Body,0.01721273
69.3839,Collider_Roger_Body,0.02295543
69.39419,Collider_Roger_Body,0.0286354
69.40527,Collider_Roger_Body,0.03020895
69.41664,Collider_Roger_Body,0.03152804
69.42753,Collider_Roger_Body,0.0274183
69.4386,Collider_Roger_Body,0.02506932
69.44977,Collider_Roger_Body,0.02572316
69.46091,Collider_Roger_Body,0.03196326
69.47195,Collider_Roger_Body,0.04130968
69.48308,Collider_Roger_Body,0.05136531
69.49427,Collider_Roger_Body,0.06231941
69.50529,Collider_Roger_Body,0.06257377
69.51631,Collider_Roger_Body,0.05999675
69.52745,Collider_Roger_Body,0.05367428
69.53848,Collider_Roger_Body,0.05527544
69.54999,Collider_Roger_Body,0.0597259
69.5607,Collider_Roger_Body,0.06691498
69.57188,Collider_Roger_Body,0.05947745
69.58298,Collider_Roger_Body,0.06609293
69.59416,Collider_Roger_Body,0.05911721
69.60523,Collider_Roger_Body,0.05528164
69.61631,Collider_Roger_Body,0.03999831
69.62756,Collider_Roger_Body,0.0288854
69.63842,Collider_Roger_Body,0.01649274
69.64968,Collider_Roger_Body,0.01270856
69.66068,Collider_Roger_Body,0.01530575
69.67191,Collider_Roger_Body,0.02079333
69.68298,Collider_Roger_Body,0.02653058
69.69402,Collider_Roger_Body,0.03352668
69.70534,Collider_Roger_Body,0.04192218
69.71627,Collider_Roger_Body,0.05482082
69.72734,Nullreference,0.0628028
69.73856,Nullreference,0.06929833
69.74957,Nullreference,0.07557973
69.76077,Nullreference,0.08129454
69.77183,Nullreference,0.08674812
69.78313,Nullreference,0.08636784
69.79404,Nullreference,0.09080363
69.8051,Nullreference,0.09005053
69.81618,Nullreference,0.08512697
69.82742,Nullreference,0.07824873
69.83836,Nullreference,0.07259407
69.84946,Nullreference,0.06797186
69.86057,Nullreference,0.05783634
69.8717,Nullreference,0.04785267
69.88279,Nullreference,0.03821386
69.89426,Nullreference,0.0323526
69.90517,Nullreference,0.02604274
69.91625,Nullreference,0.03014094
69.92731,Nullreference,0.03570699
69.93841,Nullreference,0.04125201
69.94943,Nullreference,0.03960017
69.96053,Nullreference,0.03688825
69.97176,Nullreference,0.03249114
69.98279,Nullreference,0.03353369
69.99396,Nullreference,0.03879405
70.00505,Nullreference,0.03661481
70.01623,Nullreference,0.04073574
70.02718,Nullreference,0.04344806
70.03837,Nullreference,0.04594742
70.04931,Nullreference,0.04945849
70.06065,Nullreference,0.05170043
70.07155,Nullreference,0.04873906
70.08264,Nullreference,0.05361086
70.09386,Nullreference,0.05499443
70.10496,Nullreference,0.06593735
70.11611,Nullreference,0.07254106
70.12714,Nullreference,0.07862822
70.13809,Nullreference,0.08134497
70.14929,Nullreference,0.08149073
70.16039,Nullreference,0.07242975
70.17144,Nullreference,0.06989168
70.18258,Nullreference,0.06755386
70.19366,Nullreference,0.0555753
70.2048,Nullreference,0.04631758
70.21593,Nullreference,0.04395302
70.22705,Nullreference,0.04484801
70.23806,Nullreference,0.04700509
70.24919,Nullreference,0.06239494
70.26099,Nullreference,0.06544518
70.27158,Nullreference,0.06860349
70.28268,Nullreference,0.06771008
70.29361,Nullreference,0.06018512
70.30489,Nullreference,0.0489722
70.31593,Nullreference,0.03758142
70.32698,Nullreference,0.0380977
70.33829,Nullreference,0.03724907
70.34927,Nullreference,0.04002421
70.36022,Nullreference,0.03330006
70.37145,Nullreference,0.03096104
70.38257,Nullreference,0.03497748
70.39362,Nullreference,0.04544747
70.40469,Nullreference,0.05061245
70.41587,Nullreference,0.05693959
70.42701,Nullreference,0.07073674
70.43797,Nullreference,0.0715777
70.44914,Nullreference,0.08284436
70.46019,Nullreference,0.08758599
70.47124,Nullreference,0.09543531
70.48243,Nullreference,0.0956516
70.49365,Nullreference,0.09853394
70.50477,Nullreference,0.09679529
70.51587,Nullreference,0.09194244
70.52685,Nullreference,0.09420786
70.53804,Nullreference,0.08889413
70.54906,Nullreference,0.08893234
70.5601,Nullreference,0.08431698
70.57123,Nullreference,0.08190443
70.58248,Nullreference,0.08502158
70.59351,Nullreference,0.09210526
70.60457,Nullreference,0.1055044
70.61565,Nullreference,0.1297454
70.62677,Nullreference,0.151695
70.63789,Nullreference,0.1820394
70.64916,Nullreference,0.2083611
70.66023,Nullreference,0.2512515
70.67131,Nullreference,0.3086406
70.6825,Nullreference,0.3650898
70.69345,Nullreference,0.4721136
70.7047,Nullreference,0.5743465
70.71598,Nullreference,0.6988778
70.72684,Nullreference,0.8208826
70.73822,Nullreference,0.9220083
70.74911,Nullreference,1.049258
70.76009,Nullreference,1.156533
70.77135,Nullreference,1.287405
70.78242,Nullreference,1.40166
70.79354,Nullreference,1.53061
70.80456,Nullreference,1.665152
70.81593,Nullreference,1.779548
70.82706,Nullreference,1.909755
70.8382,Nullreference,2.015075
70.84902,Nullreference,2.130777
70.86023,Nullreference,2.227524
70.8714,Nullreference,2.3253
70.88244,Nullreference,2.423023
70.89365,Nullreference,2.500911
70.90466,Nullreference,2.590348
70.91599,Nullreference,2.661292
70.92729,Nullreference,2.72299
70.93819,Nullreference,2.794626
70.94917,Nullreference,2.841865
70.96045,Nullreference,2.900662
70.97161,Nullreference,2.933637
70.98273,Nullreference,2.957671
70.99388,Nullreference,2.975568
71.005,Nullreference,2.987928
71.01614,Nullreference,2.989896
71.02728,Nullreference,2.990285
71.0384,Nullreference,2.993316
71.04944,Nullreference,2.99209
71.06068,Nullreference,2.979537
71.07174,Nullreference,2.966457
71.08275,Nullreference,2.947448
71.09387,Nullreference,2.928927
71.105,Nullreference,2.901007
71.11636,Nullreference,2.871222
71.12731,Nullreference,2.820885
71.13834,Nullreference,2.771055
71.14941,Nullreference,2.724821
71.16067,Nullreference,2.681065
71.1718,Nullreference,2.638577
71.18285,Nullreference,2.593816
71.19412,Nullreference,2.543504
71.20525,Nullreference,2.479286
71.21697,Nullreference,2.414822
71.22756,Nullreference,2.330933
71.23923,Nullreference,2.249482
71.24965,Nullreference,2.171343
71.2609,Nullreference,2.072631
71.27215,Nullreference,1.992708
71.28302,Nullreference,1.898897
71.29432,Nullreference,1.807858
71.30527,Nullreference,1.740142
71.3164,Nullreference,1.672367
71.3275,Nullreference,1.609699
71.3387,Nullreference,1.56351
71.34966,Nullreference,1.517093
71.36079,Nullreference,1.484746
71.37184,Nullreference,1.433915
71.38299,Nullreference,1.391042
71.39412,Nullreference,1.367095
71.40538,Nullreference,1.357881
71.41633,Nullreference,1.342903
71.42743,Nullreference,1.338819
71.43851,Nullreference,1.321764
71.44968,Nullreference,1.32016
71.46065,Nullreference,1.321175
71.47186,Nullreference,1.323665
71.48303,Nullreference,1.330483
71.49403,Nullreference,1.337403
71.50527,Nullreference,1.358888
71.51629,Nullreference,1.382223
71.52737,Nullreference,1.412171
71.53847,Nullreference,1.443866
71.54955,Nullreference,1.486811
71.56107,Nullreference,1.519846
71.5717,Nullreference,1.566198
71.58281,Nullreference,1.597802
71.59405,Nullreference,1.63562
71.60511,Nullreference,1.665959
71.61626,Nullreference,1.693591
71.62737,Nullreference,1.722993
71.6384,Nullreference,1.733082
71.64972,Nullreference,1.73056
71.66056,Nullreference,1.722333
71.67185,Nullreference,1.701953
71.68336,Nullreference,1.673539
71.6939,Nullreference,1.654209
71.70504,Nullreference,1.626462
71.71624,Nullreference,1.612037
71.72729,Nullreference,1.589036
71.73828,Nullreference,1.586074
71.74949,Nullreference,1.582271
71.76049,Nullreference,1.582942
71.77152,Nullreference,1.582978
71.78275,Nullreference,1.591956
71.79379,Nullreference,1.611137
71.80504,Nullreference,1.628129
71.81608,Nullreference,1.651135
71.82707,Nullreference,1.677053
71.83812,Nullreference,1.701933
71.84966,Nullreference,1.73369
71.86417,Nullreference,1.760746
71.87164,Nullreference,1.772639
71.88039,Nullreference,1.787523
71.89133,Nullreference,1.798007
71.90239,Nullreference,1.815777
71.91352,Nullreference,1.850909
71.92466,Collider_Roger_State_action,1.890423
71.9358,Collider_Roger_State_action,1.955589
71.94678,Collider_Roger_State_action,2.027117
71.95796,Collider_Roger_State_action,2.086484
71.96898,Collider_Roger_State_action,2.143124
71.98006,Collider_Roger_State_action,2.164664
71.99112,Collider_Roger_State_action,2.175754
72.00225,Collider_Roger_State_action,2.186795
72.01328,Collider_Roger_State_action,2.200045
72.02432,Collider_Roger_State_action,2.198133
72.03553,Collider_Roger_State_action,2.175923
72.04648,Collider_Roger_State_action,2.151225
72.05767,Collider_Roger_State_action,2.123703
72.06874,Collider_Roger_State_action,2.093431
72.07999,Collider_Roger_State_action,2.053433
72.09097,Collider_Roger_State_action,2.015378
72.1021,Collider_Roger_State_action,1.968013
72.11316,Collider_Roger_State_action,1.914548
72.12429,Collider_Roger_State_action,1.855754
72.1354,Collider_Roger_State_action,1.806094
72.14655,Collider_Roger_State_action,1.741288
72.15869,Collider_Roger_State_action,1.693446
72.16882,Collider_Roger_State_action,1.643936
72.18015,Collider_Roger_State_action,1.613441
72.19122,Collider_Roger_State_action,1.578769
72.20267,Collider_Roger_State_action,1.558599
72.2134,Collider_Roger_State_action,1.547389
72.22467,Collider_Roger_State_action,1.545159
72.23594,Collider_Roger_State_action,1.549654
72.24702,Collider_Roger_State_action,1.567719
72.25829,Collider_Roger_State_action,1.591677
72.26952,Collider_Roger_State_action,1.616865
72.28086,Collider_Roger_State_action,1.666792
72.29227,Collider_Roger_State_action,1.702597
72.30312,Collider_Roger_State_action,1.732527
72.31435,Collider_Roger_State_action,1.742951
72.32576,Collider_Roger_State_action,1.736152
72.33689,Collider_Roger_State_action,1.717426
72.34815,Collider_Roger_State_action,1.695116
72.35938,Collider_Roger_State_action,1.665207
72.371,Collider_Roger_State_action,1.638317
72.38185,Collider_Roger_State_action,1.594063
72.393,Collider_Roger_State_action,1.549713
72.40398,Collider_Roger_State_action,1.505894
72.41519,Collider_Roger_State_action,1.451526
72.42612,Collider_Roger_State_action,1.414682
72.43727,Collider_Roger_State_action,1.364731
72.44845,Collider_Roger_State_action,1.329937
72.45943,Collider_Roger_State_action,1.285239
72.47058,Collider_Roger_State_action,1.242835
72.48177,Collider_Roger_State_action,1.203252
72.4928,Collider_Roger_State_action,1.163647
72.50381,Collider_Roger_State_action,1.134145
72.51504,Collider_Roger_State_action,1.095085
72.52602,Collider_Roger_State_action,1.069192
72.53713,Collider_Roger_State_action,1.042634
72.54819,Collider_Roger_State_action,1.012385
72.5592,Collider_Roger_State_action,0.9911252
72.57034,Collider_Roger_State_action,0.9624395
72.58166,Collider_Roger_State_action,0.9375321
72.59261,Collider_Roger_State_action,0.9062904
72.60379,Collider_Roger_State_action,0.8875601
72.61495,Collider_Roger_Body,0.8616279
72.62594,Collider_Roger_Body,0.8388662
72.63697,Collider_Roger_Body,0.8120905
72.64837,Collider_Roger_Body,0.7935381
72.65948,Collider_Roger_Body,0.7705508
72.67056,Collider_Roger_Body,0.7435142
72.68174,Collider_Roger_Body,0.7170714
72.69301,Collider_Roger_Body,0.6932052
72.70432,Collider_Roger_Body,0.6708335
72.71523,Collider_Roger_Body,0.6516378
72.72637,Collider_Roger_Body,0.6416031
72.73724,Nullreference,0.6304848
72.74837,Nullreference,0.6194857
72.75979,Nullreference,0.6127507
72.77055,Nullreference,0.6006116
72.78164,Nullreference,0.5777752
72.79279,Nullreference,0.5438983
72.80389,Nullreference,0.5128316
72.81499,Nullreference,0.4781665
72.82615,Nullreference,0.4465661
72.83705,Nullreference,0.4131719
72.84823,Collider_Roger_Body,0.3756228
72.85945,Nullreference,0.3485538
72.87047,Nullreference,0.3165781
72.88161,Nullreference,0.2976638
72.8926,Nullreference,0.2788444
72.90378,Nullreference,0.2610327
72.91507,Nullreference,0.2543156
72.92619,Nullreference,0.2424019
72.93711,Nullreference,0.2479619
72.9482,Nullreference,0.2431671
72.95937,Nullreference,0.2546901
72.97049,Nullreference,0.2552348
72.9815,Nullreference,0.2542136
72.99271,Nullreference,0.2581796
73.00367,Nullreference,0.2648598
73.01498,Collider_Roger_Body,0.2733181
73.02593,Collider_Roger_Body,0.2828362
73.03712,Collider_Roger_Body,0.2985758
73.04829,Collider_Roger_Body,0.3180055
73.05927,Collider_Roger_Body,0.3300467
73.07052,Collider_Roger_Body,0.326371
73.08158,Collider_Roger_Body,0.3259282
73.0927,Collider_Roger_Body,0.3196478
73.10384,Collider_Roger_Body,0.3173734
73.11482,Collider_Roger_Body,0.2997759
73.12602,Collider_Roger_Body,0.2885538
73.13795,Collider_Roger_Body,0.279172
73.1482,Collider_Roger_Body,0.2829858
73.15932,Collider_Roger_Body,0.2831377
73.17043,Collider_Roger_Body,0.2803046
73.18144,Collider_Roger_Body,0.282704
73.19252,Collider_Roger_Body,0.2921211
73.20396,Collider_Roger_Body,0.2947094
73.21493,Collider_Roger_Body,0.3087306
73.22598,Collider_Roger_Body,0.3200943
73.23719,Collider_Roger_Body,0.3278942
73.24817,Collider_Roger_Body,0.3421831
73.25916,Collider_Roger_Body,0.3541698
73.27026,Collider_Roger_Body,0.3715678
73.28151,Collider_Roger_Body,0.3795834
73.29246,Collider_Roger_Body,0.3819116
73.30357,Collider_Roger_Body,0.3751945
73.31475,Collider_Roger_Body,0.3680751
73.32577,Collider_Roger_Body,0.3406708
73.33693,Collider_Roger_Body,0.3319719
73.34798,Collider_Roger_Body,0.3219659
73.35915,Collider_Roger_Body,0.3190073
73.37038,Collider_Roger_Body,0.3263257
73.38142,Collider_Roger_Body,0.3400998
73.39244,Collider_Roger_Body,0.3472138
73.4035,Collider_Roger_Body,0.3510671
73.41469,Collider_Roger_Body,0.3546086
73.42579,Collider_Roger_Body,0.3673842
73.43686,Collider_Roger_Body,0.3692474
73.44803,Collider_Roger_Body,0.3682853
73.4592,Collider_Roger_Body,0.3605274
73.47012,Collider_Roger_Body,0.3472526
73.48128,Collider_Roger_Body,0.328549
73.49261,Collider_Roger_Body,0.3079769
73.50348,Collider_Roger_Body,0.2960372
73.51471,Collider_Roger_Body,0.2848115
73.52567,Collider_Roger_Body,0.2864056
73.53684,Collider_Roger_Body,0.2959806
73.54792,Collider_Roger_Body,0.3009514
73.55899,Collider_Roger_Body,0.3115257
73.57018,Collider_Roger_Body,0.3301128
73.58122,Collider_Roger_Body,0.352121
73.59245,Collider_Roger_Body,0.3850669
73.60344,Collider_Roger_Body,0.4124051
73.61459,Collider_Roger_Body,0.4523292
73.62576,Collider_Roger_Body,0.4774308
73.63712,Collider_Roger_Body,0.5011587
73.64791,Collider_Roger_Body,0.5234754
73.65893,Collider_Roger_Body,0.5416422
73.67,Collider_Roger_Body,0.5802262
73.68111,Collider_Roger_Body,0.6089894
73.69234,Collider_Roger_Body,0.6255996
73.70348,Collider_Roger_Body,0.614943
73.71444,Collider_Roger_Body,0.588822
73.72556,Collider_Roger_Body,0.54981
73.73663,Collider_Roger_Body,0.5067166
73.74781,Collider_Roger_Body,0.4471672
73.7589,Collider_Roger_Body,0.4047016
73.76993,Collider_Roger_Body,0.3691202
73.78107,Collider_Roger_Body,0.3530547
73.79221,Collider_Roger_Body,0.3383281
73.80324,Collider_Roger_Body,0.3261387
73.81446,Collider_Roger_Body,0.3103643
73.82555,Collider_Roger_Body,0.3065767
73.83664,Collider_Roger_Body,0.314351
73.84766,Collider_Roger_Body,0.337503
73.85878,Collider_Roger_Body,0.3731014
73.86997,Collider_Roger_Body,0.4104367
73.8811,Collider_Roger_Body,0.4469753
73.89217,Collider_Roger_Body,0.4887002
73.90324,Collider_Roger_Body,0.5364758
73.91442,Collider_Roger_Body,0.5802625
73.92545,Collider_Roger_Body,0.624173
73.9365,Collider_Roger_Body,0.6426601
73.94787,Collider_Roger_Body,0.6434016
73.9587,Collider_Roger_Body,0.616017
73.96989,Collider_Roger_Body,0.5890509
73.98099,Collider_Roger_Body,0.540875
73.99206,Collider_Roger_Body,0.4931978
74.00326,Collider_Roger_Body,0.4486753
74.01431,Collider_Roger_Body,0.3905841
74.02541,Collider_Roger_Body,0.3532121
74.03653,Collider_Roger_Body,0.3069101
74.04778,Collider_Roger_Body,0.2592294
74.05872,Collider_Roger_Body,0.2386296
74.06984,Collider_Roger_Body,0.2266545
74.08109,Collider_Roger_Body,0.2220121
74.092,Collider_Roger_Body,0.2282929
74.10331,Collider_Roger_Body,0.2360525
74.11428,Collider_Roger_Body,0.2397261
74.12534,Collider_Roger_Body,0.243533
74.13652,Collider_Roger_Body,0.2554717
74.14791,Collider_Roger_Body,0.2662473
74.15871,Collider_Roger_Body,0.2764909
74.1697,Collider_Roger_Body,0.2730229
74.18079,Collider_Roger_Body,0.2616328
74.19194,Collider_Roger_Body,0.2547472
74.20304,Collider_Roger_Body,0.2358226
74.21442,Collider_Roger_Body,0.2312307
74.22527,Collider_Roger_Body,0.2275338
74.23635,Collider_Roger_Body,0.2374405
74.24769,Collider_Roger_Body,0.2500415
74.25867,Collider_Roger_Body,0.2657713
74.26984,Collider_Roger_Body,0.2664342
74.28092,Collider_Roger_Body,0.2559993
74.29202,Collider_Roger_Body,0.2390195
74.30311,Collider_Roger_Body,0.2292167
74.31456,Collider_Roger_Body,0.2140245
74.32526,Collider_Roger_Body,0.2062813
74.33636,Collider_Roger_Body,0.1971222
74.3475,Collider_Roger_Body,0.191781
74.35863,Collider_Roger_Body,0.1798532
74.36981,Collider_Roger_Body,0.1750336
74.38097,Collider_Roger_Body,0.1737513
74.39207,Collider_Roger_Body,0.1688402
74.40328,Collider_Roger_Body,0.16531
74.41441,Collider_Roger_Body,0.1649416
74.42547,Collider_Roger_Body,0.1656749
74.43644,Collider_Roger_Body,0.1653889
74.44759,Collider_Roger_Body,0.1781567
74.45898,Collider_Roger_Body,0.1868231
74.46981,Collider_Roger_Body,0.2036344
74.4808,Collider_Roger_Body,0.2198908
74.49186,Collider_Roger_Body,0.2371802
74.50297,Collider_Roger_Body,0.2547129
74.51428,Collider_Roger_Body,0.2762505
74.52529,Collider_Roger_Body,0.2974069
74.53643,Collider_Roger_Body,0.3135049
74.54736,Collider_Roger_Body,0.3293158
74.55859,Collider_Roger_Body,0.3470479
74.56956,Collider_Roger_Body,0.36482
74.58071,Collider_Roger_Body,0.3815248
74.59179,Collider_Roger_Body,0.3889014
74.60284,Collider_Roger_Body,0.3907307
74.61404,Collider_Roger_Body,0.3865038
74.62517,Collider_Roger_Body,0.3881958
74.63657,Collider_Roger_Body,0.3754492
74.64729,Collider_Roger_Body,0.3706165
74.65834,Collider_Roger_Body,0.3596233
74.66949,Collider_Roger_Body,0.3526991
74.68054,Collider_Roger_Body,0.3503278
74.69168,Collider_Roger_Body,0.351254
74.70298,Collider_Roger_Body,0.3442763
74.71408,Collider_Roger_Body,0.336197
74.72495,Collider_Roger_Body,0.3252975
74.73647,Collider_Roger_Body,0.3090867
74.74725,Collider_Roger_Body,0.2940568
74.75878,Collider_Roger_Body,0.2886409
74.7694,Collider_Roger_Body,0.2833825
74.78054,Collider_Roger_Body,0.2810032
74.79165,Collider_Roger_Body,0.2849365
74.80286,Collider_Roger_Body,0.2915052
74.81399,Collider_Roger_Body,0.3040327
74.82495,Collider_Roger_Body,0.3128605
74.83616,Collider_Roger_Body,0.3328809
74.84769,Collider_Roger_Body,0.3455951
74.85835,Collider_Roger_Body,0.3549355
74.86935,Collider_Roger_Body,0.3548128
74.88041,Collider_Roger_Body,0.3469241
74.89152,Collider_Roger_Body,0.3392165
74.90277,Collider_Roger_Body,0.3161112
74.91382,Collider_Roger_Body,0.3002886
74.92493,Collider_Roger_Body,0.2854145
74.93607,Collider_Roger_Body,0.2532587
74.94714,Collider_Roger_Body,0.2298729
74.95827,Collider_Roger_Body,0.2048687
74.96947,Collider_Roger_Body,0.1892345
74.98043,Collider_Roger_Body,0.1713221
74.9916,Collider_Roger_Body,0.1482729
75.00272,Collider_Roger_Body,0.1243924
75.01377,Collider_Roger_Body,0.1053664
75.02499,Collider_Roger_Body,0.09112595
75.03612,Collider_Roger_Body,0.07990047
75.04707,Collider_Roger_Body,0.07624875
75.05817,Collider_Roger_Body,0.07559273
75.06972,Collider_Roger_Body,0.0821466
75.08054,Collider_Roger_Body,0.09450983
75.0915,Collider_Roger_Body,0.1140395
75.10259,Collider_Roger_Body,0.1409648
75.11387,Collider_Roger_Body,0.1693074
75.12487,Collider_Roger_Body,0.1842617
75.13595,Collider_Roger_Body,0.199634
75.14709,Collider_Roger_Body,0.2049394
75.15817,Collider_Roger_Body,0.2141201
75.16925,Collider_Roger_Body,0.2185894
75.1804,Collider_Roger_Body,0.2231575
75.19148,Collider_Roger_Body,0.2191876
75.20264,Collider_Roger_Body,0.2191896
75.2138,Collider_Roger_Body,0.2168633
75.22479,Collider_Roger_Body,0.2203005
75.23596,Collider_Roger_Body,0.2247834
75.24707,Collider_Roger_Body,0.2237964
75.25811,Collider_Roger_Body,0.2165529
75.26929,Collider_Roger_Body,0.2118016
75.28036,Collider_Roger_Body,0.205789
75.29174,Collider_Roger_Body,0.1998369
75.30289,Collider_Roger_Body,0.196459
75.3138,Collider_Roger_Body,0.1901876
75.32478,Collider_Roger_Body,0.182612
75.33594,Collider_Roger_Body,0.1769717
75.34698,Collider_Roger_Body,0.1780049
75.35804,Collider_Roger_Body,0.1867741
75.36926,Collider_Roger_Body,0.198926
75.38026,Collider_Roger_Body,0.2065666
75.39145,Collider_Roger_Body,0.210302
75.40254,Collider_Roger_Body,0.210263
75.41379,Collider_Roger_Body,0.1978942
75.42472,Collider_Roger_Body,0.1905264
75.43587,Collider_Roger_Body,0.1784533
75.44694,Collider_Roger_Body,0.1623241
75.45805,Collider_Roger_Body,0.1484464
75.46915,Collider_Roger_Body,0.1392952
75.48025,Collider_Roger_Body,0.1347062
75.4914,Collider_Roger_Body,0.130841
75.50255,Collider_Roger_Body,0.1281497
75.5136,Collider_Roger_Body,0.1291564
75.52473,Collider_Roger_Body,0.1397941
75.53587,Collider_Roger_Body,0.1529344
75.54713,Collider_Roger_Body,0.1549024
75.55807,Collider_Roger_Body,0.159278
75.56925,Collider_Roger_Body,0.1731668
75.58019,Collider_Roger_Body,0.1761369
75.59148,Collider_Roger_Body,0.1660631
75.60241,Collider_Roger_Body,0.1360648
75.6136,Collider_Roger_Body,0.1057656
75.62469,Collider_Roger_Body,0.08116233
75.63582,Collider_Roger_Body,0.07210194
75.64787,Collider_Roger_Body,0.08730244
75.65804,Collider_Roger_Body,0.105278
75.66912,Collider_Roger_Body,0.1232478
75.68022,Collider_Roger_Body,0.1418602
75.69141,Collider_Roger_Body,0.1497426
75.70256,Collider_Roger_Body,0.1622739
75.7137,Collider_Roger_Body,0.1806469
75.72473,Collider_Roger_Body,0.1922254
75.73579,Collider_Roger_Body,0.2034063
75.74681,Collider_Roger_Body,0.1980715
75.75793,Collider_Roger_Body,0.1822636
75.76903,Collider_Roger_Body,0.159904
75.78011,Collider_Roger_Body,0.1338234
75.79128,Collider_Roger_Body,0.1143205
75.80235,Collider_Roger_Body,0.08331281
75.81358,Collider_Roger_Body,0.07424305
75.82458,Collider_Roger_Body,0.06434204
75.83575,Collider_Roger_Body,0.08183132
75.84673,Collider_Roger_Body,0.09333859
75.85792,Collider_Roger_Body,0.100156
75.86913,Collider_Roger_Body,0.09678378
75.88007,Collider_Roger_Body,0.09144822
75.8913,Collider_Roger_Body,0.07688489
75.90237,Collider_Roger_Body,0.06927491
75.91346,Collider_Roger_Body,0.0748556
75.92448,Collider_Roger_Body,0.07787685
75.93567,Collider_Roger_Body,0.08554633
75.94674,Collider_Roger_Body,0.0922718
75.95786,Collider_Roger_Body,0.1136797
75.96893,Collider_Roger_Body,0.134897
75.98006,Collider_Roger_Body,0.164376
75.99115,Collider_Roger_Body,0.1917333
76.00223,Collider_Roger_Body,0.2300377
76.01331,Collider_Roger_Body,0.2595061
76.02468,Collider_Roger_Body,0.3025717
76.03555,Collider_Roger_Body,0.3499569
76.04663,Nullreference,0.3997055
76.05775,Nullreference,0.4494881
76.06889,Nullreference,0.5110061
76.08008,Nullreference,0.5614882
76.09104,Nullreference,0.6180576
76.10209,Nullreference,0.6557943
76.11333,Nullreference,0.7014082
76.12434,Nullreference,0.7375711
76.13567,Nullreference,0.7612093
76.1467,Nullreference,0.786783
76.15767,Nullreference,0.8047149
76.16875,Nullreference,0.8255832
76.17995,Nullreference,0.8361276
76.19106,Nullreference,0.8455986
76.20224,Nullreference,0.8494316
76.21324,Nullreference,0.849152
76.22433,Nullreference,0.8420109
76.23536,Nullreference,0.8287177
76.24659,Nullreference,0.812526
76.25762,Nullreference,0.7922006
76.269,Nullreference,0.7716069
76.27982,Nullreference,0.7445884
76.29092,Nullreference,0.7225221
76.30206,Nullreference,0.6889769
76.31364,Nullreference,0.6568912
76.32426,Nullreference,0.6226531
76.33532,Collider_Roger_Body,0.5857118
76.3464,Collider_Roger_Body,0.5547039
76.3576,Collider_Roger_Body,0.5078871
76.36868,Collider_Roger_Body,0.4596814
76.37976,Collider_Roger_Body,0.3847623
76.39085,Collider_Roger_Body,0.3320395
76.40195,Collider_Roger_Body,0.2585925
76.41307,Collider_Roger_Body,0.2093014
76.42419,Collider_Roger_Body,0.1648526
76.43534,Collider_Roger_Body,0.142933
76.44643,Collider_Roger_Body,0.1428087
76.45758,Collider_Roger_Body,0.1613317
76.46866,Collider_Roger_Body,0.1747994
76.48014,Collider_Roger_Body,0.1929924
76.49098,Collider_Roger_Body,0.2044444
76.50202,Collider_Roger_Body,0.2124905
76.51317,Collider_Roger_Body,0.2168297
76.52425,Collider_Roger_Body,0.22135
76.5353,Collider_Roger_Body,0.216865
76.54651,Collider_Roger_Body,0.206341
76.55748,Collider_Roger_Body,0.1935788
76.56863,Collider_Roger_Body,0.1841552
76.57975,Collider_Roger_Body,0.1810344
76.59077,Collider_Roger_Body,0.1787969
76.60193,Collider_Roger_Body,0.1731216
76.61303,Collider_Roger_Body,0.1596545
76.62416,Collider_Roger_Body,0.1463708
76.63519,Collider_Roger_Body,0.1292204
76.64636,Collider_Roger_Body,0.1148244
76.65746,Collider_Roger_Body,0.1001429
76.6685,Collider_Roger_Body,0.09793896
76.67966,Collider_Roger_Body,0.09906263
76.69071,Collider_Roger_Body,0.08975691
76.70235,Nullreference,0.08570193
76.71364,Nullreference,0.07919076
76.7245,Nullreference,0.06948887
76.73546,Nullreference,0.05487348
76.74664,Nullreference,0.04690903
76.75817,Nullreference,0.04594026
76.76932,Nullreference,0.04096852
76.78004,Nullreference,0.04286677
76.79134,Nullreference,0.04022214
76.80228,Nullreference,0.03835417
76.81313,Nullreference,0.04104558
76.82424,Nullreference,0.04536992
76.8354,Nullreference,0.0511479
76.84644,Nullreference,0.06104067
76.85758,Nullreference,0.06359441
76.86877,Nullreference,0.07099857
76.87991,Nullreference,0.07050954
76.89096,Nullreference,0.06577957
76.90197,Nullreference,0.05467819
76.9131,Nullreference,0.04305344
76.92432,Nullreference,0.03426846
76.93539,Nullreference,0.02710167
76.94642,Nullreference,0.03652128
76.95766,Nullreference,0.04913092
76.9687,Nullreference,0.04851002
76.97975,Nullreference,0.06333378
76.99098,Nullreference,0.07690822
77.00199,Nullreference,0.1000065
77.01306,Nullreference,0.1229831
77.02418,Nullreference,0.1444738
77.03529,Nullreference,0.1666479
77.04633,Nullreference,0.1820151
77.05753,Nullreference,0.2004616
77.06864,Nullreference,0.2166713
77.07997,Nullreference,0.227437
77.09092,Nullreference,0.2295159
77.10197,Nullreference,0.2119882
77.11319,Nullreference,0.1775169
77.12421,Nullreference,0.1252263
77.13537,Nullreference,0.1283145
77.14646,Nullreference,0.2013943
77.15755,Nullreference,0.3083786
77.16866,Nullreference,0.4572324
77.17973,Nullreference,0.6240425
77.19078,Nullreference,0.8100693
77.20185,Nullreference,1.04052
77.21289,Nullreference,1.232718
77.224,Nullreference,1.456901
77.23518,Nullreference,1.615828
77.24652,Nullreference,1.813496
77.26003,Nullreference,1.92729
77.26842,Nullreference,2.060655
77.2796,Nullreference,2.145284
77.2907,Nullreference,2.229871
77.30173,Nullreference,2.282948
77.31292,Nullreference,2.328354
77.32407,Nullreference,2.341932
77.33509,Nullreference,2.326745
77.34608,Nullreference,2.303886
77.35748,Nullreference,2.266154
77.3683,Nullreference,2.200725
77.37938,Nullreference,2.128496
77.39053,Nullreference,2.047988
77.40173,Nullreference,1.972729
77.41278,Nullreference,1.898546
77.42393,Nullreference,1.807658
77.43548,Nullreference,1.742629
77.44617,Nullreference,1.668712
77.45715,Nullreference,1.591874
77.46828,Nullreference,1.537948
77.47933,Nullreference,1.481544
77.49032,Nullreference,1.428737
77.50143,Nullreference,1.383979
77.51258,Nullreference,1.337873
77.52369,Nullreference,1.307441
77.53479,Nullreference,1.263447
77.54591,Nullreference,1.237205
77.55717,Nullreference,1.21831
77.56815,Nullreference,1.206821
77.57922,Nullreference,1.197999
77.5903,Nullreference,1.189253
77.60146,Nullreference,1.182182
77.61253,Nullreference,1.180117
77.62359,Nullreference,1.176378
77.6347,Nullreference,1.174323
77.64581,Nullreference,1.168002
77.65697,Nullreference,1.160021
77.66807,Nullreference,1.150865
77.67911,Nullreference,1.143575
77.69021,Nullreference,1.138998
77.70147,Nullreference,1.139162
77.71247,Nullreference,1.143323
77.7236,Nullreference,1.149431
77.7347,Nullreference,1.15465
77.74577,Nullreference,1.155749
77.757,Nullreference,1.158041
77.76803,Nullreference,1.158288
77.77918,Nullreference,1.154651
77.79024,Nullreference,1.149317
77.80133,Nullreference,1.147394
77.81245,Nullreference,1.154766
77.82358,Nullreference,1.165477
77.83463,Nullreference,1.189868
77.84572,Nullreference,1.220679
77.85683,Nullreference,1.248511
77.86798,Nullreference,1.287321
77.87904,Nullreference,1.32897
77.89029,Nullreference,1.369052
77.90125,Nullreference,1.428364
77.91245,Nullreference,1.475081
77.92371,Nullreference,1.53713
77.93478,Nullreference,1.606509
77.94585,Nullreference,1.656159
77.957,Nullreference,1.72003
77.96806,Nullreference,1.766818
77.97923,Nullreference,1.820688
77.99032,Collider_Roger_Body,1.863324
78.00145,Collider_Roger_Body,1.911505
78.01254,Collider_Roger_Body,1.951371
78.02368,Collider_Roger_Body,1.981786
78.03482,Collider_Roger_Body,2.009504
78.04604,Collider_Roger_Body,2.02331
78.05701,Collider_Roger_Body,2.034436
78.06814,Collider_Roger_Body,2.037817
78.07932,Collider_Roger_Body,2.018188
78.09033,Collider_Roger_Body,1.988799
78.10184,Collider_Roger_Body,1.954069
78.11299,Collider_Roger_Body,1.907489
78.12398,Collider_Roger_Body,1.855252
78.13482,Collider_Roger_Body,1.803769
78.14612,Collider_Roger_Body,1.73462
78.15694,Collider_Roger_Body,1.659929
78.16833,Collider_Roger_Body,1.593995
78.17988,Collider_Roger_Body,1.513211
78.19036,Collider_Roger_Body,1.43932
78.20151,Collider_Roger_Body,1.361834
78.21323,Collider_Roger_Body,1.281946
78.2238,Collider_Roger_Body,1.226591
78.23475,Collider_Roger_Body,1.171813
78.24651,Collider_Roger_Body,1.126761
78.25708,Collider_Roger_Body,1.082345
78.26799,Collider_Roger_Body,1.043507
78.27967,Collider_Roger_Body,1.00784
78.29065,Collider_Roger_Body,0.9637312
78.30144,Collider_Roger_Body,0.9229608
78.31248,Collider_Roger_Body,0.8823839
78.32374,Collider_Roger_Body,0.8584509
78.33489,Collider_Roger_Body,0.8267986
78.34583,Collider_Roger_Body,0.791204
78.35706,Collider_Roger_Body,0.7613776
78.36801,Collider_Roger_Body,0.7324242
78.37907,Collider_Roger_Body,0.7014231
78.39017,Collider_Roger_Body,0.6820611
78.40189,Collider_Roger_Body,0.6515504
78.41245,Collider_Roger_Body,0.6243829
78.42355,Collider_Roger_Body,0.6005551
78.43468,Collider_Roger_Body,0.5683509
78.44591,Collider_Roger_Body,0.5498608
78.45683,Collider_Roger_Body,0.5177827
78.46799,Collider_Roger_Body,0.488847
78.47912,Collider_Roger_Body,0.4648089
78.4902,Collider_Roger_Body,0.434035
78.50129,Collider_Roger_Body,0.4085059
78.51238,Collider_Roger_Body,0.3732606
78.52392,Collider_Roger_Body,0.3350691
78.53461,Collider_Roger_Body,0.293997
78.54565,Collider_Roger_Body,0.2497511
78.55674,Collider_Roger_Body,0.2194014
78.56814,Collider_Roger_Body,0.1844827
78.57909,Collider_Roger_Body,0.158999
78.59018,Collider_Roger_Body,0.137378
78.60118,Collider_Roger_Body,0.1269825
78.61238,Collider_Roger_Body,0.141524
78.62347,Collider_Roger_Body,0.1605242
78.63474,Collider_Roger_Body,0.1837202
78.64606,Collider_Roger_Body,0.197802
78.65682,Collider_Roger_Body,0.2120756
78.66804,Collider_Roger_Body,0.2320788
78.67899,Collider_Roger_Body,0.2462808
78.69006,Collider_Roger_Body,0.2636266
78.70152,Collider_Roger_Body,0.2680486
78.71228,Collider_Roger_Body,0.2697315
78.72343,Collider_Roger_Body,0.2723608
78.73449,Collider_Roger_Body,0.2827294
78.74555,Collider_Roger_Body,0.2866266
78.75673,Collider_Roger_Body,0.2998581
78.76778,Collider_Roger_Body,0.3046887
78.77905,Collider_Roger_Body,0.3239185
78.79002,Collider_Roger_Body,0.3323628
78.80128,Collider_Roger_Body,0.3329702
78.81236,Collider_Roger_Body,0.3287047
78.82338,Collider_Roger_Body,0.332045
78.83494,Collider_Roger_Body,0.348907
78.84563,Collider_Roger_Body,0.3463374
78.85666,Collider_Roger_Body,0.3453088
78.86774,Collider_Roger_Body,0.3339737
78.87881,Collider_Roger_Body,0.331436
78.88995,Collider_Roger_Body,0.3231866
78.9011,Collider_Roger_Body,0.3199514
78.91222,Collider_Roger_Body,0.3127715
78.92333,Collider_Roger_Body,0.3039379
78.9345,Collider_Roger_Body,0.294611
78.94563,Collider_Roger_Body,0.2833274
78.95676,Collider_Roger_Body,0.2710986
78.9678,Collider_Roger_Body,0.264977
78.97891,Collider_Roger_Body,0.2516405
78.99,Collider_Roger_Body,0.2426422
79.00109,Collider_Roger_Body,0.2509562
79.01222,Collider_Roger_Body,0.2519855
79.02323,Collider_Roger_Body,0.2551324
79.0344,Collider_Roger_Body,0.2569335
79.04558,Collider_Roger_Body,0.258196
79.05651,Collider_Roger_Body,0.261467
79.06772,Collider_Roger_Body,0.2563716
79.0789,Collider_Roger_Body,0.2601917
79.08995,Collider_Roger_Body,0.2611756
79.10112,Collider_Roger_Body,0.2704826
79.1121,Collider_Roger_Body,0.2933868
79.12325,Collider_Roger_Body,0.3318475
79.13438,Collider_Roger_Body,0.351341
79.14538,Collider_Roger_Body,0.3670066
79.15648,Collider_Roger_Body,0.3700125
79.16769,Collider_Roger_Body,0.3651475
79.17883,Collider_Roger_Body,0.3564191
79.18981,Collider_Roger_Body,0.3469426
79.20097,Collider_Roger_Body,0.3289478
79.212,Collider_Roger_Body,0.3168887
79.22314,Collider_Roger_Body,0.3085349
79.23426,Collider_Roger_Body,0.3035966
79.24536,Collider_Roger_Body,0.2936283
79.25652,Collider_Roger_Body,0.2811346
79.26765,Collider_Roger_Body,0.2694844
79.27868,Collider_Roger_Body,0.2526087
79.28984,Collider_Roger_Body,0.2253533
79.30089,Collider_Roger_Body,0.1869926
79.31201,Collider_Roger_Body,0.1286528
79.32334,Collider_Roger_Body,0.05289522
79.3343,Collider_Roger_Body,0.01120609
79.34535,Collider_Roger_Body,0.08154305
79.3564,Collider_Roger_Body,0.1309251
79.36753,Collider_Roger_Body,0.1796727
79.37862,Collider_Roger_Body,0.2076879
79.3897,Collider_Roger_Body,0.2314101
79.40093,Collider_Roger_Body,0.2508349
79.4119,Collider_Roger_Body,0.2697395
79.42312,Collider_Roger_Body,0.2849329
79.43432,Collider_Roger_Body,0.2969179
79.44531,Collider_Roger_Body,0.305577
79.45635,Collider_Roger_Body,0.3143401
79.46801,Collider_Roger_Body,0.3195116
79.47852,Collider_Roger_Body,0.3256827
79.48967,Collider_Roger_Body,0.3271346
79.50089,Collider_Roger_Body,0.3353578
79.51189,Collider_Roger_Body,0.3431146
79.52305,Collider_Roger_Body,0.3501982
79.53409,Collider_Roger_Body,0.3552305
79.54527,Collider_Roger_Body,0.3672059
79.55634,Collider_Roger_Body,0.3820471
79.56739,Collider_Roger_Body,0.3991506
79.57864,Collider_Roger_Body,0.4169821
79.58982,Collider_Roger_Body,0.4323199
79.60088,Collider_Roger_Body,0.4556464
79.61191,Collider_Roger_Body,0.4818679
79.62318,Collider_Roger_Body,0.5009787
79.63403,Collider_Roger_Body,0.5122715
79.64523,Collider_Roger_Body,0.5108798
79.65657,Collider_Roger_Body,0.5043716
79.66743,Collider_Roger_Body,0.5008298
79.67849,Collider_Roger_Body,0.4918951
79.68958,Collider_Roger_Body,0.4713452
79.70067,Collider_Roger_Body,0.461984
79.71186,Collider_Roger_Body,0.4467861
79.72307,Collider_Roger_Body,0.4314973
79.73406,Collider_Roger_Body,0.4066832
79.74514,Collider_Roger_Body,0.3825949
79.75628,Collider_Roger_Body,0.3689243
79.76725,Collider_Roger_Body,0.3459519
79.77837,Collider_Roger_Body,0.3257447
79.78959,Collider_Roger_Body,0.3035823
79.80069,Collider_Roger_Body,0.2781704
79.8119,Collider_Roger_Body,0.2652123
79.82301,Collider_Roger_Body,0.2420093
79.83398,Collider_Roger_Body,0.223648
79.84505,Collider_Roger_Body,0.206309
79.85617,Collider_Roger_Body,0.1858491
79.86737,Collider_Roger_Body,0.1712587
79.87878,Collider_Roger_Body,0.1546564
79.88956,Collider_Roger_Body,0.1548692
79.9007,Collider_Roger_Body,0.1572524
79.91173,Collider_Roger_Body,0.1626256
79.92285,Collider_Roger_Body,0.1698279
79.93393,Collider_Roger_Body,0.1885255
79.94503,Collider_Roger_Body,0.205846
79.9561,Collider_Roger_Body,0.2161584
79.96727,Collider_Roger_Body,0.2261164
79.97842,Collider_Roger_Body,0.2321553
79.98946,Collider_Roger_Body,0.2299715
80.00052,Collider_Roger_Body,0.2321609
80.01166,Collider_Roger_Body,0.2269565
80.02283,Collider_Roger_Body,0.2138331
80.03406,Collider_Roger_Body,0.2065073
80.04501,Collider_Roger_Body,0.1994137
80.05611,Collider_Roger_Body,0.1950827
80.06731,Collider_Roger_Body,0.1952388
80.07892,Collider_Roger_Body,0.2016902
80.08953,Collider_Roger_Body,0.2034987
80.10065,Collider_Roger_Body,0.2042918
80.11153,Collider_Roger_Body,0.2084199
80.12267,Collider_Roger_Body,0.2088628
80.13395,Collider_Roger_Body,0.2123281
80.14504,Collider_Roger_Body,0.2134762
80.15608,Collider_Roger_Body,0.225107
80.16711,Collider_Roger_Body,0.2278717
80.1782,Collider_Roger_Body,0.2332224
80.18933,Collider_Roger_Body,0.2258371
80.20047,Collider_Roger_Body,0.2176134
80.21157,Collider_Roger_Body,0.2142798
80.22278,Collider_Roger_Body,0.2200745
80.23387,Collider_Roger_Body,0.2341575
80.24482,Collider_Roger_Body,0.2420048
80.25604,Collider_Roger_Body,0.2406832
80.26717,Collider_Roger_Body,0.2312611
80.2782,Collider_Roger_Body,0.224284
80.28938,Collider_Roger_Body,0.2279017
80.30047,Collider_Roger_Body,0.2277844
80.31175,Collider_Roger_Body,0.2291743
80.32273,Collider_Roger_Body,0.2301756
80.33387,Collider_Roger_Body,0.2241691
80.34509,Collider_Roger_Body,0.2159928
80.35606,Collider_Roger_Body,0.2025234
80.36806,Collider_Roger_Body,0.1852093
80.37812,Collider_Roger_Body,0.164565
80.38932,Collider_Roger_Body,0.1465232
80.4003,Collider_Roger_Body,0.1386531
80.41137,Collider_Roger_Body,0.122185
80.42249,Collider_Roger_Body,0.1145139
80.43369,Collider_Roger_Body,0.1030364
80.44473,Collider_Roger_Body,0.09465241
80.45595,Collider_Roger_Body,0.0994685
80.46718,Collider_Roger_Body,0.1008844
80.4782,Collider_Roger_Body,0.1111705
80.48914,Collider_Roger_Body,0.1168541
80.50034,Collider_Roger_Body,0.1301178
80.51134,Collider_Roger_Body,0.1557676
80.52252,Collider_Roger_Body,0.1733321
80.53381,Collider_Roger_Body,0.1880934
80.54469,Collider_Roger_Body,0.198878
80.55583,Collider_Roger_Body,0.2120038
80.56687,Collider_Roger_Body,0.2274186
80.578,Collider_Roger_Body,0.2359266
80.58904,Collider_Roger_Body,0.2616468
80.60022,Collider_Roger_Body,0.2843502
80.61124,Collider_Roger_Body,0.3222209
80.62257,Collider_Roger_Body,0.3475171
80.63358,Collider_Roger_Body,0.3767974
80.64759,Collider_Roger_Body,0.3929252
80.65906,Collider_Roger_Body,0.4117348
80.66685,Collider_Roger_Body,0.4211123
80.67803,Collider_Roger_Body,0.4168384
80.68906,Collider_Roger_Body,0.3767519
80.70031,Collider_Roger_Body,0.349966
80.71128,Collider_Roger_Body,0.3305382
80.72247,Collider_Roger_Body,0.3116915
80.73344,Collider_Roger_Body,0.2860988
80.74458,Collider_Roger_Body,0.25971
80.75561,Collider_Roger_Body,0.2264783
80.76667,Collider_Roger_Body,0.1977375
80.77782,Collider_Roger_Body,0.1663181
80.78906,Collider_Roger_Body,0.1301789
80.80018,Collider_Roger_Body,0.1014938
80.81117,Collider_Roger_Body,0.08395834
80.82224,Collider_Roger_Body,0.08156841
80.8334,Collider_Roger_Body,0.08903787
80.84449,Collider_Roger_Body,0.1033108
80.85558,Collider_Roger_Body,0.1304308
80.86669,Collider_Roger_Body,0.1687999
80.87782,Collider_Roger_Body,0.2136215
80.88895,Collider_Roger_Body,0.2480156
80.89999,Collider_Roger_Body,0.2686065
80.91109,Collider_Roger_Body,0.2870985
80.92217,Collider_Roger_Body,0.2925403
80.93338,Collider_Roger_Body,0.2983794
80.94448,Collider_Roger_Body,0.3036092
80.95558,Collider_Roger_Body,0.3226625
80.96665,Collider_Roger_Body,0.3459123
80.9778,Collider_Roger_Body,0.3681072
80.98888,Collider_Roger_Body,0.3715567
81.00013,Collider_Roger_Body,0.3453454
81.01101,Collider_Roger_Body,0.2999578
81.0222,Collider_Roger_Body,0.2377689
81.03346,Collider_Roger_Body,0.1934007
81.04439,Collider_Roger_Body,0.1517489
81.05566,Collider_Roger_Body,0.12901
81.0667,Collider_Roger_Body,0.1151441
81.07779,Collider_Roger_Body,0.1006823
81.08898,Collider_Roger_Body,0.08804113
81.09993,Collider_Roger_Body,0.08141585
81.11102,Collider_Roger_Body,0.08091551
81.1224,Collider_Roger_Body,0.08873454
81.13326,Collider_Roger_Body,0.09400421
81.14438,Collider_Roger_Body,0.1016906
81.15546,Collider_Roger_Body,0.1142097
81.16672,Collider_Roger_Body,0.1217455
81.1776,Collider_Roger_Body,0.1408246
81.18884,Collider_Roger_Body,0.1594022
81.2001,Collider_Roger_Body,0.173108
81.21103,Collider_Roger_Body,0.1835099
81.22227,Collider_Roger_Body,0.1711971
81.23329,Collider_Roger_Body,0.1620169
81.24442,Collider_Roger_Body,0.1251989
81.25546,Collider_Roger_Body,0.1340147
81.2665,Collider_Roger_Body,0.1834583
81.27769,Collider_Roger_Body,0.2661837
81.28875,Nullreference,0.3327017
81.29988,Nullreference,0.3897413
81.31096,Nullreference,0.4260979
81.32201,Nullreference,0.4566049
81.33328,Nullreference,0.4977989
81.34424,Nullreference,0.5368434
81.35535,Nullreference,0.5862686
81.36643,Nullreference,0.6275318
81.37767,Nullreference,0.6807566
81.38873,Nullreference,0.7332875
81.39975,Nullreference,0.7725129
81.41077,Nullreference,0.8031432
81.42191,Nullreference,0.8206074
81.4331,Nullreference,0.8352724
81.44406,Nullreference,0.8371994
81.45522,Nullreference,0.8302462
81.46638,Nullreference,0.8250602
81.47739,Nullreference,0.8214547
81.48857,Nullreference,0.8040377
81.49971,Nullreference,0.7883647
81.51069,Nullreference,0.769259
81.5219,Nullreference,0.7374182
81.533,Nullreference,0.7069926
81.54407,Nullreference,0.662724
81.5552,Nullreference,0.6273705
81.56638,Nullreference,0.582385
81.57729,Nullreference,0.5454637
81.58847,Nullreference,0.5010836
81.59961,Nullreference,0.4659857
81.61067,Nullreference,0.4349329
81.6218,Nullreference,0.397306
81.63293,Nullreference,0.3630291
81.64403,Nullreference,0.3129452
81.65513,Nullreference,0.2721982
81.6662,Nullreference,0.218383
81.6773,Nullreference,0.1505704
81.68843,Nullreference,0.0817369
81.69949,Nullreference,0.08198915
81.71075,Nullreference,0.1386663
81.72173,Nullreference,0.1964904
81.73303,Nullreference,0.2783231
81.744,Nullreference,0.3487816
81.75508,Nullreference,0.4300454
81.76624,Nullreference,0.5130118
81.77736,Nullreference,0.5793111
81.78834,Nullreference,0.6633295
81.79948,Collider_Roger_Body,0.7407284
81.81057,Collider_Roger_Body,0.8073303
81.82178,Collider_Roger_Body,0.8716107
81.83299,Collider_Roger_Body,0.9182898
81.84389,Collider_Roger_Body,0.9762121
81.85504,Collider_Roger_Body,1.021052
81.86613,Collider_Roger_Body,1.076687
81.8773,Collider_Roger_Body,1.126966
81.8884,Collider_Roger_Body,1.158744
81.89948,Collider_Roger_Body,1.185105
81.91054,Collider_Roger_Body,1.197259
81.92177,Collider_Roger_Body,1.195168
81.93298,Collider_Roger_Body,1.18753
81.94395,Collider_Roger_Body,1.171984
81.95509,Collider_Roger_Body,1.143543
81.96629,Collider_Roger_Body,1.12474
81.97729,Collider_Roger_Body,1.096087
81.98843,Collider_Roger_Body,1.076001
81.99953,Collider_Roger_Body,1.040827
82.0108,Collider_Roger_Body,1.018229
82.02184,Collider_Roger_Body,0.9977398
82.03305,Collider_Roger_Body,0.9785817
82.04398,Collider_Roger_Body,0.9570671
82.05595,Collider_Roger_Body,0.9454745
82.06628,Collider_Roger_Body,0.9284464
82.07759,Collider_Roger_Body,0.9257036
82.08855,Collider_Roger_Body,0.9187945
82.0996,Collider_Roger_Body,0.9151001
82.11066,Collider_Roger_Body,0.9160041
82.12185,Collider_Roger_Body,0.919321
82.13306,Collider_Roger_Body,0.917668
82.14417,Collider_Roger_Body,0.9202831
82.15514,Collider_Roger_Body,0.9045081
82.16637,Collider_Roger_Body,0.884351
82.17727,Collider_Roger_Body,0.8634286
82.18874,Collider_Roger_Body,0.8434138
82.1997,Collider_Roger_Body,0.8173229
82.21062,Collider_Roger_Body,0.7910069
82.22177,Collider_Roger_Body,0.7640429
82.23314,Collider_Roger_Body,0.7320209
82.24408,Collider_Roger_Body,0.6890904
82.2551,Collider_Roger_Body,0.6452944
82.26624,Collider_Roger_Body,0.5897989
82.27791,Collider_Roger_Body,0.540274
82.28848,Collider_Roger_Body,0.4876456
82.29955,Collider_Roger_Body,0.422687
82.31073,Collider_Roger_Body,0.36789
82.32177,Collider_Roger_Body,0.3158147
82.33299,Collider_Roger_Body,0.2725782
82.34401,Collider_Roger_Body,0.2351
82.3559,Collider_Roger_Body,0.1950308
82.36614,Collider_Roger_Body,0.1671622
82.37728,Collider_Roger_Body,0.1488938
82.38857,Collider_Roger_Body,0.1314314
82.39951,Collider_Roger_Body,0.1287437
82.41055,Collider_Roger_Body,0.1300978
82.42191,Collider_Roger_Body,0.1316118
82.43298,Collider_Roger_Body,0.1317521
82.44396,Collider_Roger_Body,0.1316233
82.45509,Collider_Roger_Body,0.1323296
82.46712,Collider_Roger_Body,0.1374608
82.47726,Collider_Roger_Body,0.1375832
82.48834,Collider_Roger_Body,0.1453165
82.49948,Collider_Roger_Body,0.1501908
82.51057,Collider_Roger_Body,0.1627767
82.52174,Collider_Roger_Body,0.1614394
82.53301,Collider_Roger_Body,0.1577289
82.54384,Collider_Roger_Body,0.1541179
82.55514,Collider_Roger_Body,0.1455617
82.56611,Collider_Roger_Body,0.1373199
82.57726,Collider_Roger_Body,0.1229571
82.5886,Collider_Roger_Body,0.1149586
82.59949,Collider_Roger_Body,0.1046347
82.61051,Collider_Roger_Body,0.09439486
82.6216,Collider_Roger_Body,0.08590817
82.633,Collider_Roger_Body,0.07922494
82.64409,Collider_Roger_Body,0.0639424
82.65501,Collider_Roger_Body,0.05283113
82.66617,Collider_Roger_Body,0.0469765
82.67729,Collider_Roger_Body,0.04962527
82.68834,Collider_Roger_Body,0.04613953
82.6995,Collider_Roger_Body,0.04994933
82.71049,Collider_Roger_Body,0.05480572
82.72161,Collider_Roger_Body,0.05047419
82.73306,Collider_Roger_Body,0.05064031
82.7438,Collider_Roger_Body,0.05228478
82.75508,Collider_Roger_Body,0.05299843
82.76601,Collider_Roger_Body,0.05464201
82.7772,Collider_Roger_Body,0.0588299
82.78825,Collider_Roger_Body,0.05914861
82.79941,Collider_Roger_Body,0.0632306
82.81049,Collider_Roger_Body,0.06425744
82.82159,Collider_Roger_Body,0.07121963
82.83276,Collider_Roger_Body,0.07462982
82.84376,Collider_Roger_Body,0.07092665
82.85506,Collider_Roger_Body,0.06996088
82.86629,Collider_Roger_Body,0.07318752
82.87709,Collider_Roger_Body,0.07203838
82.8882,Collider_Roger_Body,0.07625739
82.89924,Collider_Roger_Body,0.06853515
82.91035,Collider_Roger_Body,0.0660603
82.92148,Collider_Roger_Body,0.07832078
82.93297,Collider_Roger_Body,0.07673099
82.94376,Collider_Roger_Body,0.08217246
82.95499,Collider_Roger_Body,0.08024041
82.96602,Collider_Roger_Body,0.08856404
82.9771,Collider_Roger_Body,0.09960771
82.98817,Collider_Roger_Body,0.1100217
82.99941,Collider_Roger_Body,0.1170824
83.01031,Collider_Roger_Body,0.118667
83.02152,Collider_Roger_Body,0.1177145
83.03274,Collider_Roger_Body,0.1124301
83.04373,Collider_Roger_Body,0.1145651
83.05479,Collider_Roger_Body,0.1086904
83.06597,Collider_Roger_Body,0.1106662
83.07703,Collider_Roger_Body,0.1101407
83.08815,Collider_Roger_Body,0.1135682
83.09918,Collider_Roger_Body,0.1243514
83.11037,Collider_Roger_Body,0.1230185
83.12206,Collider_Roger_Body,0.1227141
83.13257,Collider_Roger_Body,0.1180074
83.14362,Collider_Roger_Body,0.1022628
83.1548,Collider_Roger_Body,0.09357909
83.166,Collider_Roger_Body,0.07795242
83.177,Collider_Roger_Body,0.06162439
83.188,Collider_Roger_Body,0.05271276
83.19924,Collider_Roger_Body,0.04966947
83.21023,Collider_Roger_Body,0.05192129
83.22144,Collider_Roger_Body,0.05933226
83.23263,Collider_Roger_Body,0.06534914
83.24377,Collider_Roger_Body,0.07010075
83.25475,Collider_Roger_Body,0.08707447
83.26573,Collider_Roger_Body,0.09481616
83.27701,Collider_Roger_Body,0.1032525
83.28809,Collider_Roger_Body,0.108105
83.29914,Collider_Roger_Body,0.1164104
83.31019,Collider_Roger_Body,0.1182265
83.32138,Collider_Roger_Body,0.1210407
83.33254,Collider_Roger_Body,0.1197348
83.34354,Collider_Roger_Body,0.1205346
83.35502,Collider_Roger_Body,0.1055029
83.36579,Collider_Roger_Body,0.09496604
83.37695,Collider_Roger_Body,0.07965008
83.38796,Collider_Roger_Body,0.06799278
83.39913,Collider_Roger_Body,0.05434067
83.41022,Collider_Roger_Body,0.05070167
83.4214,Collider_Roger_Body,0.04396278
83.43262,Collider_Roger_Body,0.03644849
83.44345,Collider_Roger_Body,0.02956048
83.45461,Collider_Roger_Body,0.02049817
83.46574,Collider_Roger_Body,0.01602896
83.47717,Collider_Roger_Body,0.01183651
83.48804,Collider_Roger_Body,0.01180266
83.49901,Collider_Roger_Body,0.02127491
83.51022,Collider_Roger_Body,0.02818354
83.52127,Collider_Roger_Body,0.03046835
83.53235,Collider_Roger_Body,0.03890539
83.54349,Collider_Roger_Body,0.03953329
83.55475,Collider_Roger_Body,0.04544833
83.56565,Collider_Roger_Body,0.04874786
83.57679,Collider_Roger_Body,0.05316464
83.58796,Collider_Roger_Body,0.06575573
83.59899,Collider_Roger_Body,0.07643437
83.61007,Collider_Roger_Body,0.08240145
83.62119,Collider_Roger_Body,0.09510351
83.63242,Collider_Roger_Body,0.1057753
83.64362,Collider_Roger_Body,0.1086015
83.65456,Collider_Roger_Body,0.113947
83.66559,Collider_Roger_Body,0.1128314
83.67681,Collider_Roger_Body,0.1185137
83.68783,Collider_Roger_Body,0.1227909
83.69897,Collider_Roger_Body,0.1264511
83.71023,Collider_Roger_Body,0.1300656
83.72122,Collider_Roger_Body,0.1448737
83.73228,Collider_Roger_Body,0.1623253
83.74345,Collider_Roger_Body,0.1893926
83.75466,Collider_Roger_Body,0.2190151
83.76555,Collider_Roger_Body,0.2457093
83.77681,Collider_Roger_Body,0.2640985
83.78928,Collider_Roger_Body,0.279102
83.79948,Collider_Roger_Body,0.2821379
83.81026,Collider_Roger_Body,0.2908056
83.82148,Collider_Roger_Body,0.2916801
83.83258,Collider_Roger_Body,0.295211
83.84364,Collider_Roger_Body,0.2859635
83.8548,Collider_Roger_Body,0.2736067
83.86594,Collider_Roger_Body,0.2637076
83.87743,Collider_Roger_Body,0.265521
83.88803,Collider_Roger_Body,0.2709205
83.89919,Collider_Roger_Body,0.2699707
83.91033,Collider_Roger_Body,0.2607887
83.92143,Collider_Roger_Body,0.2511645
83.93246,Collider_Roger_Body,0.2386581
83.94356,Collider_Roger_Body,0.2397158
83.95489,Collider_Roger_Body,0.2310819
83.96586,Collider_Roger_Body,0.2342806
83.97694,Collider_Roger_Body,0.2408196
83.98804,Collider_Roger_Body,0.2620958
83.99919,Collider_Roger_Body,0.2906575
84.01033,Collider_Roger_Body,0.3183947
84.02137,Collider_Roger_Body,0.3550876
84.03253,Collider_Roger_Body,0.3667323
84.04361,Collider_Roger_Body,0.3689961
84.05469,Collider_Roger_Body,0.3789435
84.0659,Collider_Roger_Body,0.3804495
84.07722,Collider_Roger_Body,0.385421
84.08797,Collider_Roger_Body,0.3819309
84.09923,Collider_Roger_Body,0.3722984
84.11053,Collider_Roger_Body,0.3477698
84.12162,Collider_Roger_Body,0.3199165
84.13233,Collider_Roger_Body,0.2953912
84.14352,Collider_Roger_Body,0.2680915
84.15463,Collider_Roger_Body,0.2352384
84.16576,Collider_Roger_Body,0.2119242
84.17678,Collider_Roger_Body,0.1790435
84.18813,Collider_Roger_Body,0.1469921
84.19924,Collider_Roger_Body,0.1178571
84.21009,Collider_Roger_Body,0.1000846
84.22133,Collider_Roger_Body,0.08943345
84.23232,Collider_Roger_Body,0.07750944
84.24377,Collider_Roger_Body,0.07118788
84.25455,Collider_Roger_Body,0.07635497
84.26583,Collider_Roger_Body,0.08043927
84.27685,Collider_Roger_Body,0.08481194
84.28777,Collider_Roger_Body,0.09473282
84.29914,Collider_Roger_Body,0.09816645
84.31007,Collider_Roger_Body,0.09895924
84.32124,Collider_Roger_Body,0.1031249
84.33244,Collider_Roger_Body,0.09614812
84.34333,Collider_Roger_Body,0.09570156
84.35453,Collider_Roger_Body,0.09030131
84.36566,Collider_Roger_Body,0.08639998
84.37681,Collider_Roger_Body,0.08780093
84.38782,Collider_Roger_Body,0.08534702
84.39906,Collider_Roger_Body,0.09015465
84.41003,Collider_Roger_Body,0.08560206
84.4213,Collider_Roger_Body,0.08359876
84.43243,Collider_Roger_Body,0.08514147
84.4435,Collider_Roger_Body,0.08658271
84.45454,Collider_Roger_Body,0.09019685
84.46564,Collider_Roger_Body,0.0908814
84.47668,Collider_Roger_Body,0.09358257
84.48769,Collider_Roger_Body,0.09130714
84.49894,Collider_Roger_Body,0.08817311
84.51,Collider_Roger_Body,0.08830264
84.52118,Collider_Roger_Body,0.09397384
84.53225,Collider_Roger_Body,0.09547387
84.54332,Collider_Roger_Body,0.09832709
84.55437,Collider_Roger_Body,0.09353731
84.56551,Collider_Roger_Body,0.09587545
84.57659,Collider_Roger_Body,0.09675537
84.58768,Collider_Roger_Body,0.0986176
84.599,Collider_Roger_Body,0.09661192
84.61018,Collider_Roger_Body,0.09036396
84.62115,Collider_Roger_Body,0.08933649
84.63216,Collider_Roger_Body,0.08528802
84.64332,Collider_Roger_Body,0.08433595
84.65438,Collider_Roger_Body,0.07986368
84.66545,Collider_Roger_Body,0.07757115
84.67762,Collider_Roger_Body,0.07803942
84.68765,Collider_Roger_Body,0.07752959
84.69881,Collider_Roger_Body,0.07495813
84.7099,Collider_Roger_Body,0.07022591
84.72105,Collider_Roger_Body,0.06614475
84.73215,Collider_Roger_Body,0.06221116
84.74322,Collider_Roger_Body,0.05736116
84.75433,Collider_Roger_Body,0.05081069
84.76538,Collider_Roger_Body,0.05331594
84.77645,Collider_Roger_Body,0.04874478
84.78754,Collider_Roger_Body,0.04798835
84.79873,Collider_Roger_Body,0.05138338
84.80979,Collider_Roger_Body,0.05253456
84.82137,Collider_Roger_Body,0.04822692
84.83232,Collider_Roger_Body,0.04714546
84.84333,Collider_Roger_Body,0.03734897
84.85423,Collider_Roger_Body,0.03311097
84.86554,Collider_Roger_Body,0.02700389
84.87646,Collider_Roger_Body,0.03107005
84.88762,Collider_Roger_Body,0.02813452
84.89866,Collider_Roger_Body,0.02568868
84.9098,Collider_Roger_Body,0.02468144
84.92092,Collider_Roger_Body,0.02000303
84.93199,Collider_Roger_Body,0.01568164
84.94306,Collider_Roger_Body,0.01201026
84.9542,Collider_Roger_Body,0.01139319
84.96529,Collider_Roger_Body,0.01513864
84.97656,Collider_Roger_Body,0.01903715
84.98747,Collider_Roger_Body,0.02382937
84.99873,Collider_Roger_Body,0.02816859
85.0103,Collider_Roger_Body,0.03439848
85.0209,Collider_Roger_Body,0.04258631
85.03197,Collider_Roger_Body,0.04732984
85.04319,Collider_Roger_Body,0.05191424
85.05416,Collider_Roger_Body,0.0576511
85.0653,Collider_Roger_Body,0.05808891
85.0765,Collider_Roger_Body,0.06081218
85.08747,Collider_Roger_Body,0.0722141
85.09871,Collider_Roger_Body,0.07395875
85.1097,Collider_Roger_Body,0.07422684
85.1208,Collider_Roger_Body,0.07099926
85.13212,Collider_Roger_Body,0.06209838
85.14317,Collider_Roger_Body,0.05695176
85.15424,Collider_Roger_Body,0.05156697
85.16547,Collider_Roger_Body,0.0435252
85.17628,Collider_Roger_Body,0.04368215
85.18763,Collider_Roger_Body,0.03679015
85.19868,Collider_Roger_Body,0.03538119
85.20963,Collider_Roger_Body,0.02923762
85.22077,Collider_Roger_Body,0.03290877
85.23188,Collider_Roger_Body,0.03318378
85.2431,Collider_Roger_Body,0.03137865
85.25408,Collider_Roger_Body,0.02820048
85.26525,Collider_Roger_Body,0.03045965
85.27636,Collider_Roger_Body,0.03012102
85.28741,Collider_Roger_Body,0.03331865
85.29852,Collider_Roger_Body,0.03398716
85.30969,Collider_Roger_Body,0.03521115
85.32073,Collider_Roger_Body,0.04005511
85.33179,Collider_Roger_Body,0.04014434
85.34309,Collider_Roger_Body,0.03796307
85.35402,Collider_Roger_Body,0.03875549
85.3656,Collider_Roger_Body,0.03755843
85.37631,Collider_Roger_Body,0.02618255
85.38747,Collider_Roger_Body,0.02626231
85.39851,Collider_Roger_Body,0.02317287
85.40977,Collider_Roger_Body,0.02499754
85.42075,Collider_Roger_Body,0.02463511
85.43177,Collider_Roger_Body,0.02376452
85.44291,Collider_Roger_Body,0.02872362
85.45403,Collider_Roger_Body,0.02719337
85.46514,Collider_Roger_Body,0.02779044
85.47618,Collider_Roger_Body,0.03070083
85.48732,Collider_Roger_Body,0.02911197
85.49846,Collider_Roger_Body,0.02229966
85.50952,Collider_Roger_Body,0.0225223
85.52066,Collider_Roger_Body,0.02050183
85.53176,Collider_Roger_Body,0.0167565
85.54277,Collider_Roger_Body,0.02112043
85.55394,Collider_Roger_Body,0.02279901
85.56508,Collider_Roger_Body,0.0275481
85.57616,Collider_Roger_Body,0.02025374
85.58736,Collider_Roger_Body,0.01992465
85.59835,Collider_Roger_Body,0.02961243
85.60944,Collider_Roger_Body,0.02896286
85.6206,Collider_Roger_Body,0.0307575
85.63169,Collider_Roger_Body,0.02600825
85.6428,Collider_Roger_Body,0.02197083
85.65393,Collider_Roger_Body,0.02055559
85.66511,Collider_Roger_Body,0.02309379
85.67631,Collider_Roger_Body,0.02399602
85.68719,Collider_Roger_Body,0.02686769
85.69836,Collider_Roger_Body,0.02981871
85.70964,Collider_Roger_Body,0.03509038
85.72054,Collider_Roger_Body,0.03889906
85.73174,Collider_Roger_Body,0.03810371
85.74291,Collider_Roger_Body,0.03254891
85.75401,Collider_Roger_Body,0.03857634
85.76498,Collider_Roger_Body,0.03932293
85.77615,Collider_Roger_Body,0.0370456
85.78732,Collider_Roger_Body,0.03631235
85.79845,Collider_Roger_Body,0.03564272
85.80954,Collider_Roger_Body,0.02944784
85.82058,Collider_Roger_Body,0.03306291
85.8317,Collider_Roger_Body,0.02727186
85.84278,Collider_Roger_Body,0.02213811
85.85378,Collider_Roger_Body,0.01762848
85.86528,Collider_Roger_Body,0.01943149
85.87601,Collider_Roger_Body,0.02364385
85.88721,Collider_Roger_Body,0.03077077
85.89815,Collider_Roger_Body,0.04210831
85.90936,Collider_Roger_Body,0.05335366
85.92047,Collider_Roger_Body,0.06554589
85.93156,Collider_Roger_Body,0.06519014
85.9426,Collider_Roger_Body,0.07017412
85.9538,Collider_Roger_Body,0.06616516
85.9651,Collider_Roger_Body,0.07048372
85.97604,Collider_Roger_Body,0.08014386
85.98709,Collider_Roger_Body,0.08132851
85.99815,Collider_Roger_Body,0.08259248
86.00919,Collider_Roger_Body,0.08194051
86.02045,Collider_Roger_Body,0.08047374
86.03159,Collider_Roger_Body,0.08341205
86.04275,Collider_Roger_Body,0.09108955
86.05377,Collider_Roger_Body,0.09806976
86.06477,Collider_Roger_Body,0.104108
86.07595,Collider_Roger_Body,0.11908
86.08728,Collider_Roger_Body,0.1372436
86.09811,Collider_Roger_Body,0.1549929
86.10928,Collider_Roger_Body,0.1736199
86.12029,Collider_Roger_Body,0.1839921
86.13142,Collider_Roger_Body,0.1868549
86.14257,Collider_Roger_Body,0.1932605
86.15371,Collider_Roger_Body,0.1912322
86.16492,Collider_Roger_Body,0.1814852
86.17585,Collider_Roger_Body,0.1746549
86.18697,Collider_Roger_Body,0.1633869
86.19815,Collider_Roger_Body,0.1490444
86.20959,Collider_Roger_Body,0.1398986
86.22031,Collider_Roger_Body,0.1373839
86.23139,Collider_Roger_Body,0.1354264
86.24271,Collider_Roger_Body,0.155339
86.25381,Collider_Roger_Body,0.1980887
86.26466,Collider_Roger_Body,0.2298305
86.2758,Collider_Roger_Body,0.249072
86.28732,Collider_Roger_Body,0.2463351
86.29808,Collider_Roger_Body,0.2440966
86.30907,Collider_Roger_Body,0.2278657
86.32029,Collider_Roger_Body,0.220181
86.33147,Collider_Roger_Body,0.1955102
86.34251,Collider_Roger_Body,0.1714571
86.35423,Collider_Roger_Body,0.167085
86.36488,Collider_Roger_Body,0.1615695
86.37605,Collider_Roger_Body,0.1609127
86.38703,Collider_Roger_Body,0.156041
86.39816,Collider_Roger_Body,0.158963
86.40923,Collider_Roger_Body,0.1630215
86.42036,Collider_Roger_Body,0.1601198
86.43171,Collider_Roger_Body,0.1591326
86.44266,Collider_Roger_Body,0.1673038
86.45386,Collider_Roger_Body,0.1696145
86.46496,Collider_Roger_Body,0.1693376
86.47607,Collider_Roger_Body,0.1697315
86.48714,Collider_Roger_Body,0.166633
86.49813,Collider_Roger_Body,0.1574878
86.50929,Collider_Roger_Body,0.1361596
86.52037,Collider_Roger_Body,0.1170908
86.53144,Collider_Roger_Body,0.0953426
86.54256,Collider_Roger_Body,0.08153214
86.55407,Collider_Roger_Body,0.06883294
86.5649,Collider_Roger_Body,0.06426772
86.57617,Collider_Roger_Body,0.06700712
86.58715,Collider_Roger_Body,0.0689363
86.59811,Collider_Roger_Body,0.07294403
86.60944,Collider_Roger_Body,0.07763723
86.62038,Collider_Roger_Body,0.08415577
86.63402,Collider_Roger_Body,0.07258782
86.64259,Collider_Roger_Body,0.05974305
86.65369,Collider_Roger_Body,0.0520466
86.66486,Collider_Roger_Body,0.05348347
86.6759,Collider_Roger_Body,0.05260591
86.68712,Collider_Roger_Body,0.06144433
86.69831,Collider_Roger_Body,0.0657879
86.70923,Collider_Roger_Body,0.069881
86.72036,Collider_Roger_Body,0.06750991
86.73153,Collider_Roger_Body,0.06316748
86.74265,Collider_Roger_Body,0.0512859
86.75369,Collider_Roger_Body,0.04477542
86.76474,Collider_Roger_Body,0.03936185
86.77608,Collider_Roger_Body,0.02691393
86.78714,Collider_Roger_Body,0.02332961
86.79814,Collider_Roger_Body,0.03115823
86.80945,Collider_Roger_Body,0.04006737
86.82025,Collider_Roger_Body,0.04786524
86.83153,Nullreference,0.05811732
86.84272,Nullreference,0.0616484
86.85394,Nullreference,0.06189537
86.86463,Nullreference,0.05923974
86.87592,Nullreference,0.0548875
86.88705,Nullreference,0.05358258
86.89805,Nullreference,0.05665418
86.90934,Nullreference,0.05320874
86.92007,Nullreference,0.0553043
86.93116,Nullreference,0.05522254
86.94237,Nullreference,0.0535882
86.95335,Nullreference,0.05621414
86.96463,Nullreference,0.05097893
86.97566,Nullreference,0.04295649
86.9868,Nullreference,0.04014893
86.9978,Nullreference,0.02822867
87.00902,Nullreference,0.02375658
87.02013,Nullreference,0.01771316
87.03123,Nullreference,0.01507314
87.04235,Nullreference,0.01684541
87.05343,Nullreference,0.02007069
87.06449,Nullreference,0.03081765
87.07556,Nullreference,0.0335786
87.08674,Nullreference,0.04373647
87.09789,Nullreference,0.04487947
87.10938,Nullreference,0.04493584
87.12006,Nullreference,0.04972798
87.13136,Nullreference,0.04810734
87.14241,Nullreference,0.06181144
87.15337,Nullreference,0.0694565
87.16454,Nullreference,0.0796631
87.17554,Nullreference,0.0952233
87.18674,Nullreference,0.1098834
87.19773,Nullreference,0.1381352
87.20891,Nullreference,0.2077835
87.22016,Nullreference,0.3177989
87.23175,Nullreference,0.4471653
87.24252,Nullreference,0.6366231
87.25347,Nullreference,0.7971278
87.26449,Nullreference,0.9886892
87.27557,Nullreference,1.138202
87.28658,Nullreference,1.324724
87.29769,Nullreference,1.486896
87.30894,Nullreference,1.623253
87.32002,Nullreference,1.708602
87.33139,Nullreference,1.801988
87.34295,Nullreference,1.847232
87.35337,Nullreference,1.886447
87.36469,Nullreference,1.891828
87.37582,Nullreference,1.887517
87.38691,Nullreference,1.875948
87.3982,Nullreference,1.840858
87.40923,Nullreference,1.802971
87.4202,Nullreference,1.755442
87.43151,Nullreference,1.717483
87.4426,Nullreference,1.664603
87.45413,Nullreference,1.611986
87.46503,Nullreference,1.585879
87.47588,Nullreference,1.574928
87.48686,Nullreference,1.58102
87.49801,Nullreference,1.589435
87.50915,Nullreference,1.612774
87.52021,Nullreference,1.646412
87.53139,Nullreference,1.655365
87.54293,Nullreference,1.652028
87.55351,Nullreference,1.647673
87.5648,Nullreference,1.635789
87.57595,Nullreference,1.611655
87.58698,Nullreference,1.58806
87.59802,Nullreference,1.566492
87.60986,Nullreference,1.534777
87.62095,Nullreference,1.509961
87.63137,Nullreference,1.472259
87.6433,Nullreference,1.43713
87.6536,Nullreference,1.383623
87.66467,Nullreference,1.338952
87.67575,Nullreference,1.279815
87.68688,Nullreference,1.236067
87.69806,Nullreference,1.182987
87.70922,Nullreference,1.148028
87.72017,Nullreference,1.115204
87.73119,Nullreference,1.096836
87.74272,Nullreference,1.076315
87.75359,Nullreference,1.058985
87.76489,Nullreference,1.053164
87.77586,Nullreference,1.056861
87.78706,Nullreference,1.066896
87.79808,Nullreference,1.086636
87.8091,Nullreference,1.109853
87.82031,Nullreference,1.147517
87.83181,Nullreference,1.190153
87.84315,Nullreference,1.245071
87.85343,Nullreference,1.29189
87.86479,Nullreference,1.353856
87.87573,Nullreference,1.402801
87.88682,Nullreference,1.470163
87.89793,Nullreference,1.52025
87.90895,Nullreference,1.592454
87.9201,Nullreference,1.649995
87.93162,Nullreference,1.693902
87.94231,Nullreference,1.73679
87.95361,Nullreference,1.762755
87.96463,Nullreference,1.782161
87.97557,Nullreference,1.799087
87.98694,Nullreference,1.813026
87.99785,Nullreference,1.813613
88.00879,Nullreference,1.802032
88.01984,Nullreference,1.783277
88.03103,Nullreference,1.751452
88.04208,Nullreference,1.708086
88.05317,Nullreference,1.668437
88.06431,Nullreference,1.617204
88.07545,Nullreference,1.56006
88.08655,Nullreference,1.496777
88.09805,Nullreference,1.444559
88.10866,Nullreference,1.381561
88.11974,Nullreference,1.325793
88.13089,Nullreference,1.259259
88.14197,Nullreference,1.206614
88.15344,Nullreference,1.140051
88.16414,Nullreference,1.080787
88.17529,Nullreference,1.03168
88.18646,Nullreference,0.9641626
88.19753,Nullreference,0.9029406
88.20867,Nullreference,0.8452713
88.21967,Nullreference,0.7795509
88.23082,Collider_Roger_Body,0.7305821
88.2419,Collider_Roger_Body,0.659808
88.25305,Collider_Roger_Body,0.6076049
88.26408,Collider_Roger_Body,0.5361937
88.27534,Collider_Roger_Body,0.4786035
88.28659,Collider_Roger_Body,0.4049524
88.29755,Collider_Roger_Body,0.3324694
88.30864,Collider_Roger_Body,0.2729254
88.31961,Collider_Roger_Body,0.2005798
88.33065,Collider_Roger_Body,0.136759
88.34181,Collider_Roger_Body,0.06926915
88.3534,Collider_Roger_Body,0.03647781
88.36413,Collider_Roger_Body,0.06971403
88.3751,Collider_Roger_Body,0.1281058
88.38627,Collider_Roger_Body,0.1722304
88.39755,Collider_Roger_Body,0.231642
88.40842,Collider_Roger_Body,0.2770859
88.42047,Collider_Roger_Body,0.3312678
88.43072,Collider_Roger_Body,0.3867932
88.44194,Collider_Roger_Body,0.4336339
88.45296,Collider_Roger_Body,0.4875922
88.46417,Collider_Roger_Body,0.5439727
88.47564,Collider_Roger_Body,0.6100157
88.48621,Nullreference,0.6599359
88.49744,Nullreference,0.7347114
88.50855,Nullreference,0.7943997
88.51978,Nullreference,0.837654
88.53072,Nullreference,0.8837755
88.54179,Nullreference,0.9157894
88.55306,Nullreference,0.9346284
88.56403,Nullreference,0.9369345
88.57525,Nullreference,0.9332908
88.58646,Nullreference,0.9222763
88.59738,Nullreference,0.9100502
88.60863,Nullreference,0.8953483
88.62001,Nullreference,0.8869948
88.63073,Nullreference,0.8799189
88.64195,Nullreference,0.8662018
88.65304,Nullreference,0.8587422
88.66415,Nullreference,0.852354
88.67529,Nullreference,0.8382607
88.68662,Nullreference,0.8246126
88.69744,Nullreference,0.8139322
88.70852,Nullreference,0.8094912
88.71971,Nullreference,0.8043308
88.73078,Nullreference,0.7986485
88.74188,Nullreference,0.7983677
88.75298,Nullreference,0.7943009
88.76431,Nullreference,0.8012185
88.77529,Nullreference,0.8085406
88.78645,Nullreference,0.8137866
88.79754,Nullreference,0.8117163
88.80853,Nullreference,0.8122135
88.81981,Nullreference,0.8108344
88.83071,Nullreference,0.8122672
88.84214,Nullreference,0.8091445
88.85323,Nullreference,0.8035797
88.8649,Nullreference,0.8051584
88.87444,Nullreference,0.7980122
88.88573,Nullreference,0.7887526
88.89677,Nullreference,0.768342
88.90771,Nullreference,0.7472701
88.9193,Nullreference,0.729434
88.92999,Nullreference,0.710745
88.94099,Nullreference,0.6876016
88.95211,Nullreference,0.6727926
88.96313,Nullreference,0.6591695
88.97418,Nullreference,0.6301417
88.98531,Nullreference,0.609678
88.99652,Nullreference,0.5847068
89.00748,Nullreference,0.566165
89.01865,Nullreference,0.5456171
89.02976,Nullreference,0.5333754
89.04099,Nullreference,0.5170543
89.0519,Nullreference,0.4993308
89.06307,Nullreference,0.4846128
89.0741,Nullreference,0.4659019
89.08536,Nullreference,0.4416042
89.09628,Nullreference,0.4132472
89.10747,Nullreference,0.3897411
89.11855,Nullreference,0.3494448
89.12965,Nullreference,0.3178962
89.14107,Nullreference,0.2852863
89.15189,Nullreference,0.2588915
89.16304,Nullreference,0.2369587
89.17406,Nullreference,0.2172314
89.18514,Nullreference,0.216303
89.19625,Nullreference,0.2266738
89.20731,Nullreference,0.256923
89.21851,Nullreference,0.2932678
89.22957,Nullreference,0.3292468
89.24078,Nullreference,0.3857644
89.25188,Nullreference,0.4540354
89.26299,Nullreference,0.5306122
89.27417,Nullreference,0.6089602
89.28529,Nullreference,0.6608216
89.29619,Nullreference,0.720341
89.3074,Nullreference,0.7653834
89.31854,Nullreference,0.8185713
89.32949,Nullreference,0.890206
89.34058,Nullreference,0.9627489
89.35178,Nullreference,1.054363
89.3628,Nullreference,1.147113
89.37402,Nullreference,1.243317
89.38515,Nullreference,1.339564
89.3962,Nullreference,1.414658
89.40718,Nullreference,1.482452
89.41839,Nullreference,1.559908
89.42937,Nullreference,1.632584
89.44053,Nullreference,1.717398
89.45174,Nullreference,1.794606
89.46291,Nullreference,1.864918
89.47389,Nullreference,1.94069
89.48509,Nullreference,2.020584
89.49599,Nullreference,2.082427
89.5071,Nullreference,2.171336
89.51842,Nullreference,2.241568
89.52945,Nullreference,2.344672
89.54053,Nullreference,2.432998
89.55167,Nullreference,2.553312
89.56266,Nullreference,2.673386
89.57375,Nullreference,2.770484
89.58512,Nullreference,2.889277
89.59597,Nullreference,2.980289
89.6071,Nullreference,3.090444
89.6182,Nullreference,3.190854
89.62926,Nullreference,3.303285
89.64053,Nullreference,3.398418
89.6517,Nullreference,3.491868
89.66281,Nullreference,3.592244
89.6739,Nullreference,3.678641
89.68505,Nullreference,3.744325
89.69624,Nullreference,3.811119
89.7075,Nullreference,3.861487
89.71902,Nullreference,3.908485
89.72964,Nullreference,3.947813
89.74076,Nullreference,3.982051
89.75197,Nullreference,4.014086
89.76305,Nullreference,4.043832
89.77409,Nullreference,4.071768
89.78521,Nullreference,4.099514
89.79627,Nullreference,4.121416
89.80757,Nullreference,4.141678
89.81868,Nullreference,4.154969
89.82989,Nullreference,4.164112
89.84098,Nullreference,4.165228
89.85211,Nullreference,4.164777
89.8634,Nullreference,4.169534
89.87442,Nullreference,4.170559
89.88573,Nullreference,4.170397
89.89674,Nullreference,4.151392
89.90805,Nullreference,4.130468
89.91926,Nullreference,4.120048
89.9302,Nullreference,4.118374
89.94141,Nullreference,4.129946
89.95247,Nullreference,4.133283
89.96358,Nullreference,4.155055
89.97477,Nullreference,4.164037
89.98609,Nullreference,4.174669
89.99747,Nullreference,4.180846
90.00809,Nullreference,4.179943
90.01929,Nullreference,4.165168
90.03024,Nullreference,4.148581
90.04135,Nullreference,4.123274
90.05243,Nullreference,4.095162
90.06352,Nullreference,4.063414
90.07494,Nullreference,4.023463
90.08594,Nullreference,3.983653
90.09689,Nullreference,3.949467
90.10801,Nullreference,3.910758
90.11915,Nullreference,3.864713
90.13011,Nullreference,3.827448
90.14125,Nullreference,3.789082
90.15279,Nullreference,3.731268
90.16322,Nullreference,3.680162
90.17432,Nullreference,3.611496
90.18574,Nullreference,3.535889
90.19654,Nullreference,3.459583
90.20762,Nullreference,3.358248
90.21924,Nullreference,3.260443
90.23041,Nullreference,3.196041
90.24101,Nullreference,3.160867
90.25211,Nullreference,3.153497
90.26305,Nullreference,3.17068
90.27431,Nullreference,3.199611
90.286,Nullreference,3.242803
90.29635,Nullreference,3.293655
90.30746,Nullreference,3.336782
90.31857,Nullreference,3.383986
90.32962,Nullreference,3.405843
90.34071,Nullreference,3.431646
90.35171,Nullreference,3.450955
90.36283,Nullreference,3.459497
90.37373,Nullreference,3.450583
90.38486,Nullreference,3.432088
90.39594,Nullreference,3.388087
90.40707,Nullreference,3.352907
90.4184,Nullreference,3.291546
90.42915,Nullreference,3.253958
90.44027,Nullreference,3.19892
90.45142,Nullreference,3.158634
90.4625,Nullreference,3.113394
90.47371,Nullreference,3.070507
90.48466,Nullreference,3.033213
90.49599,Nullreference,3.016106
90.5071,Nullreference,3.001445
90.51807,Nullreference,2.984108
90.52918,Nullreference,2.961207
90.54023,Nullreference,2.907227
90.55139,Nullreference,2.874675
90.56221,Nullreference,2.853608
90.57336,Nullreference,2.852867
90.58456,Nullreference,2.8635
90.59569,Nullreference,2.881354
90.60698,Nullreference,2.881215
90.61812,Nullreference,2.873782
90.62931,Nullreference,2.864249
90.64043,Nullreference,2.847752
90.65202,Nullreference,2.835459
90.66263,Nullreference,2.830222
90.6739,Nullreference,2.828837
90.68491,Nullreference,2.829381
90.69604,Nullreference,2.8306
90.70715,Nullreference,2.835453
90.71826,Nullreference,2.839972
90.72961,Nullreference,2.828724
90.74093,Nullreference,2.817569
90.75158,Nullreference,2.808317
90.76259,Nullreference,2.793417
90.77396,Nullreference,2.785183
90.78484,Nullreference,2.774429
90.79608,Nullreference,2.7731
90.80712,Nullreference,2.761515
90.81821,Nullreference,2.736344
90.82924,Nullreference,2.712094
90.84048,Nullreference,2.681996
90.85185,Nullreference,2.654551
90.86286,Nullreference,2.625501
90.8737,Nullreference,2.595717
90.88499,Nullreference,2.578572
90.89619,Nullreference,2.559017
90.90732,Nullreference,2.535692
90.91811,Nullreference,2.506198
90.92931,Nullreference,2.466485
90.94031,Nullreference,2.430058
90.95181,Nullreference,2.373159
90.96267,Nullreference,2.313479
90.97401,Nullreference,2.244066
90.98499,Nullreference,2.18044
90.99606,Nullreference,2.101082
91.00716,Nullreference,2.039737
91.01827,Nullreference,1.94842
91.02924,Nullreference,1.869499
91.04035,Nullreference,1.811434
91.0516,Nullreference,1.762188
91.06255,Nullreference,1.734514
91.07368,Nullreference,1.701589
91.08521,Nullreference,1.656208
91.09591,Nullreference,1.605558
91.1072,Nullreference,1.568239
91.11834,Nullreference,1.539067
91.12922,Nullreference,1.514642
91.1404,Nullreference,1.486255
91.15159,Nullreference,1.459031
91.16252,Nullreference,1.425744
91.17368,Collider_Roger_Body,1.39846
91.18496,Collider_Roger_Body,1.368993
91.19595,Collider_Roger_Body,1.349724
91.20699,Collider_Roger_Body,1.325871
91.21822,Collider_Roger_Body,1.298281
91.22915,Collider_Roger_Body,1.27077
91.24031,Collider_Roger_Body,1.245255
91.2516,Collider_Roger_Body,1.216927
91.26256,Collider_Roger_Body,1.182351
91.27361,Collider_Roger_Body,1.133958
91.28489,Collider_Roger_Body,1.113933
91.29598,Collider_Roger_Body,1.096602
91.30701,Collider_Roger_Body,1.045143
91.31821,Collider_Roger_Body,0.9848262
91.32925,Collider_Roger_Body,0.9279427
91.34046,Collider_Roger_Body,0.9010815
91.35152,Collider_Roger_Body,0.9021234
91.36239,Collider_Roger_Body,0.9330691
91.37352,Collider_Roger_Body,0.9897611
91.38493,Collider_Roger_Body,1.070156
91.39587,Collider_Roger_Body,1.143848
91.4069,Collider_Roger_Body,1.247722
91.41813,Nullreference,1.347626
91.4292,Nullreference,1.469103
91.44038,Nullreference,1.553226
91.45167,Nullreference,1.618627
91.46256,Nullreference,1.6476
91.47373,Nullreference,1.634833
91.48478,Nullreference,1.596322
91.49583,Nullreference,1.533521
91.50713,Nullreference,1.441043
91.51844,Nullreference,1.343963
91.52911,Nullreference,1.22635
91.54033,Nullreference,1.132537
91.55132,Nullreference,1.040611
91.56241,Nullreference,0.9649185
91.57379,Nullreference,0.8994486
91.58467,Nullreference,0.8158105
91.59558,Nullreference,0.7539188
91.60691,Nullreference,0.6997222
91.61781,Nullreference,0.6720698
91.62913,Nullreference,0.673578
91.6403,Nullreference,0.6990149
91.65135,Nullreference,0.7104118
91.66229,Nullreference,0.6944846
91.67337,Nullreference,0.6782967
91.68456,Nullreference,0.6451279
91.69559,Nullreference,0.6312326
91.70768,Nullreference,0.6225806
91.71804,Nullreference,0.6154579
91.72913,Nullreference,0.6091057
91.7401,Nullreference,0.5943182
91.75132,Nullreference,0.5902385
91.76223,Nullreference,0.5856265
91.77335,Nullreference,0.5904422
91.78452,Nullreference,0.591116
91.79564,Nullreference,0.5948052
91.80666,Nullreference,0.6053241
91.81777,Nullreference,0.6135979
91.82882,Nullreference,0.6238689
91.83994,Nullreference,0.6336864
91.85124,Nullreference,0.6425478
91.86219,Nullreference,0.6362963
91.87326,Nullreference,0.622449
91.89698,Nullreference,0.611988
91.90425,Nullreference,0.5916053
91.91116,Nullreference,0.5788829
91.91949,Nullreference,0.5745158
91.92614,Nullreference,0.5662569
91.93497,Nullreference,0.5528753
91.94595,Nullreference,0.5194818
91.95706,Nullreference,0.4822255
91.96833,Nullreference,0.4459786
91.97914,Nullreference,0.3888658
91.99033,Nullreference,0.327327
92.0015,Nullreference,0.2748755
92.01274,Nullreference,0.2157961
92.02364,Nullreference,0.1680803
92.03482,Nullreference,0.1262608
92.04601,Nullreference,0.1141645
92.05703,Nullreference,0.1335965
92.06818,Nullreference,0.1706794
92.07919,Nullreference,0.230084
92.09039,Nullreference,0.3013976
92.10146,Nullreference,0.3564197
92.11255,Nullreference,0.3986287
92.12355,Nullreference,0.424178
92.13469,Nullreference,0.4326481
92.14584,Nullreference,0.4335191
92.15707,Nullreference,0.4348605
92.16818,Nullreference,0.4313499
92.17909,Nullreference,0.4230467
92.1904,Nullreference,0.4231079
92.20139,Nullreference,0.4309534
92.21246,Nullreference,0.4280747
92.22356,Nullreference,0.4138001
92.23462,Nullreference,0.3849906
92.24584,Nullreference,0.3493633
92.25697,Nullreference,0.3319739
92.26801,Nullreference,0.3124466
92.27901,Nullreference,0.29818
92.29069,Nullreference,0.2824461
92.30126,Nullreference,0.2648881
92.31242,Nullreference,0.2459808
92.32365,Nullreference,0.2225502
92.33504,Nullreference,0.1856206
92.34646,Nullreference,0.1321708
92.358,Nullreference,0.08530568
92.36932,Nullreference,0.06381034
92.38074,Nullreference,0.07092444
92.39217,Nullreference,0.09154853
92.40365,Nullreference,0.1095828
92.41512,Nullreference,0.126231
92.42637,Nullreference,0.1468827
92.43771,Nullreference,0.1654785
92.44922,Nullreference,0.1883165
92.46064,Nullreference,0.2107228
92.472,Nullreference,0.226115
92.48343,Nullreference,0.236402
92.49529,Nullreference,0.2283158
92.5061,Nullreference,0.2096788
92.51735,Nullreference,0.1749778
92.52854,Nullreference,0.1414943
92.53963,Nullreference,0.1188533
92.55074,Nullreference,0.09776802
92.56178,Nullreference,0.1011798
92.57293,Nullreference,0.1138384
92.58395,Nullreference,0.1351642
92.59527,Nullreference,0.1551159
92.6064,Nullreference,0.1837271
92.61742,Nullreference,0.2078078
92.62849,Nullreference,0.2391613
92.63954,Nullreference,0.2666845
92.65061,Nullreference,0.2851972
92.66203,Nullreference,0.3034386
92.67301,Nullreference,0.3120409
92.68404,Nullreference,0.325321
92.6951,Nullreference,0.3322
92.70653,Nullreference,0.3430395
92.71724,Nullreference,0.3417479
92.7283,Nullreference,0.3413249
92.73969,Nullreference,0.3382511
92.75061,Nullreference,0.3317364
92.76177,Nullreference,0.3190986
92.77287,Nullreference,0.3061724
92.78392,Nullreference,0.2953221
92.79938,Nullreference,0.2907685
92.80607,Nullreference,0.293261
92.81471,Nullreference,0.2962247
92.82584,Nullreference,0.294048
92.83698,Nullreference,0.295187
92.84802,Nullreference,0.2910357
92.85915,Nullreference,0.2832879
92.87043,Nullreference,0.2743805
92.88177,Nullreference,0.2585485
92.89252,Nullreference,0.246856
92.90356,Nullreference,0.2320412
92.91473,Nullreference,0.2213914
92.92577,Nullreference,0.2101063
92.937,Nullreference,0.2100787
92.94796,Nullreference,0.2116419
92.95931,Nullreference,0.2140039
92.97025,Nullreference,0.2246776
92.98133,Nullreference,0.235035
92.99241,Nullreference,0.2451517
93.00367,Nullreference,0.2586044
93.01464,Nullreference,0.2741351
93.02593,Nullreference,0.2814963
93.0369,Nullreference,0.2869543
93.04807,Nullreference,0.2882229
93.05907,Nullreference,0.2829612
93.07021,Nullreference,0.2782954
93.08123,Nullreference,0.2720107
93.09243,Nullreference,0.2622068
93.10355,Nullreference,0.2553468
93.11467,Nullreference,0.2431493
93.12574,Nullreference,0.2263892
93.13686,Nullreference,0.2062246
93.14787,Nullreference,0.1785415
93.15916,Nullreference,0.1579959
93.17043,Nullreference,0.14671
93.18175,Nullreference,0.1385969
93.19308,Nullreference,0.1316121
93.20443,Nullreference,0.1234113
93.21565,Nullreference,0.1152827
93.22698,Nullreference,0.1070788
93.23812,Nullreference,0.08180298
93.24931,Nullreference,0.0652208
93.26072,Nullreference,0.05421767
93.27192,Nullreference,0.0475626
93.28319,Nullreference,0.05331362
93.29457,Nullreference,0.06357578
93.30595,Nullreference,0.08148048
93.31695,Nullreference,0.1030507
93.32814,Nullreference,0.1105043
93.3394,Nullreference,0.1207677
93.35037,Nullreference,0.1243947
93.36211,Nullreference,0.124566
93.37256,Nullreference,0.1219426
93.3838,Nullreference,0.123119
93.39503,Nullreference,0.1264964
93.40598,Nullreference,0.1395356
93.41689,Nullreference,0.1613957
93.42831,Nullreference,0.1792564
93.43926,Nullreference,0.202963
93.45116,Nullreference,0.2279186
93.46143,Nullreference,0.2409951
93.47249,Nullreference,0.2580435
93.48369,Nullreference,0.2765577
93.49467,Nullreference,0.2939347
93.50591,Nullreference,0.3118451
93.51704,Nullreference,0.3318493
93.5281,Nullreference,0.3495211
93.53918,Nullreference,0.3592653
93.55023,Nullreference,0.3682279
93.5614,Nullreference,0.3656102
93.57246,Nullreference,0.3613741
93.58355,Nullreference,0.3582097
93.59479,Nullreference,0.3435901
93.60581,Nullreference,0.3327055
93.6171,Nullreference,0.3172562
93.62805,Nullreference,0.300683
93.63914,Nullreference,0.3151871
93.65038,Nullreference,0.3516838
93.66129,Nullreference,0.3808407
93.67249,Nullreference,0.3696907
93.68361,Nullreference,0.3505541
93.69467,Nullreference,0.3299755
93.70602,Nullreference,0.3218157
93.71687,Nullreference,0.3197383
93.72791,Nullreference,0.3159565
93.73925,Nullreference,0.3107855
93.75016,Nullreference,0.3035047
93.76133,Nullreference,0.2864089
93.77243,Nullreference,0.2621388
93.78372,Nullreference,0.2436593
93.79457,Nullreference,0.2223342
93.8058,Nullreference,0.2050058
93.81688,Nullreference,0.1899404
93.8279,Nullreference,0.1957497
93.83908,Nullreference,0.1935404
93.8502,Nullreference,0.1982891
93.86124,Nullreference,0.2007945
93.87242,Nullreference,0.206857
93.88368,Nullreference,0.2020262
93.89462,Nullreference,0.1888974
93.90596,Nullreference,0.1752019
93.91671,Nullreference,0.1754085
93.92802,Nullreference,0.1906299
93.93908,Nullreference,0.2306184
93.95013,Nullreference,0.2819099
93.96124,Nullreference,0.3282677
93.97237,Nullreference,0.3614424
93.98338,Nullreference,0.3809239
93.99461,Nullreference,0.39177
94.00581,Nullreference,0.4031508
94.01672,Nullreference,0.4031658
94.02797,Nullreference,0.4012718
94.03906,Nullreference,0.391014
94.05009,Nullreference,0.3865747
94.06122,Nullreference,0.3813181
94.0723,Nullreference,0.3685548
94.0835,Nullreference,0.3570049
94.09451,Nullreference,0.3409611
94.10575,Nullreference,0.3225842
94.11669,Nullreference,0.3120738
94.12776,Nullreference,0.3105825
94.13892,Nullreference,0.3099574
94.15009,Nullreference,0.3155453
94.16145,Nullreference,0.3182454
94.17226,Nullreference,0.340265
94.18354,Nullreference,0.3685588
94.1944,Nullreference,0.4071801
94.20571,Nullreference,0.4382961
94.21664,Nullreference,0.4673465
94.22771,Nullreference,0.4808715
94.23886,Nullreference,0.4828963
94.25008,Nullreference,0.4731989
94.26118,Nullreference,0.447732
94.27223,Nullreference,0.4226481
94.28329,Nullreference,0.3597152
94.2944,Nullreference,0.2939768
94.30571,Nullreference,0.2784755
94.31677,Nullreference,0.320654
94.32765,Nullreference,0.3961881
94.33933,Nullreference,0.4617677
94.34993,Nullreference,0.5550832
94.36111,Nullreference,0.6298318
94.37228,Nullreference,0.6810289
94.38323,Nullreference,0.7035842
94.39449,Nullreference,0.7024784
94.40549,Nullreference,0.6944321
94.41697,Nullreference,0.6820539
94.4277,Nullreference,0.6696377
94.43893,Nullreference,0.6474213
94.4501,Nullreference,0.6142292
94.46097,Nullreference,0.5759466
94.47208,Nullreference,0.5309583
94.48335,Nullreference,0.4743519
94.49432,Nullreference,0.3846621
94.50555,Nullreference,0.2720392
94.5166,Nullreference,0.1705609
94.52771,Nullreference,0.1509933
94.53908,Nullreference,0.1760993
94.54999,Nullreference,0.20623
94.56115,Nullreference,0.2457634
94.57211,Nullreference,0.2772086
94.58305,Nullreference,0.2919262
94.59426,Nullreference,0.2918482
94.60542,Nullreference,0.2851779
94.61647,Nullreference,0.2758735
94.62759,Nullreference,0.2478134
94.63876,Nullreference,0.2174215
94.64977,Nullreference,0.1791135
94.66108,Nullreference,0.1476774
94.6721,Nullreference,0.1093229
94.68318,Nullreference,0.08798227
94.69437,Nullreference,0.07932427
94.70544,Nullreference,0.09608424
94.71641,Nullreference,0.1205427
94.72762,Nullreference,0.1527465
94.73902,Nullreference,0.1848686
94.74983,Nullreference,0.2108806
94.76088,Nullreference,0.209148
94.77203,Nullreference,0.1893793
94.78308,Nullreference,0.1625614
94.79418,Nullreference,0.1336483
94.80528,Nullreference,0.1162759
94.81636,Nullreference,0.1110086
94.82768,Nullreference,0.1169416
94.83875,Nullreference,0.1227205
94.84991,Nullreference,0.1314937
94.86078,Nullreference,0.134392
94.87193,Nullreference,0.1293265
94.88315,Nullreference,0.1281923
94.8943,Nullreference,0.1186906
94.90539,Nullreference,0.1141011
94.91632,Nullreference,0.1253786
94.92752,Nullreference,0.1427723
94.93855,Nullreference,0.1698477
94.94962,Nullreference,0.1746798
94.96082,Nullreference,0.1654132
94.97184,Nullreference,0.1534423
94.98312,Nullreference,0.1310032
94.99416,Nullreference,0.09953395
95.00524,Nullreference,0.1053446
95.01631,Nullreference,0.1830851
95.02745,Nullreference,0.2908138
95.03856,Nullreference,0.4448863
95.04959,Nullreference,0.5819234
95.06086,Nullreference,0.7526655
95.07185,Nullreference,0.8967391
95.08288,Nullreference,1.072733
95.09418,Nullreference,1.252248
95.10532,Nullreference,1.406438
95.11619,Nullreference,1.587862
95.12736,Nullreference,1.743551
95.13857,Nullreference,1.897322
95.14954,Nullreference,2.05859
95.16064,Nullreference,2.186995
95.17181,Nullreference,2.320312
95.18289,Nullreference,2.419568
95.1941,Nullreference,2.519943
95.20514,Nullreference,2.610119
95.21634,Nullreference,2.673676
95.2272,Nullreference,2.724292
95.23827,Nullreference,2.763581
95.24931,Nullreference,2.790154
95.26037,Nullreference,2.802251
95.27143,Nullreference,2.821451
95.28239,Nullreference,2.827819
95.29349,Nullreference,2.839022
95.30465,Nullreference,2.82392
95.3157,Nullreference,2.788506
95.32687,Nullreference,2.734043
95.33807,Nullreference,2.681193
95.34908,Nullreference,2.600456
95.36025,Nullreference,2.491756
95.37142,Nullreference,2.362987
95.38245,Nullreference,2.215168
95.39386,Nullreference,2.085302
95.40479,Nullreference,1.915594
95.41593,Nullreference,1.769957
95.42696,Nullreference,1.580439
95.43811,Nullreference,1.407975
95.44926,Nullreference,1.272941
95.46046,Nullreference,1.106935
95.47154,Nullreference,0.9676961
95.48257,Nullreference,0.8121958
95.49379,Collider_Roger_Body,0.6885287
95.50501,Collider_Roger_Body,0.5449756
95.516,Collider_Roger_Body,0.4314948
95.52717,Collider_Roger_Body,0.2783116
95.53828,Collider_Roger_Body,0.1737288
95.54946,Collider_Roger_Body,0.1049474
95.56047,Collider_Roger_Body,0.1310346
95.57156,Collider_Roger_Body,0.2036231
95.58298,Collider_Roger_Body,0.2767957
95.59384,Collider_Roger_Body,0.3243626
95.60502,Collider_Roger_Body,0.3518663
95.61612,Collider_Roger_Body,0.3857141
95.62702,Collider_Roger_Body,0.4473361
95.63805,Collider_Roger_Body,0.5152855
95.64916,Collider_Roger_Body,0.5962717
95.66036,Collider_Roger_Body,0.6343525
95.67159,Collider_Roger_Body,0.627111
95.68241,Collider_Roger_Body,0.6105412
95.69371,Collider_Roger_Body,0.6025745
95.70464,Collider_Roger_Body,0.5786238
95.71574,Collider_Roger_Body,0.5316643
95.72676,Collider_Roger_Body,0.467465
95.738,Collider_Roger_Body,0.404547
95.74899,Collider_Roger_Body,0.3626143
95.76018,Collider_Roger_Body,0.3243212
95.77122,Collider_Roger_Body,0.306747
95.78265,Collider_Roger_Body,0.3026389
95.7934,Collider_Roger_Body,0.3040011
95.80454,Collider_Roger_Body,0.3303475
95.81587,Collider_Roger_Body,0.3659455
95.82695,Collider_Roger_Body,0.4320169
95.83778,Collider_Roger_Body,0.4788467
95.84889,Collider_Roger_Body,0.5362956
95.86011,Collider_Roger_Body,0.5724137
95.87121,Collider_Roger_Body,0.6075339
95.88238,Collider_Roger_Body,0.6399425
95.89333,Collider_Roger_Body,0.657556
95.90443,Collider_Roger_Body,0.6622738
95.91557,Nullreference,0.6613004
95.92672,Nullreference,0.6731229
95.93781,Nullreference,0.681868
95.94881,Nullreference,0.6996697
95.96004,Nullreference,0.7379864
95.97105,Nullreference,0.7886261
95.98212,Nullreference,0.8658953
95.99326,Nullreference,0.9358997
96.00437,Nullreference,1.024627
96.01572,Nullreference,1.105391
96.02649,Nullreference,1.174496
96.03762,Nullreference,1.251775
96.04876,Nullreference,1.326852
96.06013,Nullreference,1.380177
96.07108,Nullreference,1.425409
96.08206,Nullreference,1.457972
96.0932,Nullreference,1.483431
96.10432,Nullreference,1.528689
96.11539,Nullreference,1.597871
96.12657,Nullreference,1.716899
96.13768,Nullreference,1.8572
96.14865,Nullreference,2.018717
96.15998,Nullreference,2.189462
96.17088,Nullreference,2.379942
96.18195,Nullreference,2.523277
96.19316,Nullreference,2.666854
96.20425,Nullreference,2.808436
96.21536,Nullreference,2.910214
96.22646,Nullreference,3.022796
96.23758,Nullreference,3.106071
96.24884,Nullreference,3.191854
96.26016,Nullreference,3.257422
96.27082,Nullreference,3.315847
96.28195,Nullreference,3.364156
96.2933,Nullreference,3.395093
96.30426,Nullreference,3.413847
96.3153,Nullreference,3.411177
96.32655,Nullreference,3.366389
96.33753,Nullreference,3.277443
96.34886,Nullreference,3.172284
96.3603,Nullreference,3.020257
96.37145,Nullreference,2.873079
96.38224,Nullreference,2.676762
96.3935,Nullreference,2.488242
96.40448,Nullreference,2.293289
96.41554,Nullreference,2.128469
96.42699,Nullreference,1.976755
96.43787,Nullreference,1.795628
96.44903,Nullreference,1.643905
96.46025,Nullreference,1.465241
96.47115,Nullreference,1.299379
96.48242,Nullreference,1.159063
96.49339,Nullreference,0.9929121
96.50453,Nullreference,0.8340079
96.5156,Nullreference,0.6755555
96.52705,Nullreference,0.5366281
96.53805,Nullreference,0.4304119
96.54902,Nullreference,0.3580075
96.56015,Nullreference,0.3344086
96.57127,Nullreference,0.3414977
96.58224,Nullreference,0.3649201
96.5934,Nullreference,0.3929682
96.60446,Nullreference,0.4164369
96.61552,Nullreference,0.4208924
96.62669,Nullreference,0.417803
96.63784,Nullreference,0.4193542
96.64893,Nullreference,0.4275223
96.66003,Nullreference,0.4575382
96.67113,Nullreference,0.4915829
96.68225,Nullreference,0.5400689
96.69353,Nullreference,0.5890098
96.70454,Nullreference,0.6541868
96.71575,Nullreference,0.718225
96.72678,Nullreference,0.7901996
96.7379,Nullreference,0.8438386
96.74895,Nullreference,0.9115041
96.76003,Nullreference,0.9694365
96.77143,Nullreference,1.021717
96.78216,Nullreference,1.084699
96.79343,Nullreference,1.131651
96.8045,Nullreference,1.194865
96.8158,Nullreference,1.245845
96.82661,Nullreference,1.316757
96.83775,Nullreference,1.376963
96.84908,Nullreference,1.435403
96.86021,Nullreference,1.494409
96.87115,Nullreference,1.52989
96.8826,Nullreference,1.571196
96.89347,Nullreference,1.584107
96.90538,Nullreference,1.58683
96.9157,Nullreference,1.568248
96.92688,Nullreference,1.540608
96.93805,Nullreference,1.497358
96.94907,Nullreference,1.464699
96.96021,Nullreference,1.415171
96.97133,Nullreference,1.359801
96.98264,Nullreference,1.306839
96.99364,Nullreference,1.251652
97.00478,Nullreference,1.193944
97.01587,Nullreference,1.121486
97.02701,Nullreference,1.051305
97.03866,Nullreference,0.9760123
97.04938,Nullreference,0.9209678
97.0604,Nullreference,0.8681126
97.07133,Nullreference,0.812606
97.08257,Nullreference,0.7666382
97.09363,Nullreference,0.7424174
97.10473,Nullreference,0.7179767
97.11583,Nullreference,0.6998357
97.1272,Nullreference,0.686163
97.13827,Nullreference,0.6799622
97.14919,Nullreference,0.6680098
97.16024,Nullreference,0.6613139
97.17162,Nullreference,0.64239
97.18259,Nullreference,0.6122613
97.1936,Nullreference,0.5803226
97.20474,Nullreference,0.5242569
97.21612,Nullreference,0.4299389
97.22695,Nullreference,0.3273828
97.2382,Nullreference,0.2092677
97.25007,Nullreference,0.2469672
97.26028,Nullreference,0.4288888
97.27138,Nullreference,0.6315965
97.28202,Nullreference,0.8709098
97.29329,Nullreference,1.061115
97.30423,Nullreference,1.266274
97.31532,Nullreference,1.472936
97.32658,Nullreference,1.676655
97.33743,Nullreference,1.863804
97.34861,Nullreference,2.07618
97.3596,Nullreference,2.250606
97.37078,Nullreference,2.476858
97.38181,Nullreference,2.709548
97.39314,Nullreference,2.882174
97.40415,Nullreference,3.097694
97.41527,Nullreference,3.300512
97.42639,Nullreference,3.459807
97.43748,Nullreference,3.64881
97.44841,Nullreference,3.785583
97.45947,Nullreference,3.930189
97.47044,Nullreference,4.043458
97.48159,Nullreference,4.124098
97.49264,Nullreference,4.180352
97.50371,Nullreference,4.187883
97.51472,Nullreference,4.188107
97.52591,Nullreference,4.186151
97.53699,Nullreference,4.176911
97.54831,Nullreference,4.128655
97.55927,Nullreference,4.038302
97.57044,Nullreference,3.885515
97.58196,Nullreference,3.738735
97.59269,Nullreference,3.566
97.60383,Nullreference,3.403598
97.61506,Nullreference,3.253879
97.62611,Nullreference,3.051706
97.63722,Nullreference,2.833828
97.64838,Nullreference,2.634298
97.65971,Nullreference,2.38672
97.67065,Nullreference,2.1762
97.68173,Nullreference,1.932848
97.69284,Nullreference,1.757213
97.70396,Nullreference,1.552067
97.71529,Nullreference,1.346529
97.72626,Nullreference,1.176485
97.73764,Nullreference,0.9841315
97.74847,Nullreference,0.821246
97.75961,Nullreference,0.6468291
97.77068,Nullreference,0.5241718
97.782,Nullreference,0.417264
97.79296,Nullreference,0.3521099
97.80416,Nullreference,0.2778624
97.81527,Nullreference,0.2436366
97.82632,Nullreference,0.2020324
97.83737,Nullreference,0.1792914
97.8485,Nullreference,0.158104
97.85965,Nullreference,0.1417019
97.87071,Nullreference,0.1238232
97.88187,Nullreference,0.1154491
97.89342,Nullreference,0.1123752
97.90407,Nullreference,0.1211848
97.91515,Nullreference,0.1298155
97.92626,Nullreference,0.1395012
97.93744,Nullreference,0.1483008
97.94852,Nullreference,0.1550232
97.95963,Nullreference,0.1462905
97.9716,Nullreference,0.1399858
97.98183,Nullreference,0.1264985
97.99285,Nullreference,0.1226724
98.00397,Nullreference,0.1170001
98.01509,Nullreference,0.1071552
98.02621,Nullreference,0.1015748
98.03724,Nullreference,0.09947763
98.04852,Nullreference,0.08872573
98.05966,Nullreference,0.08407967
98.07076,Nullreference,0.07881702
98.08169,Nullreference,0.07438244
98.09289,Nullreference,0.06425939
98.10396,Nullreference,0.05607856
98.11509,Nullreference,0.05199214
98.12611,Nullreference,0.04870292
98.13745,Nullreference,0.0543847
98.14839,Nullreference,0.05706421
98.15948,Nullreference,0.05791792
98.17065,Nullreference,0.05717203
98.18169,Nullreference,0.06491858
98.19283,Nullreference,0.06131663
98.20398,Nullreference,0.06290241
98.21518,Nullreference,0.06206825
98.22629,Nullreference,0.06346312
98.23735,Nullreference,0.05935011
98.24844,Nullreference,0.05606154
98.2596,Nullreference,0.05650123
98.27054,Nullreference,0.05089405
98.28169,Nullreference,0.05771741
98.29274,Nullreference,0.05918778
98.30389,Nullreference,0.06751255
98.31503,Nullreference,0.07332679
98.32611,Nullreference,0.07818919
98.33715,Nullreference,0.08629962
98.34825,Nullreference,0.09255049
98.35945,Nullreference,0.1041192
98.37052,Nullreference,0.1193825
98.38163,Nullreference,0.1238252
98.39262,Nullreference,0.1376169
98.4038,Nullreference,0.1468347
98.41492,Nullreference,0.153434
98.42622,Nullreference,0.1640581
98.43716,Nullreference,0.171319
98.44823,Nullreference,0.1711761
98.45962,Nullreference,0.1786817
98.47043,Nullreference,0.1827772
98.48154,Nullreference,0.18487
98.49275,Nullreference,0.1886782
98.50449,Nullreference,0.1944527
98.51485,Nullreference,0.1995103
98.52606,Nullreference,0.209724
98.53714,Nullreference,0.2140538
98.54844,Nullreference,0.2228824
98.55933,Nullreference,0.2303627
98.57066,Nullreference,0.2394092
98.58153,Nullreference,0.2456184
98.59258,Nullreference,0.2593505
98.6038,Nullreference,0.2716727
98.61479,Nullreference,0.2818697
98.62585,Nullreference,0.2924177
98.63689,Nullreference,0.3046839
98.64817,Nullreference,0.3180818
98.65913,Nullreference,0.3339417
98.67024,Nullreference,0.3427232
98.68145,Nullreference,0.3548286
98.69254,Nullreference,0.3656891
98.70364,Nullreference,0.3691667
98.71462,Nullreference,0.3793029
98.72578,Nullreference,0.3869311
98.737,Nullreference,0.3950776
98.74804,Nullreference,0.4096721
98.7591,Nullreference,0.4231278
98.77016,Nullreference,0.4290049
98.78118,Nullreference,0.4348511
98.79232,Nullreference,0.4432183
98.80347,Nullreference,0.4509951
98.81456,Nullreference,0.4529772
98.82578,Nullreference,0.4550011
98.83686,Nullreference,0.467374
98.84792,Nullreference,0.4742008
98.85911,Nullreference,0.4921977
98.87009,Nullreference,0.5001722
98.88154,Nullreference,0.5197863
98.89221,Nullreference,0.5467609
98.90326,Nullreference,0.5704917
98.91428,Nullreference,0.5988585
98.92612,Nullreference,0.6272323
98.93643,Nullreference,0.6580677
98.94755,Nullreference,0.6891871
98.95874,Nullreference,0.7139245
98.96973,Nullreference,0.7436389
98.98095,Nullreference,0.7710562
98.99196,Nullreference,0.7956378
99.00312,Nullreference,0.8185788
99.01423,Nullreference,0.8308279
99.02528,Nullreference,0.8443743
99.03637,Nullreference,0.8539252
99.0474,Nullreference,0.8564838
99.05859,Nullreference,0.8594126
99.06973,Nullreference,0.8511945
99.08074,Nullreference,0.8356504
99.09181,Nullreference,0.8183412
99.10307,Nullreference,0.7990753
99.11421,Nullreference,0.7751814
99.12518,Nullreference,0.7352265
99.13642,Nullreference,0.6995181
99.14748,Nullreference,0.6493715
99.15849,Nullreference,0.6078824
99.16964,Nullreference,0.5577811
99.1808,Nullreference,0.5059408
99.19222,Nullreference,0.4518374
99.20288,Nullreference,0.3883784
99.214,Nullreference,0.3409719
99.22511,Nullreference,0.2869565
99.23622,Nullreference,0.2446042
99.24731,Nullreference,0.1971234
99.25848,Nullreference,0.1548775
99.26965,Nullreference,0.1098861
99.28065,Nullreference,0.07961388
99.29176,Nullreference,0.07328343
99.30291,Nullreference,0.08920558
99.3141,Nullreference,0.1128713
99.32505,Nullreference,0.1459086
99.33614,Nullreference,0.1778122
99.34731,Nullreference,0.2108357
99.35838,Nullreference,0.2344915
99.36961,Nullreference,0.2452446
99.3807,Nullreference,0.247636
99.39175,Nullreference,0.2400998
99.40279,Nullreference,0.2227385
99.41482,Nullreference,0.2036501
99.42513,Nullreference,0.1879517
99.43616,Nullreference,0.1700772
99.44724,Nullreference,0.1597228
99.45837,Nullreference,0.1535988
99.46956,Nullreference,0.1501453
99.48057,Nullreference,0.1577129
99.4917,Nullreference,0.1674638
99.50291,Nullreference,0.1708966
99.514,Nullreference,0.1643043
99.52496,Nullreference,0.1492697
99.53608,Nullreference,0.1223135
99.54718,Nullreference,0.0926218
99.5583,Nullreference,0.06138296
99.56945,Nullreference,0.0393895
99.58058,Nullreference,0.03496144
99.59168,Nullreference,0.04609827
99.60268,Nullreference,0.05562757
99.61395,Nullreference,0.07765938
99.62492,Nullreference,0.09450672
99.63601,Nullreference,0.1091469
99.64738,Nullreference,0.1240898
99.65834,Nullreference,0.1395607
99.66951,Nullreference,0.1585192
99.68052,Nullreference,0.1729703
99.69154,Nullreference,0.1871583
99.70276,Nullreference,0.2176148
99.71377,Nullreference,0.2541806
99.72493,Nullreference,0.309581
99.736,Nullreference,0.3669435
99.7471,Nullreference,0.4443122
99.75821,Nullreference,0.5211864
99.76935,Nullreference,0.58537
99.78085,Nullreference,0.6686088
99.79165,Nullreference,0.7409892
99.80267,Nullreference,0.8385594
99.81381,Nullreference,0.9187136
99.82484,Nullreference,1.013863
99.836,Nullreference,1.109138
99.84707,Nullreference,1.195945
99.85822,Nullreference,1.29992
99.86937,Nullreference,1.392495
99.88037,Nullreference,1.484694
99.89146,Nullreference,1.558466
99.90253,Nullreference,1.634373
99.91369,Nullreference,1.695147
99.92479,Nullreference,1.744942
99.93589,Nullreference,1.793649
99.94727,Nullreference,1.838058
99.95817,Nullreference,1.867687
99.96996,Nullreference,1.889159
99.98031,Nullreference,1.906496
99.9915,Nullreference,1.919582
100.0025,Nullreference,1.927765
100.0137,Nullreference,1.925987
100.0247,Nullreference,1.922035
100.0358,Nullreference,1.908035
100.0469,Nullreference,1.89161
100.0582,Nullreference,1.863493
100.0693,Nullreference,1.833804
100.0803,Nullreference,1.799475
100.0914,Nullreference,1.757248
100.1025,Nullreference,1.725681
100.1137,Nullreference,1.682605
100.1249,Nullreference,1.6413
100.1358,Nullreference,1.589139
100.147,Nullreference,1.530325
100.1581,Nullreference,1.481891
100.1691,Nullreference,1.421802
100.1803,Nullreference,1.374136
100.1914,Nullreference,1.317331
100.2024,Nullreference,1.274544
100.2137,Nullreference,1.231094
100.2247,Nullreference,1.196267
100.2358,Nullreference,1.171408
100.2469,Nullreference,1.142356
100.258,Nullreference,1.125417
100.2693,Nullreference,1.113626
100.2803,Nullreference,1.108161
100.2914,Nullreference,1.108985
100.3025,Nullreference,1.115685
100.3137,Nullreference,1.128823
100.3248,Nullreference,1.148937
100.3358,Nullreference,1.186282
100.347,Nullreference,1.232092
100.3582,Nullreference,1.277219
100.3694,Nullreference,1.348227
100.3806,Nullreference,1.410517
100.3916,Nullreference,1.473049
100.403,Nullreference,1.521446
100.4138,Nullreference,1.569525
100.425,Nullreference,1.603873
100.4363,Nullreference,1.638754
100.4476,Nullreference,1.663138
100.4585,Nullreference,1.67772
100.4695,Nullreference,1.684366
100.4807,Nullreference,1.687547
100.4917,Nullreference,1.6887
100.5029,Nullreference,1.689168
100.5142,Nullreference,1.683758
100.5252,Nullreference,1.67383
100.5363,Nullreference,1.664266
100.5474,Nullreference,1.640776
100.5585,Nullreference,1.612863
100.5695,Nullreference,1.591386
100.5809,Nullreference,1.571143
100.5927,Nullreference,1.557242
100.6029,Nullreference,1.54429
100.614,Nullreference,1.532822
100.6253,Nullreference,1.52023
100.6363,Nullreference,1.506521
100.6475,Nullreference,1.483443
100.6587,Nullreference,1.464119
100.6696,Nullreference,1.445514
100.6809,Nullreference,1.424838
100.692,Nullreference,1.402449
100.7031,Nullreference,1.382078
100.7144,Nullreference,1.369825
100.7254,Nullreference,1.355418
100.7365,Nullreference,1.351731
100.7479,Nullreference,1.32948
100.7588,Nullreference,1.319914
100.7705,Nullreference,1.30506
100.7809,Nullreference,1.28365
100.7922,Nullreference,1.260027
100.8032,Nullreference,1.233034
100.8151,Nullreference,1.183319
100.8281,Nullreference,1.144048
100.8388,Nullreference,1.103092
100.8481,Nullreference,1.063031
100.8588,Nullreference,1.019977
100.8685,Nullreference,0.9593644
100.8795,Nullreference,0.9044502
100.8908,Nullreference,0.8525131
100.9021,Nullreference,0.7977356
100.913,Nullreference,0.7414435
100.924,Nullreference,0.6829079
100.935,Nullreference,0.6338278
100.9463,Nullreference,0.5801885
100.9574,Nullreference,0.5393636
100.9683,Nullreference,0.5024895
100.9795,Nullreference,0.4563815
100.9907,Nullreference,0.4206991
101.0018,Nullreference,0.3836045
101.0128,Nullreference,0.342403
101.0245,Nullreference,0.3090371
101.0352,Nullreference,0.2737393
101.0463,Nullreference,0.2466885
101.0574,Nullreference,0.2193441
101.0686,Nullreference,0.197295
101.0794,Nullreference,0.1790003
101.0905,Nullreference,0.1629327
101.1016,Nullreference,0.1537717
101.1133,Nullreference,0.1149906
101.124,Nullreference,0.07858586
101.1351,Nullreference,0.09816691
101.1464,Nullreference,0.1410756
101.1574,Nullreference,0.165034
101.1683,Nullreference,0.1996574
101.1794,Nullreference,0.2328251
101.1908,Nullreference,0.2676314
101.2018,Nullreference,0.2959572
101.2134,Nullreference,0.3153448
101.2243,Nullreference,0.3398726
101.2366,Nullreference,0.3530812
101.2468,Nullreference,0.3619564
101.2579,Nullreference,0.3623039
101.2692,Nullreference,0.3540157
101.2807,Nullreference,0.3432255
101.292,Nullreference,0.3189286
101.3029,Nullreference,0.2925695
101.3144,Nullreference,0.2600347
101.3257,Nullreference,0.2187647
101.3366,Nullreference,0.1869053
101.3477,Nullreference,0.1514932
101.3589,Nullreference,0.1148483
101.3708,Nullreference,0.09159275
101.3811,Nullreference,0.06611522
101.3923,Nullreference,0.05679044
101.4033,Nullreference,0.06987732
101.4144,Nullreference,0.08362801
101.4255,Nullreference,0.09461998
101.4367,Nullreference,0.09234048
101.4482,Nullreference,0.07482666
101.4588,Nullreference,0.06322999
101.4701,Nullreference,0.04726188
101.4811,Nullreference,0.05320319
101.4922,Nullreference,0.06193651
101.5033,Nullreference,0.0845944
101.5144,Nullreference,0.1012749
101.5255,Nullreference,0.1241725
101.5367,Nullreference,0.1368131
101.5478,Nullreference,0.1513023
101.5588,Nullreference,0.1666544
101.5698,Nullreference,0.1782498
101.5813,Nullreference,0.18566
101.5926,Nullreference,0.1933222
101.6033,Nullreference,0.1997073
101.6143,Nullreference,0.2069167
101.6255,Nullreference,0.2139026
101.6365,Nullreference,0.2193404
101.6478,Nullreference,0.2176175
101.6588,Nullreference,0.2130785
101.6698,Nullreference,0.2105871
101.681,Nullreference,0.2016135
101.6919,Nullreference,0.1974737
101.7031,Nullreference,0.1932041
101.7142,Nullreference,0.1809353
101.7253,Nullreference,0.1698089
101.7365,Nullreference,0.1552713
101.7475,Nullreference,0.1384739
101.7587,Nullreference,0.1260564
101.7699,Nullreference,0.1079802
101.7811,Nullreference,0.09619673
101.7919,Nullreference,0.08256575
101.8031,Nullreference,0.07583362
101.8143,Nullreference,0.06383535
101.8253,Nullreference,0.06020188
101.8363,Nullreference,0.05123798
101.8476,Nullreference,0.05623132
101.8585,Nullreference,0.05774152
101.8698,Nullreference,0.05748698
101.8807,Nullreference,0.05623981
101.8919,Nullreference,0.05718353
101.9031,Nullreference,0.06208042
101.915,Nullreference,0.07766746
101.9261,Nullreference,0.09586475
101.9364,Nullreference,0.1116489
101.9483,Nullreference,0.123914
101.9586,Nullreference,0.1408884
101.9697,Nullreference,0.1528506
101.9809,Nullreference,0.1653312
101.9919,Nullreference,0.1731597
102.003,Nullreference,0.1845572
102.0149,Nullreference,0.1869693
102.0253,Nullreference,0.1911207
102.0363,Nullreference,0.197438
102.0477,Nullreference,0.1972848
102.0586,Nullreference,0.2157589
102.0696,Nullreference,0.2670258
102.0809,Nullreference,0.3384272
102.0917,Nullreference,0.3789693
102.1032,Nullreference,0.4214494
102.1142,Nullreference,0.4375387
102.1252,Nullreference,0.4430862
102.1362,Nullreference,0.4368792
102.1475,Nullreference,0.4051477
102.1585,Nullreference,0.3775744
102.1697,Nullreference,0.3481489
102.181,Nullreference,0.3273899
102.1924,Nullreference,0.3294814
102.2028,Nullreference,0.3348567
102.2141,Nullreference,0.3424555
102.2252,Nullreference,0.3680773
102.2361,Nullreference,0.4104881
102.2482,Nullreference,0.4631456
102.2584,Nullreference,0.511378
102.2694,Nullreference,0.5691817
102.2806,Nullreference,0.6078385
102.2916,Nullreference,0.6300018
102.3028,Nullreference,0.6351196
102.3139,Nullreference,0.6340384
102.3255,Nullreference,0.6239322
102.3361,Nullreference,0.6053477
102.3471,Nullreference,0.5851901
102.3583,Nullreference,0.572837
102.3693,Nullreference,0.5610459
102.3806,Nullreference,0.5547245
102.3915,Nullreference,0.548359
102.4027,Nullreference,0.5491595
102.4138,Nullreference,0.5505571
102.4249,Nullreference,0.5579945
102.4359,Nullreference,0.5561816
102.4471,Nullreference,0.5579044
102.4582,Nullreference,0.5530919
102.4694,Nullreference,0.546078
102.4804,Nullreference,0.5310507
102.4918,Nullreference,0.5137311
102.5027,Nullreference,0.501942
102.5138,Nullreference,0.4866476
102.5249,Nullreference,0.4796026
102.536,Nullreference,0.4604724
102.5477,Nullreference,0.4471817
102.5584,Nullreference,0.4259075
102.5693,Nullreference,0.4039424
102.581,Nullreference,0.3759452
102.5918,Nullreference,0.3454126
102.6027,Nullreference,0.3033649
102.6139,Nullreference,0.2686659
102.6247,Nullreference,0.2400609
102.6361,Nullreference,0.2154296
102.647,Nullreference,0.1821285
102.6582,Nullreference,0.1676216
102.6692,Nullreference,0.1535779
102.6803,Nullreference,0.150369
102.692,Nullreference,0.1405226
102.7033,Nullreference,0.134387
102.7137,Nullreference,0.1232989
102.7248,Nullreference,0.107118
102.7358,Nullreference,0.07796014
102.747,Nullreference,0.06179198
102.7581,Nullreference,0.05588802
102.7692,Nullreference,0.06568512
102.7802,Nullreference,0.08266047
102.7915,Nullreference,0.08841633
102.8024,Nullreference,0.08310179
102.8136,Nullreference,0.06884589
102.8249,Nullreference,0.07287798
102.8358,Nullreference,0.09436882
102.8469,Nullreference,0.1335976
102.8579,Nullreference,0.1502598
102.8691,Nullreference,0.1696333
102.8803,Nullreference,0.1812582
102.8913,Nullreference,0.1879857
102.9025,Nullreference,0.1932091
102.9136,Nullreference,0.1941845
102.9254,Nullreference,0.2108578
102.9357,Nullreference,0.2333155
102.9468,Nullreference,0.2646326
102.9583,Nullreference,0.2854802
102.9691,Nullreference,0.2966547
102.9801,Nullreference,0.2995282
102.9913,Nullreference,0.2885303
103.0023,Nullreference,0.2944532
103.0136,Nullreference,0.3125683
103.0245,Nullreference,0.3391874
103.0357,Nullreference,0.3552806
103.0467,Nullreference,0.3760744
103.0578,Nullreference,0.39622
103.0692,Nullreference,0.4123429
103.0803,Nullreference,0.4431731
103.0912,Nullreference,0.475674
103.1022,Nullreference,0.4956831
103.1136,Nullreference,0.5064153
103.1245,Nullreference,0.5292493
103.1362,Nullreference,0.5572152
103.1467,Nullreference,0.5942276
103.1577,Nullreference,0.6221192
103.1689,Nullreference,0.6514828
103.18,Nullreference,0.6715249
103.191,Nullreference,0.7038729
103.2022,Nullreference,0.7294387
103.2134,Nullreference,0.7426069
103.2244,Nullreference,0.7510437
103.2356,Nullreference,0.7468413
103.2466,Nullreference,0.7364296
103.2577,Nullreference,0.7183269
103.2687,Nullreference,0.6914299
103.28,Nullreference,0.6647166
103.291,Nullreference,0.6306041
103.3023,Nullreference,0.5948529
103.3132,Nullreference,0.5614222
103.3243,Nullreference,0.5339269
103.3353,Nullreference,0.5041468
103.3464,Nullreference,0.4676774
103.3576,Nullreference,0.4359308
103.3686,Nullreference,0.3949523
103.3799,Nullreference,0.350879
103.3909,Nullreference,0.3217684
103.4019,Nullreference,0.2862785
103.4131,Nullreference,0.2698779
103.4242,Nullreference,0.2568171
103.4352,Nullreference,0.2489694
103.4463,Nullreference,0.2429181
103.4575,Nullreference,0.2414302
103.4687,Nullreference,0.2370179
103.48,Nullreference,0.2272017
103.4908,Nullreference,0.2195753
103.5018,Nullreference,0.2147059
103.5132,Nullreference,0.2112132
103.5241,Nullreference,0.2020651
103.5352,Nullreference,0.2075792
103.5464,Nullreference,0.2149607
103.5575,Nullreference,0.2211136
103.5684,Nullreference,0.2290002
103.5799,Nullreference,0.2391178
103.5912,Nullreference,0.2540278
103.6019,Nullreference,0.2691656
103.6129,Nullreference,0.2920737
103.624,Nullreference,0.3054018
103.6353,Nullreference,0.3369482
103.6462,Nullreference,0.3663129
103.6573,Nullreference,0.3959842
103.6684,Nullreference,0.4347101
103.6796,Nullreference,0.4672368
103.6906,Nullreference,0.4972862
103.7018,Nullreference,0.524478
103.713,Nullreference,0.5468972
103.7242,Nullreference,0.5689054
103.7351,Nullreference,0.5878628
103.746,Nullreference,0.6105514
103.7574,Nullreference,0.6270598
103.7683,Nullreference,0.6367687
103.7793,Nullreference,0.650611
103.7904,Nullreference,0.6528717
103.8015,Nullreference,0.6570007
103.8126,Nullreference,0.6557549
103.8236,Nullreference,0.6753793
103.8351,Nullreference,0.6890929
103.8462,Nullreference,0.7217624
103.857,Nullreference,0.748301
103.8684,Nullreference,0.7841185
103.8792,Nullreference,0.8095962
103.8903,Nullreference,0.8423636
103.9013,Nullreference,0.8779393
103.9127,Nullreference,0.9169904
103.9235,Nullreference,0.9469371
103.9346,Nullreference,0.9929846
103.9458,Nullreference,1.039231
103.9569,Nullreference,1.102885
103.9679,Nullreference,1.159636
103.979,Nullreference,1.239423
103.9901,Nullreference,1.322177
104.0012,Nullreference,1.396876
104.0123,Nullreference,1.485021
104.0234,Nullreference,1.566587
104.0347,Nullreference,1.647831
104.0456,Nullreference,1.714279
104.0567,Nullreference,1.776336
104.0678,Nullreference,1.834946
104.079,Nullreference,1.874188
104.0901,Nullreference,1.922934
104.101,Nullreference,1.95834
104.1121,Nullreference,1.998608
104.1232,Nullreference,2.03876
104.1342,Nullreference,2.062773
104.1452,Nullreference,2.090964
104.1564,Nullreference,2.113307
104.1673,Nullreference,2.129241
104.1784,Nullreference,2.14816
104.1896,Nullreference,2.171913
104.2005,Nullreference,2.191843
104.2118,Nullreference,2.205328
104.2227,Nullreference,2.216769
104.234,Nullreference,2.240595
104.2449,Nullreference,2.260263
104.2561,Nullreference,2.272979
104.2672,Nullreference,2.291759
104.2782,Nullreference,2.31297
104.2896,Nullreference,2.341564
104.3005,Nullreference,2.356735
104.3116,Nullreference,2.381402
104.3227,Nullreference,2.415165
104.3338,Nullreference,2.455084
104.3448,Nullreference,2.477108
104.3561,Nullreference,2.507398
104.3672,Nullreference,2.534784
104.3781,Nullreference,2.564765
104.3893,Nullreference,2.586903
104.4003,Nullreference,2.620433
104.4114,Nullreference,2.650065
104.4227,Nullreference,2.679543
104.4338,Nullreference,2.709889
104.4448,Nullreference,2.775366
104.456,Nullreference,2.867489
104.4672,Nullreference,2.950017
104.4782,Nullreference,3.029922
104.4893,Nullreference,3.0693
104.5004,Nullreference,3.081139
104.5114,Nullreference,3.063386
104.5226,Nullreference,3.015708
104.5337,Nullreference,2.967437
104.5449,Nullreference,2.912304
104.5561,Nullreference,2.868482
104.567,Nullreference,2.835493
104.5781,Nullreference,2.800448
104.5895,Nullreference,2.777298
104.6004,Nullreference,2.746324
104.6117,Nullreference,2.725258
104.623,Nullreference,2.713261
104.6345,Nullreference,2.706882
104.6452,Nullreference,2.715926
104.6563,Nullreference,2.753488
104.6674,Nullreference,2.785891
104.6783,Nullreference,2.827146
104.6895,Nullreference,2.859295
104.7007,Nullreference,2.858122
104.7119,Nullreference,2.799797
104.7231,Nullreference,2.699579
104.734,Nullreference,2.559993
104.7452,Nullreference,2.443991
104.7571,Nullreference,2.312572
104.7672,Nullreference,2.227702
104.7783,Nullreference,2.152575
104.7895,Nullreference,2.071792
104.8005,Nullreference,1.995595
104.8116,Nullreference,1.851072
104.8227,Nullreference,1.67493
104.834,Nullreference,1.409194
104.8451,Nullreference,1.140139
104.8562,Nullreference,0.9484845
104.8671,Nullreference,0.7753409
104.8783,Nullreference,0.6798163
104.8894,Nullreference,0.6019289
104.9007,Nullreference,0.5450026
104.9118,Nullreference,0.5107432
104.9227,Nullreference,0.4917648
104.9338,Nullreference,0.5127541
104.9449,Nullreference,0.5517226
104.9561,Nullreference,0.620666
104.9671,Nullreference,0.6903714
104.9784,Nullreference,0.7933167
104.9893,Nullreference,0.8686906
105.0004,Nullreference,0.9309746
105.0114,Nullreference,0.9566216
105.0226,Nullreference,0.9541203
105.0337,Nullreference,0.9379715
105.0448,Nullreference,0.9161177
105.0559,Nullreference,0.8904704
105.067,Nullreference,0.8694163
105.0781,Nullreference,0.8521594
105.0893,Nullreference,0.850756
105.1004,Nullreference,0.8500097
105.1114,Nullreference,0.8568555
105.1226,Nullreference,0.8717948
105.1337,Nullreference,0.8816046
105.1448,Nullreference,0.8918266
105.1559,Nullreference,0.8852221
105.167,Nullreference,0.8561407
105.1781,Nullreference,0.8116514
105.1892,Nullreference,0.78168
105.2003,Nullreference,0.7589047
105.2117,Nullreference,0.7575679
105.2225,Nullreference,0.7821149
105.2336,Nullreference,0.8162071
105.2447,Nullreference,0.8705486
105.2559,Nullreference,0.9109267
105.267,Nullreference,0.9560732
105.278,Nullreference,0.9804804
105.2892,Nullreference,0.9885482
105.3001,Nullreference,0.9639109
105.3113,Nullreference,0.937883
105.3222,Nullreference,0.8838056
105.3333,Nullreference,0.8219101
105.3443,Nullreference,0.7455317
105.3558,Nullreference,0.6839086
105.3666,Nullreference,0.6429127
105.3777,Nullreference,0.6287809
105.3889,Nullreference,0.622009
105.3998,Nullreference,0.633615
105.411,Nullreference,0.6533362
105.4222,Nullreference,0.6649616
105.4332,Nullreference,0.6712902
105.4442,Nullreference,0.6628271
105.4554,Nullreference,0.6449039
105.4665,Nullreference,0.6307878
105.4777,Nullreference,0.6148708
105.4888,Nullreference,0.6004887
105.4998,Nullreference,0.5627393
105.5109,Nullreference,0.522906
105.522,Nullreference,0.493942
105.5331,Nullreference,0.4529169
105.5442,Nullreference,0.4193646
105.5553,Nullreference,0.3751163
105.5665,Nullreference,0.3265886
105.5775,Nullreference,0.2704337
105.5887,Nullreference,0.2289644
105.5997,Nullreference,0.1911892
105.6109,Nullreference,0.1655825
105.6223,Nullreference,0.1302258
105.6332,Nullreference,0.1214365
105.6443,Nullreference,0.1350361
105.6553,Nullreference,0.1635042
105.6664,Nullreference,0.20242
105.6775,Nullreference,0.2386132
105.6886,Nullreference,0.2954066
105.6997,Nullreference,0.3646183
105.7109,Nullreference,0.4488938
105.7219,Nullreference,0.5099612
105.7331,Nullreference,0.5475045
105.744,Nullreference,0.5649365
105.7552,Nullreference,0.5881328
105.7663,Nullreference,0.6442819
105.7774,Nullreference,0.7070631
105.7887,Nullreference,0.7847247
105.7999,Nullreference,0.8539069
105.8109,Nullreference,0.9389052
105.8219,Nullreference,1.002958
105.833,Nullreference,1.050833
105.8441,Nullreference,1.069492
105.8553,Nullreference,1.056541
105.8663,Nullreference,1.005575
105.8775,Nullreference,0.940057
105.8887,Nullreference,0.8374145
105.8996,Nullreference,0.726015
105.9107,Nullreference,0.6425443
105.9221,Nullreference,0.5677363
105.9329,Nullreference,0.5134988
105.9441,Nullreference,0.4865644
105.9553,Nullreference,0.4809223
105.9663,Nullreference,0.4765716
105.9775,Nullreference,0.4718221
105.9886,Nullreference,0.4817477
105.9997,Nullreference,0.4756715
106.0107,Nullreference,0.4662809
106.0219,Nullreference,0.439115
106.033,Nullreference,0.4294133
106.0441,Nullreference,0.4311122
106.0553,Nullreference,0.4348642
106.0663,Nullreference,0.4271746
106.0775,Nullreference,0.4222977
106.0886,Nullreference,0.4214129
106.0996,Nullreference,0.4335232
106.1108,Nullreference,0.4525789
106.122,Nullreference,0.4663996
106.1331,Nullreference,0.4553102
106.1445,Nullreference,0.4260433
106.1554,Nullreference,0.4029309
106.1664,Nullreference,0.4130352
106.1776,Nullreference,0.4454118
106.1888,Nullreference,0.4845839
106.1999,Nullreference,0.5158475
106.2109,Nullreference,0.5247632
106.222,Nullreference,0.5447254
106.2331,Nullreference,0.5600448
106.2441,Nullreference,0.5695431
106.2555,Nullreference,0.5646795
106.2664,Nullreference,0.5494662
106.2776,Nullreference,0.5474622
106.2887,Nullreference,0.5580609
106.2998,Nullreference,0.5758662
106.3109,Nullreference,0.595246
106.3222,Nullreference,0.6200637
106.3332,Nullreference,0.6427179
106.3442,Nullreference,0.6861865
106.3553,Nullreference,0.7275622
106.3664,Nullreference,0.7618115
106.3775,Nullreference,0.81409
106.3888,Nullreference,0.8674125
106.3997,Nullreference,0.9076594
106.411,Nullreference,0.939519
106.4221,Nullreference,0.9518692
106.4331,Nullreference,0.9505592
106.4442,Nullreference,0.9401959
106.4552,Nullreference,0.9151421
106.4663,Nullreference,0.8811993
106.4774,Nullreference,0.8316026
106.4887,Nullreference,0.794041
106.4997,Nullreference,0.7539178
106.5108,Nullreference,0.7375685
106.5219,Nullreference,0.7294502
106.533,Nullreference,0.7218134
106.5441,Nullreference,0.7085944
106.5553,Nullreference,0.6902273
106.5663,Collider_Roger_Body,0.7061433
106.5775,Nullreference,0.7293484
106.5886,Collider_Roger_Body,0.7511467
106.5997,Collider_Roger_Body,0.7831047
106.6109,Collider_Roger_Body,0.8387092
106.6219,Collider_Roger_Body,0.9332955
106.6337,Collider_Roger_Body,1.054327
106.6442,Collider_Roger_Body,1.193679
106.6553,Collider_Roger_Body,1.377223
106.6663,Collider_Roger_Body,1.527994
106.6774,Nullreference,1.688033
106.6888,Nullreference,1.794861
106.6999,Nullreference,1.89289
106.7108,Nullreference,1.941451
106.7219,Nullreference,1.949509
106.733,Nullreference,1.933213
106.7441,Nullreference,1.91012
106.7552,Nullreference,1.88185
106.7663,Nullreference,1.851013
106.7775,Nullreference,1.811881
106.7886,Nullreference,1.774613
106.7996,Nullreference,1.749108
106.8108,Nullreference,1.7325
106.8218,Nullreference,1.713524
106.833,Nullreference,1.699684
106.8441,Nullreference,1.676483
106.8553,Nullreference,1.641555
106.8663,Nullreference,1.603015
106.8773,Nullreference,1.54006
106.8886,Nullreference,1.488877
106.8995,Nullreference,1.426592
106.9107,Nullreference,1.377962
106.922,Nullreference,1.323108
106.933,Nullreference,1.292778
106.9441,Nullreference,1.2663
106.9552,Nullreference,1.243497
106.9663,Nullreference,1.214933
106.9774,Nullreference,1.184008
106.9885,Nullreference,1.164886
106.9995,Nullreference,1.138251
107.0106,Nullreference,1.11095
107.0217,Nullreference,1.079481
107.0328,Nullreference,1.046333
107.0439,Nullreference,0.9982243
107.0551,Nullreference,0.9432038
107.0662,Nullreference,0.8950869
107.0773,Nullreference,0.8221073
107.0884,Nullreference,0.7620796
107.0994,Nullreference,0.7102224
107.1105,Nullreference,0.6733515
107.1217,Nullreference,0.6521832
107.1327,Nullreference,0.6525609
107.1438,Nullreference,0.6507171
107.1552,Nullreference,0.6557579
107.1661,Nullreference,0.6653623
107.1772,Nullreference,0.6773341
107.1884,Nullreference,0.6773137
107.1994,Nullreference,0.6638483
107.2104,Nullreference,0.6346279
107.2216,Nullreference,0.5933892
107.2327,Nullreference,0.5572013
107.2438,Nullreference,0.5117887
107.2552,Nullreference,0.4752384
107.266,Nullreference,0.4456545
107.2771,Nullreference,0.4309924
107.2884,Nullreference,0.4239368
107.2996,Nullreference,0.4397121
107.3106,Nullreference,0.4725677
107.3216,Nullreference,0.5171818
107.3327,Nullreference,0.5538784
107.3438,Nullreference,0.5992649
107.355,Nullreference,0.6393602
107.366,Nullreference,0.6687282
107.3771,Nullreference,0.7118374
107.3882,Nullreference,0.7799052
107.3993,Nullreference,0.8374168
107.4104,Nullreference,0.8782818
107.4216,Nullreference,0.8783153
107.4329,Nullreference,0.8428269
107.4438,Nullreference,0.7808291
107.455,Nullreference,0.7379767
107.4661,Nullreference,0.7159617
107.4771,Nullreference,0.6964378
107.4882,Nullreference,0.7021796
107.4993,Nullreference,0.7208238
107.5103,Nullreference,0.7894396
107.5215,Nullreference,0.9001949
107.5326,Nullreference,0.9234402
107.5437,Nullreference,0.8943598
107.5548,Nullreference,0.8631593
107.5659,Nullreference,0.8647457
107.5771,Nullreference,0.8668025
107.5882,Nullreference,0.8487917
107.5994,Nullreference,0.8076758
107.6103,Nullreference,0.7655504
107.6215,Nullreference,0.7407548
107.6327,Nullreference,0.6882925
107.6437,Nullreference,0.6488116
107.6548,Nullreference,0.6123837
107.6659,Nullreference,0.6029176
107.677,Nullreference,0.6093552
107.689,Nullreference,0.6389328
107.7001,Nullreference,0.6716486
107.7103,Nullreference,0.7111369
107.7213,Nullreference,0.7387693
107.7327,Nullreference,0.7635458
107.7437,Nullreference,0.7693671
107.7547,Nullreference,0.768869
107.7658,Nullreference,0.7594176
107.777,Nullreference,0.7433517
107.788,Nullreference,0.7284717
107.7991,Nullreference,0.7148597
107.8102,Nullreference,0.7100437
107.8214,Nullreference,0.7131221
107.8324,Nullreference,0.7153968
107.8436,Nullreference,0.7356061
107.8547,Nullreference,0.7649558
107.8659,Nullreference,0.810891
107.8769,Nullreference,0.8494557
107.888,Nullreference,0.8775145
107.8991,Nullreference,0.8927877
107.9104,Nullreference,0.8963606
107.9211,Nullreference,0.8903628
107.9321,Nullreference,0.8754151
107.9433,Nullreference,0.8634185
107.9544,Nullreference,0.860511
107.9653,Nullreference,0.8668444
107.9764,Nullreference,0.8703406
107.9876,Nullreference,0.8668549
107.9987,Nullreference,0.8574467
108.0098,Nullreference,0.8394833
108.0209,Nullreference,0.8166956
108.032,Nullreference,0.7991419
108.0432,Nullreference,0.7825386
108.0543,Nullreference,0.775658
108.0654,Nullreference,0.7559476
108.0764,Nullreference,0.7339478
108.0876,Nullreference,0.7022173
108.0986,Nullreference,0.6659639
108.1097,Nullreference,0.6349887
108.1208,Nullreference,0.6154501
108.132,Nullreference,0.5925972
108.1431,Nullreference,0.5657166
108.1546,Nullreference,0.5342034
108.1654,Nullreference,0.5015884
108.1764,Nullreference,0.4527148
108.1874,Nullreference,0.4182421
108.1986,Nullreference,0.3720057
108.2097,Nullreference,0.3267358
108.2209,Nullreference,0.2959006
108.232,Nullreference,0.2606455
108.243,Nullreference,0.2371988
108.2541,Nullreference,0.2164502
108.2652,Nullreference,0.1952215
108.2763,Nullreference,0.1835544
108.2874,Nullreference,0.1770147
108.2985,Nullreference,0.1777293
108.3096,Nullreference,0.1933841
108.321,Nullreference,0.2118032
108.3318,Nullreference,0.2345705
108.343,Nullreference,0.2601649
108.3541,Nullreference,0.2960549
108.3653,Nullreference,0.3368775
108.3764,Nullreference,0.387628
108.3874,Nullreference,0.4489788
108.3986,Nullreference,0.4993423
108.4101,Nullreference,0.5202281
108.4207,Nullreference,0.532862
108.4319,Nullreference,0.5647123
108.443,Nullreference,0.6169345
108.4541,Nullreference,0.6917295
108.4654,Nullreference,0.7362083
108.4763,Nullreference,0.7449435
108.4875,Nullreference,0.7385355
108.4986,Nullreference,0.73934
108.5097,Nullreference,0.7518011
108.5211,Nullreference,0.7524148
108.5321,Nullreference,0.7321615
108.5432,Nullreference,0.7062396
108.5544,Cube (5),0.676173
108.5654,Cube (5),0.6468251
108.5765,Nullreference,0.6323852
108.5877,Cube (5),0.628857
108.5987,Nullreference,0.6390295
108.6099,Nullreference,0.655547
108.621,Nullreference,0.6738434
108.6322,Nullreference,0.7155704
108.6436,Cube (5),0.7438521
108.6543,Cube (5),0.7759625
108.6654,Nullreference,0.7910029
108.6766,Cube (5),0.7949914
108.6877,Nullreference,0.7778929
108.6987,Nullreference,0.7516495
108.7099,Cube (5),0.7244542
108.7209,Nullreference,0.6903802
108.7321,Cube (5),0.6592091
108.7433,Cube (5),0.6329029
108.7542,Cube (5),0.6071448
108.7654,Cube (5),0.5903499
108.7764,Nullreference,0.5725948
108.7876,Nullreference,0.5551423
108.7992,Nullreference,0.5365865
108.8098,Nullreference,0.5037851
108.8209,Nullreference,0.4751476
108.8322,Cube (5),0.4292228
108.8432,Nullreference,0.3804192
108.8543,Cube (5),0.347098
108.8654,Cube (5),0.3114303
108.8764,Cube (5),0.2953721
108.8875,Nullreference,0.2841631
108.8987,Nullreference,0.2829523
108.9097,Nullreference,0.2804161
108.9208,Nullreference,0.2788279
108.932,Nullreference,0.2753085
108.9431,Nullreference,0.2635169
108.9545,Nullreference,0.2382272
108.9653,Nullreference,0.2221653
108.9764,Nullreference,0.2089403
108.9934,Nullreference,0.2128388
109.0004,Nullreference,0.2356666
109.0079,Nullreference,0.2603539
109.017,Nullreference,0.3094157
109.0282,Nullreference,0.3897792
109.0393,Nullreference,0.469139
109.0504,Nullreference,0.5739252
109.0615,Nullreference,0.6849914
109.0726,Nullreference,0.7941801
109.0837,Nullreference,0.9137591
109.0952,Nullreference,1.001985
109.106,Nullreference,1.111746
109.1172,Nullreference,1.201666
109.1281,Nullreference,1.325382
109.1393,Nullreference,1.446427
109.1504,Nullreference,1.568015
109.1615,Nullreference,1.66259
109.1726,Nullreference,1.768155
109.1839,Nullreference,1.858825
109.1949,Nullreference,1.947938
109.2059,Nullreference,2.038364
109.217,Nullreference,2.128768
109.2281,Nullreference,2.199666
109.2392,Nullreference,2.267313
109.2504,Nullreference,2.329553
109.2614,Nullreference,2.371886
109.2725,Nullreference,2.425138
109.2836,Nullreference,2.472592
109.2948,Nullreference,2.527114
109.3059,Nullreference,2.574873
109.3168,Nullreference,2.594099
109.328,Nullreference,2.584248
109.339,Nullreference,2.548234
109.3503,Nullreference,2.492034
109.3617,Nullreference,2.424135
109.3729,Cube (3),2.35503
109.3842,Nullreference,2.267815
109.3956,Nullreference,2.174464
109.4068,Nullreference,2.070067
109.4181,Cube (3),1.976416
109.4294,Cube (3),1.865939
109.4408,Nullreference,1.758771
109.4521,Cube (3),1.673868
109.4634,Cube (3),1.579661
109.4745,Cube (3),1.490277
109.486,Nullreference,1.416579
109.4973,Nullreference,1.338431
109.5086,Cube (3),1.2711
109.5199,Nullreference,1.222416
109.531,Nullreference,1.17751
109.5422,Nullreference,1.131737
109.5536,Nullreference,1.10265
109.5647,Nullreference,1.077567
109.5759,Nullreference,1.049939
109.5869,Nullreference,1.012755
109.5981,Nullreference,0.9726616
109.6094,Nullreference,0.9256728
109.6203,Nullreference,0.8839371
109.6313,Nullreference,0.8453084
109.6425,Nullreference,0.8054957
109.6537,Nullreference,0.7687327
109.6648,Nullreference,0.7425603
109.6757,Nullreference,0.7050858
109.6872,Nullreference,0.6762509
109.6982,Nullreference,0.6498961
109.7092,Nullreference,0.6317475
109.7203,Nullreference,0.6072056
109.7313,Nullreference,0.5674287
109.7424,Nullreference,0.5338237
109.7535,Nullreference,0.5031696
109.7649,Nullreference,0.4828681
109.7758,Cube (1),0.4726378
109.7869,Nullreference,0.4688274
109.798,Nullreference,0.4678302
109.8091,Nullreference,0.462687
109.8202,Cube (1),0.4537837
109.8313,Nullreference,0.4510801
109.8424,Cube (1),0.4358091
109.8536,Nullreference,0.4220741
109.8646,Nullreference,0.4054168
109.8757,Nullreference,0.38835
109.8868,Nullreference,0.3798589
109.8981,Nullreference,0.378843
109.9091,Nullreference,0.3910171
109.9202,Cube (3),0.4157502
109.9315,Cube (3),0.4361862
109.9424,Cube (3),0.440344
109.9536,Cube (3),0.4253376
109.9648,Cube (3),0.4049564
109.9758,Cube (3),0.3734849
109.9869,Nullreference,0.3440906
109.9981,Cube (3),0.3111281
110.0092,Nullreference,0.2870832
110.0201,Nullreference,0.2659941
110.0313,Nullreference,0.2558593
110.0425,Nullreference,0.2747592
110.0536,Nullreference,0.3058276
110.0646,Nullreference,0.3411633
110.0757,Nullreference,0.3640662
110.0868,Nullreference,0.3617779
110.098,Nullreference,0.3284528
110.109,Nullreference,0.272337
110.1201,Nullreference,0.1912334
110.1312,Nullreference,0.12054
110.1424,Nullreference,0.05548954
110.1536,Nullreference,0.06708375
110.1647,Nullreference,0.1077301
110.1757,Nullreference,0.1319938
110.1868,Cube (3),0.1402148
110.198,Cube (3),0.1458477
110.209,Cube (3),0.1460931
110.2201,Cube (3),0.1418494
110.2312,Nullreference,0.1380062
110.2423,Nullreference,0.1366707
110.2534,Cube (3),0.1413544
110.2645,Nullreference,0.1405594
110.2756,Nullreference,0.1507356
110.2867,Nullreference,0.1653376
110.2979,Nullreference,0.1946668
110.3091,Nullreference,0.2182205
110.3199,Nullreference,0.2550131
110.3312,Nullreference,0.2825078
110.3423,Nullreference,0.2951631
110.3533,Nullreference,0.3133732
110.3645,Nullreference,0.3311179
110.3755,Nullreference,0.3485919
110.3867,Nullreference,0.3661433
110.3979,Nullreference,0.3854776
110.4089,Nullreference,0.3946747
110.4201,Nullreference,0.3981802
110.4311,Cube (3),0.4011482
110.4425,Cube (3),0.4097203
110.4535,Cube (3),0.403467
110.4645,Cube (3),0.4101653
110.4756,Cube (3),0.4375338
110.4867,Cube (3),0.4798183
110.4978,Cube (3),0.5226668
110.5089,Cube (3),0.5599043
110.5201,Cube (3),0.5872151
110.5311,Cube (3),0.6041042
110.5423,Cube (3),0.6201203
110.5534,Cube (3),0.6264187
110.5645,Cube (3),0.6376409
110.5756,Cube (3),0.6326051
110.5869,Nullreference,0.6240685
110.5981,Nullreference,0.6181189
110.6088,Nullreference,0.6090583
110.6201,Nullreference,0.5957432
110.6311,Nullreference,0.5876613
110.6422,Nullreference,0.5864776
110.6535,Nullreference,0.5823392
110.6645,Nullreference,0.5756842
110.6758,Nullreference,0.5697737
110.6867,Nullreference,0.55975
110.698,Nullreference,0.5521056
110.7088,Nullreference,0.538626
110.72,Nullreference,0.5345203
110.7311,Nullreference,0.5279958
110.7422,Nullreference,0.5392261
110.7533,Nullreference,0.5498456
110.7646,Nullreference,0.5632035
110.7757,Nullreference,0.5694194
110.7868,Nullreference,0.5795051
110.7979,Nullreference,0.5684636
110.8089,Nullreference,0.560319
110.8199,Nullreference,0.5549671
110.8312,Nullreference,0.5480551
110.8421,Nullreference,0.5508401
110.8534,Nullreference,0.5604043
110.8643,Nullreference,0.5843013
110.8754,Nullreference,0.6071071
110.8866,Nullreference,0.6442092
110.8977,Nullreference,0.6697126
110.9088,Nullreference,0.7011856
110.9199,Nullreference,0.7223678
110.931,Nullreference,0.7302287
110.9423,Nullreference,0.7304283
110.9534,Nullreference,0.7346596
110.9644,Nullreference,0.7289985
110.9755,Nullreference,0.7183083
110.9866,Nullreference,0.6955113
110.9977,Nullreference,0.6731907
111.0089,Nullreference,0.653771
111.0202,Nullreference,0.6305736
111.0311,Nullreference,0.6034859
111.0421,Nullreference,0.5732892
111.0534,Nullreference,0.553132
111.0644,Nullreference,0.5385408
111.0754,Nullreference,0.5287355
111.0868,Nullreference,0.5277846
111.0978,Nullreference,0.5196692
111.1088,Nullreference,0.5266498
111.12,Nullreference,0.5374128
111.1311,Nullreference,0.5588207
111.1423,Nullreference,0.585498
111.1533,Nullreference,0.6205781
111.1646,Nullreference,0.6516083
111.1756,Nullreference,0.6730685
111.1867,Nullreference,0.6863689
111.1978,Nullreference,0.7021039
111.2089,Nullreference,0.7096834
111.2202,Nullreference,0.7334297
111.2312,Nullreference,0.7607282
111.2422,Nullreference,0.8048393
111.2533,Nullreference,0.8485266
111.2645,Nullreference,0.916229
111.2756,Nullreference,0.9854358
111.2867,Nullreference,1.049039
111.298,Nullreference,1.141004
111.309,Nullreference,1.223596
111.3201,Nullreference,1.335305
111.3314,Nullreference,1.451075
111.3424,Nullreference,1.521258
111.3535,Nullreference,1.565811
111.3647,Nullreference,1.585892
111.3757,Nullreference,1.615049
111.3868,Nullreference,1.627311
111.3979,Nullreference,1.633435
111.409,Nullreference,1.635753
111.4203,Nullreference,1.637426
111.4312,Nullreference,1.630646
111.4424,Nullreference,1.622169
111.4534,Nullreference,1.623726
111.4647,Cube,1.613405
111.4757,Nullreference,1.606128
111.487,Nullreference,1.59257
111.498,Nullreference,1.568626
111.509,Nullreference,1.539469
111.5201,Nullreference,1.51948
111.5313,Nullreference,1.502963
111.5424,Nullreference,1.485671
111.5535,Nullreference,1.474894
111.5647,Nullreference,1.462466
111.5757,Nullreference,1.44565
111.5869,Nullreference,1.421939
111.5979,Nullreference,1.400089
111.609,Nullreference,1.373451
111.6202,Nullreference,1.346881
111.6312,Nullreference,1.324024
111.6425,Nullreference,1.312101
111.6536,Nullreference,1.302243
111.6655,Nullreference,1.303067
111.6758,Nullreference,1.314655
111.6871,Nullreference,1.329259
111.6981,Nullreference,1.348944
111.7094,Nullreference,1.372235
111.7205,Nullreference,1.404159
111.7324,Nullreference,1.428566
111.7426,Nullreference,1.451439
111.7538,Nullreference,1.466611
111.7649,Nullreference,1.471871
111.7759,Nullreference,1.478111
111.7871,Nullreference,1.482893
111.7982,Nullreference,1.496271
111.8092,Nullreference,1.503903
111.8204,Nullreference,1.498154
111.8315,Nullreference,1.487393
111.8426,Nullreference,1.459081
111.8538,Nullreference,1.414192
111.8648,Nullreference,1.358058
111.8758,Nullreference,1.319781
111.8872,Nullreference,1.267037
111.898,Nullreference,1.200173
111.91,Nullreference,1.13472
111.9205,Nullreference,1.043115
111.9314,Nullreference,0.9486443
111.9426,Nullreference,0.8585232
111.9541,Nullreference,0.7483091
111.9647,Nullreference,0.6583622
111.976,Nullreference,0.5492628
111.9871,Nullreference,0.4516737
111.998,Nullreference,0.3677597
112.009,Nullreference,0.2951376
112.0203,Nullreference,0.2581786
112.0303,Nullreference,0.2510091
112.0416,Nullreference,0.2612738
112.0526,Nullreference,0.2869071
112.0636,Nullreference,0.3068823
112.0748,Nullreference,0.3206265
112.0859,Nullreference,0.3475098
112.097,Nullreference,0.3535263
112.1082,Nullreference,0.361963
112.1192,Nullreference,0.3614882
112.1303,Nullreference,0.3631232
112.1416,Nullreference,0.356056
112.1525,Nullreference,0.3514964
112.1636,Nullreference,0.3410544
112.1746,Nullreference,0.3405918
112.1859,Nullreference,0.3436851
112.1969,Nullreference,0.3402944
112.208,Nullreference,0.3343362
112.2192,Nullreference,0.3258949
112.2301,Nullreference,0.3037894
112.2414,Nullreference,0.2844155
112.2524,Nullreference,0.2711804
112.2635,Nullreference,0.2575383
112.2746,Nullreference,0.2331764
112.2858,Nullreference,0.2116078
112.2968,Nullreference,0.1914379
112.3079,Nullreference,0.1879273
112.319,Nullreference,0.1958878
112.3301,Cube,0.2086887
112.3415,Nullreference,0.2303843
112.3524,Nullreference,0.2428365
112.3634,Nullreference,0.2629176
112.3746,Nullreference,0.2738852
112.3858,Cube,0.2743007
112.3967,Nullreference,0.2796865
112.4079,Nullreference,0.2868711
112.4191,Cube,0.2904618
112.4301,Nullreference,0.2983375
112.4413,Nullreference,0.3074629
112.4523,Nullreference,0.3206236
112.4636,Nullreference,0.3305842
112.4746,Nullreference,0.3454959
112.4856,Nullreference,0.359586
112.4967,Nullreference,0.3684725
112.5078,Nullreference,0.3688071
112.5189,Nullreference,0.3714128
112.53,Nullreference,0.3669223
112.5411,Nullreference,0.3494609
112.5522,Nullreference,0.3279243
112.5633,Cube,0.3140819
112.5745,Nullreference,0.3019402
112.5857,Nullreference,0.2974941
112.5966,Nullreference,0.2922398
112.6077,Nullreference,0.2952574
112.619,Nullreference,0.2976995
112.6299,Nullreference,0.2916867
112.6411,Nullreference,0.2866483
112.6523,Nullreference,0.2802949
112.6633,Nullreference,0.2669386
112.6744,Nullreference,0.262215
112.6857,Nullreference,0.2503241
112.6966,Nullreference,0.2430249
112.7077,Nullreference,0.2237756
112.7189,Nullreference,0.2025813
112.7301,Nullreference,0.1722031
112.741,Nullreference,0.1513707
112.7523,Nullreference,0.1338508
112.7634,Nullreference,0.1216755
112.7744,Nullreference,0.1004212
112.7855,Nullreference,0.08071228
112.7966,Nullreference,0.08043136
112.8077,Nullreference,0.09617267
112.819,Nullreference,0.1257776
112.8299,Nullreference,0.19664
112.841,Nullreference,0.3140126
112.8521,Nullreference,0.4382716
112.8632,Nullreference,0.6067154
112.8744,Nullreference,0.769752
112.8856,Nullreference,0.9780601
112.8966,Nullreference,1.214626
112.9077,Nullreference,1.422617
112.9189,Nullreference,1.681798
112.93,Nullreference,1.894726
112.9411,Nullreference,2.140297
112.9523,Nullreference,2.326929
112.9634,Nullreference,2.516496
112.9745,Nullreference,2.667321
112.9856,Nullreference,2.802573
112.9967,Nullreference,2.92464
113.0078,Nullreference,3.012898
113.019,Nullreference,3.09833
113.03,Nullreference,3.170705
113.0412,Nullreference,3.208
113.0524,Nullreference,3.231958
113.0634,Nullreference,3.234722
113.0745,Nullreference,3.230849
113.0858,Nullreference,3.208297
113.0969,Nullreference,3.186401
113.1079,Nullreference,3.153332
113.119,Nullreference,3.119552
113.1301,Nullreference,3.054602
113.1412,Nullreference,2.986281
113.1523,Nullreference,2.882552
113.1633,Nullreference,2.787232
113.1745,Nullreference,2.666239
113.1856,Nullreference,2.56065
113.1968,Nullreference,2.429408
113.2079,Nullreference,2.301749
113.2189,Nullreference,2.177319
113.23,Nullreference,2.027795
113.2411,Nullreference,1.87817
113.2525,Nullreference,1.756427
113.2633,Nullreference,1.617971
113.2744,Nullreference,1.506779
113.2856,Nullreference,1.369915
113.2966,Nullreference,1.256545
113.3077,Nullreference,1.128058
113.3188,Nullreference,0.9830988
113.3301,Nullreference,0.8829036
113.3411,Nullreference,0.7504199
113.3524,Nullreference,0.6370292
113.3634,Nullreference,0.5582693
113.3744,Cube (1),0.4664645
113.3855,Cube (1),0.4003861
113.3966,Cube (1),0.3522107
113.4077,Nullreference,0.3066252
113.4191,Nullreference,0.2797475
113.43,Cube (1),0.2682569
113.441,Cube (1),0.2617213
113.4522,Cube (1),0.2687809
113.4643,Nullreference,0.2744747
113.4743,Nullreference,0.28548
113.4857,Nullreference,0.2988021
113.4967,Nullreference,0.3237374
113.5079,Nullreference,0.3407945
113.5188,Nullreference,0.3550137
113.5301,Nullreference,0.3775933
113.5409,Nullreference,0.3880845
113.5521,Cube (3),0.4086453
113.5632,Cube (3),0.4112054
113.5742,Cube (3),0.4228211
113.5854,Nullreference,0.4249432
113.5967,Cube (3),0.4252026
113.6077,Cube (3),0.4290277
113.6188,Cube (3),0.429668
113.6298,Nullreference,0.4325519
113.6409,Nullreference,0.4444959
113.6521,Nullreference,0.4604937
113.6632,Nullreference,0.4815421
113.6743,Nullreference,0.5028391
113.6861,Nullreference,0.529809
113.6965,Nullreference,0.5487846
113.708,Nullreference,0.5785583
113.7187,Nullreference,0.6114388
113.7297,Nullreference,0.6660528
113.7409,Nullreference,0.7125452
113.752,Nullreference,0.7662411
113.7631,Nullreference,0.8128405
113.7742,Nullreference,0.8471838
113.7853,Nullreference,0.8880741
113.7965,Nullreference,0.9156722
113.8076,Nullreference,0.9472101
113.8188,Nullreference,0.9764205
113.8298,Nullreference,0.9930475
113.8408,Nullreference,1.028795
113.8521,Nullreference,1.057336
113.8631,Nullreference,1.091111
113.8742,Nullreference,1.124178
113.8853,Nullreference,1.140452
113.8964,Nullreference,1.160551
113.9075,Nullreference,1.173039
113.9186,Nullreference,1.191409
113.9296,Nullreference,1.199185
113.9408,Nullreference,1.203158
113.9519,Nullreference,1.198174
113.9631,Nullreference,1.183898
113.9742,Nullreference,1.165492
113.9852,Nullreference,1.148906
113.9967,Nullreference,1.116625
114.0074,Nullreference,1.078596
114.0188,Nullreference,1.01663
114.0297,Nullreference,0.9490409
114.0407,Nullreference,0.861812
114.0522,Nullreference,0.7897398
114.0631,Nullreference,0.6988605
114.0742,Nullreference,0.6080125
114.0852,Nullreference,0.547501
114.0963,Nullreference,0.4822971
114.1075,Nullreference,0.4358956
114.1187,Nullreference,0.4062969
114.1297,Nullreference,0.3826434
114.1406,Nullreference,0.3524042
114.1518,Nullreference,0.3313293
114.1629,Nullreference,0.3007645
114.174,Nullreference,0.2695412
114.1851,Nullreference,0.2402708
114.1962,Nullreference,0.2098164
114.2073,Nullreference,0.189174
114.2185,Nullreference,0.1767816
114.2295,Nullreference,0.1766199
114.2406,Nullreference,0.1838357
114.252,Nullreference,0.1984051
114.2628,Nullreference,0.2190323
114.274,Nullreference,0.2599971
114.2852,Nullreference,0.3210206
114.2961,Nullreference,0.3759106
114.3074,Nullreference,0.4705439
114.3184,Nullreference,0.5324926
114.3295,Nullreference,0.6050172
114.3406,Nullreference,0.6728003
114.3517,Nullreference,0.7585762
114.3628,Nullreference,0.8335259
114.3739,Nullreference,0.9065195
114.3852,Nullreference,0.9882343
114.3961,Nullreference,1.065328
114.4072,Nullreference,1.155898
114.4185,Nullreference,1.239509
114.4295,Nullreference,1.341216
114.4409,Nullreference,1.436603
114.4518,Nullreference,1.56805
114.4629,Nullreference,1.686504
114.474,Nullreference,1.847053
114.4853,Nullreference,2.010452
114.4964,Nullreference,2.140636
114.5072,Nullreference,2.284033
114.5183,Nullreference,2.44524
114.5293,Nullreference,2.578674
114.5404,Nullreference,2.69443
114.5516,Nullreference,2.808156
114.5627,Nullreference,2.88287
114.5739,Nullreference,2.939442
114.585,Nullreference,2.974649
114.5959,Nullreference,2.998111
114.6072,Nullreference,3.017276
114.6183,Nullreference,3.039102
114.6293,Nullreference,3.060689
114.6404,Nullreference,3.084434
114.6514,Nullreference,3.119877
114.6625,Nullreference,3.150557
114.6736,Nullreference,3.191919
114.6852,Nullreference,3.23782
114.6957,Nullreference,3.273421
114.7069,Nullreference,3.303517
114.718,Nullreference,3.309756
114.729,Nullreference,3.276059
114.7402,Nullreference,3.225656
114.7514,Nullreference,3.153776
114.7623,Nullreference,3.086393
114.7735,Nullreference,3.038412
114.7847,Nullreference,2.96514
114.7959,Nullreference,2.89344
114.8072,Nullreference,2.816094
114.8183,Nullreference,2.739253
114.8293,Collider_Roger_Body,2.665117
114.8404,Collider_Roger_Body,2.547037
114.8516,Collider_Roger_Body,2.433569
114.8626,Collider_Roger_Body,2.328182
114.8738,Collider_Roger_Body,2.204511
114.885,Collider_Roger_Body,2.10837
114.8961,Collider_Roger_Body,2.023698
114.9075,Nullreference,1.937346
114.9182,Nullreference,1.884988
114.9293,Nullreference,1.858522
114.9404,Nullreference,1.837638
114.9516,Nullreference,1.824899
114.9631,Nullreference,1.785295
114.9737,Nullreference,1.728178
114.9848,Nullreference,1.66527
114.9959,Nullreference,1.59114
115.007,Nullreference,1.508595
115.0181,Nullreference,1.430918
115.0292,Nullreference,1.330604
115.0406,Nullreference,1.235935
115.0515,Nullreference,1.118703
115.0625,Nullreference,1.010479
115.0737,Nullreference,0.9312357
115.0848,Nullreference,0.8397265
115.0964,Nullreference,0.7817908
115.107,Nullreference,0.7253122
115.1183,Nullreference,0.6918661
115.1292,Nullreference,0.6637105
115.1403,Nullreference,0.6551622
115.1514,Nullreference,0.6357856
115.1625,Nullreference,0.604658
115.1738,Nullreference,0.565137
115.1847,Nullreference,0.5237099
115.1958,Nullreference,0.4917028
115.207,Nullreference,0.4704951
115.2181,Nullreference,0.4345518
115.2291,Nullreference,0.4144523
115.2402,Nullreference,0.3844645
115.2513,Nullreference,0.3745226
115.2624,Nullreference,0.3636826
115.2735,Nullreference,0.3699978
115.2847,Nullreference,0.3368044
115.2958,Nullreference,0.2964354
115.307,Nullreference,0.3062463
115.3179,Nullreference,0.3466404
115.3291,Nullreference,0.4045782
115.3402,Nullreference,0.4536929
115.3513,Nullreference,0.5132598
115.3625,Nullreference,0.5560812
115.3735,Nullreference,0.5895929
115.3846,Nullreference,0.6197699
115.3958,Nullreference,0.6332296
115.4068,Nullreference,0.6403863
115.4181,Nullreference,0.6553801
115.429,Nullreference,0.661227
115.4402,Nullreference,0.6677222
115.4514,Nullreference,0.6906391
115.4624,Nullreference,0.7054467
115.4735,Nullreference,0.7251948
115.4846,Nullreference,0.7438855
115.4956,Nullreference,0.7598609
115.5067,Nullreference,0.7642793
115.5182,Nullreference,0.7610664
115.5291,Nullreference,0.7440302
115.54,Nullreference,0.7155833
115.5513,Nullreference,0.6754938
115.5665,Nullreference,0.6329474
115.5733,Nullreference,0.5868418
115.5824,Nullreference,0.5494795
115.594,Nullreference,0.4981425
115.6048,Nullreference,0.4569831
115.6158,Nullreference,0.4149435
115.627,Nullreference,0.3744124
115.6379,Nullreference,0.3266192
115.6491,Nullreference,0.2859502
115.6602,Nullreference,0.2496757
115.6713,Nullreference,0.208485
115.6826,Nullreference,0.1757693
115.6936,Nullreference,0.1450139
115.7046,Nullreference,0.1161524
115.7157,Nullreference,0.09184816
115.7269,Nullreference,0.07760555
115.738,Nullreference,0.07048666
115.749,Nullreference,0.06444489
115.7602,Nullreference,0.06517944
115.7713,Nullreference,0.07027029
115.783,Nullreference,0.07713354
115.7935,Nullreference,0.09496503
115.8046,Nullreference,0.117199
115.8157,Nullreference,0.1750052
115.8269,Nullreference,0.2166968
115.8379,Nullreference,0.2497272
115.849,Nullreference,0.2516576
115.8601,Nullreference,0.2202549
115.8713,Nullreference,0.1872473
115.8823,Nullreference,0.1678288
115.8934,Nullreference,0.2047424
115.9045,Nullreference,0.301711
115.9161,Nullreference,0.4150488
115.9269,Nullreference,0.5595093
115.9381,Nullreference,0.6910841
115.9494,Nullreference,0.8141491
115.9607,Nullreference,0.9604582
115.9719,Nullreference,1.087021
115.9832,Nullreference,1.173048
115.9944,Nullreference,1.241753
116.0059,Nullreference,1.269293
116.017,Nullreference,1.276121
116.0282,Nullreference,1.263189
116.0395,Nullreference,1.239866
116.0507,Nullreference,1.18835
116.062,Nullreference,1.12723
116.0732,Nullreference,1.053889
116.0844,Nullreference,0.9486489
116.0953,Nullreference,0.860383
116.1065,Nullreference,0.7658081
116.1176,Nullreference,0.6753916
116.1289,Nullreference,0.620475
116.1398,Nullreference,0.5715469
116.1509,Nullreference,0.5532179
116.162,Nullreference,0.5387178
116.1732,Nullreference,0.5416305
116.1844,Nullreference,0.5462144
116.1953,Nullreference,0.5412163
116.2066,Nullreference,0.535329
116.2177,Nullreference,0.5353672
116.2286,Nullreference,0.5439417
116.2397,Nullreference,0.5645433
116.2509,Nullreference,0.6031102
116.262,Cube (4),0.6514425
116.2731,Nullreference,0.7119632
116.2842,Nullreference,0.7601944
116.2954,Nullreference,0.797759
116.3066,Nullreference,0.8257916
116.3176,Nullreference,0.8581418
116.3287,Nullreference,0.8863552
116.3397,Nullreference,0.9187996
116.3508,Nullreference,0.9277009
116.3619,Nullreference,0.9231613
116.373,Nullreference,0.9141777
116.3841,Nullreference,0.9085772
116.3952,Nullreference,0.914174
116.4065,Nullreference,0.9307329
116.4175,Nullreference,0.9595422
116.4286,Nullreference,0.9875114
116.4397,Nullreference,1.017567
116.4511,Nullreference,1.041983
116.4621,Nullreference,1.066528
116.473,Nullreference,1.121008
116.484,Nullreference,1.184958
116.4951,Nullreference,1.251488
116.5064,Nullreference,1.344375
116.5173,Nullreference,1.445351
116.5285,Nullreference,1.559883
116.5396,Nullreference,1.713587
116.5507,Nullreference,1.855277
116.5617,Nullreference,2.018913
116.5727,Nullreference,2.19529
116.5839,Nullreference,2.355922
116.5949,Nullreference,2.471669
116.6061,Nullreference,2.599864
116.6173,Nullreference,2.705997
116.6283,Nullreference,2.811023
116.6394,Nullreference,2.898928
116.6504,Nullreference,3.008988
116.6614,Nullreference,3.081214
116.6726,Nullreference,3.162452
116.6838,Nullreference,3.223051
116.6949,Nullreference,3.275149
116.7061,Nullreference,3.328717
116.7172,Nullreference,3.370214
116.7282,Nullreference,3.392933
116.7394,Nullreference,3.404157
116.7504,Nullreference,3.397244
116.7615,Nullreference,3.378123
116.7725,Nullreference,3.351367
116.7838,Nullreference,3.307072
116.7948,Nullreference,3.256551
116.806,Nullreference,3.185661
116.8171,Nullreference,3.126126
116.8282,Nullreference,3.057838
116.8393,Nullreference,2.980079
116.8506,Nullreference,2.909509
116.8614,Nullreference,2.816538
116.8726,Nullreference,2.740817
116.8838,Nullreference,2.642394
116.8948,Nullreference,2.54573
116.9059,Nullreference,2.465128
116.9171,Nullreference,2.380192
116.9282,Nullreference,2.311413
116.9393,Nullreference,2.231605
116.9504,Nullreference,2.16243
116.9616,Nullreference,2.092656
116.9728,Nullreference,2.022787
116.984,Nullreference,1.972164
116.9951,Nullreference,1.905959
117.0062,Nullreference,1.839799
117.0174,Nullreference,1.7589
117.0325,Nullreference,1.677392
117.0395,Nullreference,1.623119
117.0484,Nullreference,1.580189
117.0595,Nullreference,1.545778
117.0709,Nullreference,1.517674
117.0818,Nullreference,1.498368
117.0929,Nullreference,1.491733
117.104,Nullreference,1.493801
117.1151,Nullreference,1.494522
117.1261,Nullreference,1.50475
117.1373,Nullreference,1.51387
117.1484,Cube (1),1.526618
117.1595,Nullreference,1.540518
117.1706,Nullreference,1.560063
117.1818,Nullreference,1.58953
117.1929,Nullreference,1.610428
117.2039,Nullreference,1.634857
117.2151,Nullreference,1.653668
117.2262,Nullreference,1.664114
117.2374,Nullreference,1.673069
117.2485,Nullreference,1.675914
117.2596,Nullreference,1.672544
117.2707,Nullreference,1.663477
117.2818,Nullreference,1.64799
117.293,Nullreference,1.620373
117.3042,Nullreference,1.58547
117.3154,Nullreference,1.544151
117.3264,Nullreference,1.478354
117.3375,Nullreference,1.407223
117.3485,Nullreference,1.34987
117.3598,Nullreference,1.279174
117.3708,Nullreference,1.195961
117.3819,Nullreference,1.13405
117.3937,Nullreference,1.052645
117.4044,Nullreference,0.9669428
117.4157,Nullreference,0.8916057
117.427,Nullreference,0.8272611
117.4383,Nullreference,0.7736694
117.4496,Nullreference,0.7131429
117.4607,Nullreference,0.6636074
117.4721,Nullreference,0.6302983
117.4834,Nullreference,0.5988486
117.4946,Nullreference,0.5848936
117.5059,Nullreference,0.5692971
117.5171,Nullreference,0.5614638
117.5283,Nullreference,0.5477278
117.5396,Nullreference,0.5287828
117.5509,Nullreference,0.5108731
117.5618,Nullreference,0.5009537
117.5731,Nullreference,0.4959639
117.5841,Nullreference,0.4946285
117.5953,Nullreference,0.4936116
117.6063,Nullreference,0.4845635
117.6174,Nullreference,0.4536349
117.6286,Nullreference,0.3912855
117.6396,Nullreference,0.3361606
117.6508,Nullreference,0.2615607
117.6619,Nullreference,0.2046373
117.6729,Nullreference,0.1662465
117.6841,Nullreference,0.2108078
117.6954,Nullreference,0.3299665
117.7069,Nullreference,0.4576973
117.7175,Nullreference,0.6031572
117.7287,Nullreference,0.7010818
117.7397,Nullreference,0.7909551
117.7507,Nullreference,0.8559854
117.7618,Nullreference,0.9157563
117.7728,Nullreference,0.981566
117.7841,Nullreference,1.032217
117.7951,Nullreference,1.091172
117.8061,Nullreference,1.128321
117.8172,Nullreference,1.132962
117.8283,Nullreference,1.114731
117.8397,Cube (3),1.092234
117.8505,Cube (3),1.053652
117.8615,Cube (3),1.023136
117.8726,Nullreference,1.006244
117.8839,Cube (3),0.9992918
117.8948,Nullreference,0.9935562
117.906,Cube (3),0.9805692
117.9171,Cube (3),0.9520367
117.9281,Nullreference,0.9207162
117.9393,Nullreference,0.8905371
117.9505,Cube (3),0.8650731
117.9614,Nullreference,0.8537659
117.9734,Cube (3),0.8554386
117.9835,Cube (3),0.8657847
117.9946,Cube (3),0.878509
118.0058,Cube (3),0.894488
118.0172,Cube (3),0.9034296
118.0279,Nullreference,0.9121082
118.0391,Nullreference,0.9342723
118.0501,Nullreference,0.9558463
118.0613,Nullreference,0.9849364
118.0723,Nullreference,1.014339
118.0835,Nullreference,1.043866
118.0945,Nullreference,1.078558
118.1057,Nullreference,1.109833
118.1167,Nullreference,1.152044
118.1278,Nullreference,1.184963
118.1391,Nullreference,1.211362
118.1503,Nullreference,1.232937
118.1612,Nullreference,1.246146
118.1732,Nullreference,1.251087
118.1834,Nullreference,1.249186
118.1945,Nullreference,1.244657
118.2056,Nullreference,1.24014
118.2168,Nullreference,1.228317
118.2278,Nullreference,1.205191
118.2389,Nullreference,1.171338
118.25,Nullreference,1.141273
118.2611,Nullreference,1.100927
118.2722,Nullreference,1.057795
118.2833,Nullreference,0.987415
118.2945,Nullreference,0.9218414
118.3058,Nullreference,0.862962
118.3168,Nullreference,0.7919427
118.3278,Nullreference,0.7325719
118.3389,Nullreference,0.6679339
118.3501,Nullreference,0.6046724
118.3612,Nullreference,0.5638514
118.3724,Nullreference,0.5197154
118.3843,Nullreference,0.4664366
118.3984,Nullreference,0.4186602
118.4054,Nullreference,0.3738002
118.4146,Nullreference,0.3423802
118.4258,Nullreference,0.3179908
118.4368,Nullreference,0.2949121
118.4479,Nullreference,0.2715771
118.459,Nullreference,0.2523933
118.47,Nullreference,0.2277389
118.4813,Nullreference,0.2100288
118.4922,Nullreference,0.2009813
118.5035,Nullreference,0.2052612
118.5145,Nullreference,0.2149578
118.5257,Nullreference,0.2327878
118.5366,Nullreference,0.2440031
118.548,Nullreference,0.2381624
118.559,Nullreference,0.2255218
118.5701,Nullreference,0.2008131
118.5812,Nullreference,0.1857092
118.5923,Nullreference,0.1702944
118.6034,Nullreference,0.1612059
118.6144,Nullreference,0.1597712
118.6263,Nullreference,0.1578509
118.6375,Nullreference,0.1576942
118.6484,Nullreference,0.1529627
118.6596,Nullreference,0.1438482
118.6705,Nullreference,0.1401123
118.6818,Nullreference,0.1373557
118.6929,Nullreference,0.1331205
118.7039,Nullreference,0.1279538
118.7151,Nullreference,0.124302
118.7263,Nullreference,0.1096573
118.7373,Nullreference,0.1020953
118.7483,Nullreference,0.09682018
118.7596,Nullreference,0.09817804
118.7709,Nullreference,0.1217931
118.7821,Nullreference,0.1533354
118.7935,Nullreference,0.1862039
118.8046,Nullreference,0.2290021
118.8156,Nullreference,0.2652394
118.8271,Nullreference,0.292023
118.8385,Nullreference,0.302504
118.8496,Nullreference,0.2948438
118.8608,Nullreference,0.2686733
118.872,Nullreference,0.2414262
118.8832,Nullreference,0.2197244
118.8946,Nullreference,0.2012346
118.9059,Nullreference,0.1854396
118.9178,Nullreference,0.1696628
118.9281,Nullreference,0.1489585
118.9391,Nullreference,0.1271599
118.9502,Nullreference,0.1127157
118.9614,Nullreference,0.1104612
118.9725,Nullreference,0.1085032
118.9838,Nullreference,0.1133753
118.9946,Nullreference,0.1170855
119.0058,Nullreference,0.1169785
119.017,Nullreference,0.1193057
119.028,Nullreference,0.1299617
119.0392,Nullreference,0.1524249
119.0502,Nullreference,0.1911237
119.0613,Nullreference,0.236043
119.0725,Nullreference,0.2952268
119.0836,Nullreference,0.3296312
119.0947,Nullreference,0.3452733
119.1059,Nullreference,0.3370706
119.1168,Nullreference,0.3132372
119.128,Nullreference,0.2677456
119.1394,Nullreference,0.2499032
119.15,Nullreference,0.2764041
119.1612,Nullreference,0.3349912
119.1722,Nullreference,0.3953696
119.1835,Nullreference,0.4541148
119.1945,Nullreference,0.5009454
119.2057,Nullreference,0.5376346
119.2167,Nullreference,0.556977
119.2279,Nullreference,0.5596451
119.2389,Nullreference,0.5635538
119.2501,Nullreference,0.56555
119.2613,Nullreference,0.5715038
119.2725,Nullreference,0.5662615
119.2834,Nullreference,0.5580044
119.2945,Nullreference,0.533525
119.3056,Nullreference,0.5124905
119.3167,Nullreference,0.4881644
119.3288,Nullreference,0.4655203
119.3398,Nullreference,0.4395577
119.3506,Nullreference,0.4084808
119.3616,Nullreference,0.3840276
119.3731,Nullreference,0.3561781
119.3839,Nullreference,0.3356825
119.395,Nullreference,0.3068384
119.4063,Nullreference,0.2930679
119.4181,Nullreference,0.2733878
119.4282,Nullreference,0.2689581
119.4392,Nullreference,0.2647668
119.4506,Nullreference,0.2689052
119.4615,Nullreference,0.27597
119.4728,Nullreference,0.294764
119.4838,Nullreference,0.3240986
119.4949,Nullreference,0.3630188
119.5059,Nullreference,0.4076445
119.517,Nullreference,0.4634438
119.5282,Nullreference,0.5278635
119.5394,Nullreference,0.5804615
119.5503,Nullreference,0.6613684
119.5616,Nullreference,0.7442944
119.5727,Nullreference,0.8234695
119.5839,Nullreference,0.9010062
119.595,Nullreference,0.9671467
119.6061,Nullreference,1.031218
119.6171,Nullreference,1.078323
119.6291,Nullreference,1.101318
119.6393,Nullreference,1.111654
119.6504,Nullreference,1.108207
119.662,Nullreference,1.082298
119.6727,Nullreference,1.054151
119.6839,Nullreference,1.000511
119.695,Nullreference,0.9442917
119.7061,Nullreference,0.9007634
119.7172,Nullreference,0.8549625
119.7284,Nullreference,0.8194751
119.7392,Nullreference,0.7777488
119.7505,Nullreference,0.7297612
119.7615,Nullreference,0.6924166
119.7727,Nullreference,0.6591445
119.784,Nullreference,0.6396015
119.7949,Nullreference,0.5898138
119.8069,Nullreference,0.5461459
119.8172,Nullreference,0.5182717
119.8282,Nullreference,0.4770089
119.8393,Nullreference,0.4562341
119.8504,Nullreference,0.4122993
119.8616,Nullreference,0.3579779
119.8727,Nullreference,0.3184826
119.8838,Nullreference,0.2866871
119.8948,Nullreference,0.2742006
119.9062,Nullreference,0.2830431
119.917,Nullreference,0.3063844
119.9282,Nullreference,0.3351126
119.9391,Nullreference,0.3524036
119.9502,Nullreference,0.3690021
119.9616,Nullreference,0.375708
119.9728,Nullreference,0.39836
119.9837,Nullreference,0.424256
119.9946,Nullreference,0.4488904
120.0057,Nullreference,0.4839439
120.0169,Nullreference,0.5300179
120.0281,Nullreference,0.5847533
120.0392,Nullreference,0.6532423
120.0501,Nullreference,0.7215062
120.0613,Nullreference,0.8236594
120.0724,Nullreference,0.9227492
120.0834,Nullreference,1.044483
120.0946,Nullreference,1.143703
120.1057,Nullreference,1.227363
120.1167,Nullreference,1.266566
120.1278,Nullreference,1.273681
120.1391,Nullreference,1.240392
120.15,Nullreference,1.185783
120.1613,Nullreference,1.102611
120.1723,Nullreference,1.028693
120.1834,Nullreference,0.9332758
120.1951,Nullreference,0.8437443
120.2056,Nullreference,0.7652525
120.2166,Nullreference,0.6653981
120.2278,Nullreference,0.5929732
120.2389,Nullreference,0.4981442
120.2501,Nullreference,0.3952981
120.2613,Nullreference,0.3183117
120.2721,Nullreference,0.2333821
120.2832,Nullreference,0.1739883
120.2945,Nullreference,0.1235679
120.3056,Nullreference,0.08280258
120.3166,Nullreference,0.07524915
120.3282,Nullreference,0.0686715
120.3391,Nullreference,0.07129914
120.35,Nullreference,0.06346954
120.3611,Nullreference,0.05702176
120.3723,Nullreference,0.04496313
120.384,Nullreference,0.03260002
120.3943,Nullreference,0.03230415
120.4054,Nullreference,0.02846383
120.4167,Nullreference,0.03308487
120.4277,Nullreference,0.0389723
120.4388,Nullreference,0.05296596
120.45,Nullreference,0.0651935
120.4609,Nullreference,0.07903711
120.4724,Nullreference,0.08195082
120.4832,Nullreference,0.08287671
120.4943,Nullreference,0.08288109
120.5054,Nullreference,0.07897319
120.5166,Nullreference,0.07550024
120.5277,Nullreference,0.08563808
120.5391,Nullreference,0.09018035
120.5501,Nullreference,0.08725519
120.561,Nullreference,0.08619963
120.5721,Nullreference,0.0872685
120.5832,Nullreference,0.07931076
120.5942,Nullreference,0.09049605
120.6053,Nullreference,0.1081072
120.6164,Nullreference,0.1163123
120.6276,Nullreference,0.1201324
120.6386,Nullreference,0.1172418
120.6499,Nullreference,0.1145188
120.6609,Nullreference,0.1141254
120.6721,Nullreference,0.1165327
120.6834,Nullreference,0.120655
120.6943,Nullreference,0.1282675
120.7053,Nullreference,0.131099
120.7165,Nullreference,0.1379987
120.7277,Nullreference,0.1344327
120.7386,Nullreference,0.1347148
120.7499,Nullreference,0.1322911
120.761,Nullreference,0.1314071
120.772,Nullreference,0.1271112
120.7834,Nullreference,0.1138099
120.7949,Nullreference,0.1046776
120.8055,Nullreference,0.09793225
120.8165,Nullreference,0.08561016
120.8276,Nullreference,0.0837996
120.8386,Nullreference,0.1083527
120.85,Nullreference,0.1387851
120.8609,Nullreference,0.1655298
120.8724,Nullreference,0.1859869
120.8832,Nullreference,0.2028158
120.894,Nullreference,0.2071928
120.9052,Nullreference,0.2106142
120.9164,Nullreference,0.2200997
120.9275,Nullreference,0.2236859
120.9386,Nullreference,0.2344505
120.9495,Nullreference,0.2506793
120.9606,Nullreference,0.2737805
120.9718,Nullreference,0.3082346
120.983,Nullreference,0.3690949
120.9947,Nullreference,0.4357994
121.0056,Nullreference,0.5353242
121.0162,Nullreference,0.6488332
121.0275,Nullreference,0.7562922
121.0376,Nullreference,0.9005661
121.0488,Nullreference,1.033829
121.0598,Nullreference,1.197014
121.0711,Nullreference,1.39135
121.0821,Nullreference,1.562484
121.0932,Nullreference,1.780882
121.1042,Collider_Roger_Body,1.96675
121.1153,Collider_Roger_Body,2.148261
121.1266,Collider_Roger_Body,2.331594
121.1374,Collider_Roger_Body,2.479274
121.1486,Collider_Roger_Body,2.620221
121.1597,Collider_Roger_Body,2.749597
121.1709,Collider_Roger_Body,2.836498
121.182,Collider_Roger_Body,2.910663
121.193,Nullreference,2.943228
121.2042,Nullreference,2.967353
121.2152,Nullreference,2.972405
121.2264,Nullreference,2.966748
121.2375,Cube,2.949607
121.2488,Nullreference,2.925167
121.2598,Nullreference,2.88092
121.2709,Nullreference,2.825812
121.2819,Nullreference,2.744345
121.2929,Nullreference,2.665639
121.3041,Nullreference,2.578588
121.3151,Nullreference,2.509236
121.3262,Nullreference,2.422208
121.3374,Nullreference,2.3378
121.3485,Nullreference,2.270692
121.3596,Nullreference,2.183526
121.3706,Nullreference,2.114748
121.3819,Nullreference,2.033582
121.393,Nullreference,1.978966
121.404,Nullreference,1.924431
121.4151,Nullreference,1.89163
121.4266,Nullreference,1.858035
121.4374,Nullreference,1.834082
121.4485,Nullreference,1.806195
121.4595,Nullreference,1.770389
121.4706,Nullreference,1.725788
121.4818,Nullreference,1.66107
121.4929,Nullreference,1.597561
121.5039,Nullreference,1.513795
121.515,Nullreference,1.410707
121.5261,Nullreference,1.319586
121.5372,Nullreference,1.209882
121.5484,Nullreference,1.127659
121.5597,Nullreference,1.021864
121.5705,Nullreference,0.9447901
121.5817,Nullreference,0.8650482
121.5928,Nullreference,0.8075122
121.6039,Nullreference,0.7325503
121.615,Nullreference,0.6725758
121.6262,Nullreference,0.6201451
121.6372,Nullreference,0.6009528
121.6483,Nullreference,0.5865915
121.6594,Nullreference,0.5796308
121.6705,Nullreference,0.5681281
121.6818,Nullreference,0.5570762
121.6926,Nullreference,0.5607255
121.7039,Nullreference,0.5756313
121.715,Nullreference,0.6159226
121.7261,Nullreference,0.6693441
121.7374,Nullreference,0.7319949
121.7482,Nullreference,0.819445
121.7593,Nullreference,0.8899822
121.7704,Nullreference,0.9855176
121.7815,Nullreference,1.048511
121.7927,Nullreference,1.111654
121.8038,Nullreference,1.152065
121.8149,Nullreference,1.193505
121.8261,Nullreference,1.217838
121.8372,Nullreference,1.245651
121.8481,Nullreference,1.264815
121.8593,Nullreference,1.286012
121.8704,Nullreference,1.298681
121.8815,Nullreference,1.304665
121.8926,Nullreference,1.310788
121.9038,Nullreference,1.313022
121.915,Nullreference,1.306528
121.926,Nullreference,1.280828
121.9371,Nullreference,1.235391
121.9481,Nullreference,1.179434
121.9598,Nullreference,1.092838
121.9705,Nullreference,1.018664
121.9815,Nullreference,0.9244623
121.9926,Nullreference,0.8422067
122.0037,Nullreference,0.7515873
122.0149,Nullreference,0.6754748
122.026,Nullreference,0.6293991
122.0371,Nullreference,0.5729913
122.0481,Nullreference,0.5239573
122.0592,Nullreference,0.4769429
122.0705,Nullreference,0.4354129
122.0815,Nullreference,0.3873225
122.0926,Nullreference,0.3528793
122.1037,Nullreference,0.3050739
122.1148,Nullreference,0.2661785
122.126,Nullreference,0.2400537
122.137,Nullreference,0.2147835
122.1481,Nullreference,0.2014126
122.1593,Nullreference,0.186554
122.1702,Nullreference,0.1764511
122.1814,Nullreference,0.1759551
122.1925,Nullreference,0.184721
122.2037,Nullreference,0.2007556
122.2147,Nullreference,0.2155465
122.2259,Nullreference,0.2391603
122.237,Nullreference,0.2589045
122.2481,Nullreference,0.3055157
122.2592,Nullreference,0.3515313
122.2706,Nullreference,0.4271752
122.2813,Nullreference,0.5458624
122.2924,Nullreference,0.6842918
122.3035,Nullreference,0.901777
122.3146,Nullreference,1.128964
122.3259,Nullreference,1.338368
122.3369,Nullreference,1.589591
122.348,Nullreference,1.803543
122.3591,Nullreference,1.986644
122.3702,Nullreference,2.165946
122.3815,Nullreference,2.297177
122.3924,Nullreference,2.445684
122.4037,Nullreference,2.602299
122.4146,Nullreference,2.737405
122.4258,Nullreference,2.889001
122.4369,Nullreference,2.97344
122.4479,Nullreference,3.006452
122.459,Nullreference,2.953684
122.4702,Nullreference,2.799934
122.4814,Nullreference,2.55606
122.4923,Nullreference,2.321356
122.5036,Nullreference,2.187325
122.5146,Nullreference,2.090966
122.5262,Nullreference,2.057216
122.5368,Nullreference,2.041439
122.5479,Nullreference,2.012964
122.559,Nullreference,1.936949
122.5703,Nullreference,1.849221
122.5812,Nullreference,1.708742
122.5923,Nullreference,1.552699
122.6034,Nullreference,1.42568
122.6145,Nullreference,1.291085
122.6256,Nullreference,1.19644
122.6367,Nullreference,1.093521
122.6476,Nullreference,1.016167
122.6587,Nullreference,0.9335675
122.6697,Nullreference,0.8621191
122.6808,Nullreference,0.8097484
122.692,Nullreference,0.7481371
122.7031,Nullreference,0.6840262
122.7141,Nullreference,0.6181656
122.7254,Nullreference,0.5329305
122.7364,Nullreference,0.466196
122.7476,Nullreference,0.4140413
122.7586,Nullreference,0.3907396
122.7696,Nullreference,0.3737698
122.7807,Nullreference,0.3541699
122.7919,Nullreference,0.3320896
122.8029,Nullreference,0.3162789
122.8141,Nullreference,0.291727
122.8253,Nullreference,0.2596584
122.8363,Nullreference,0.2297414
122.8474,Nullreference,0.2118617
122.8585,Nullreference,0.1993978
122.8698,Nullreference,0.1996737
122.8807,Nullreference,0.200243
122.8918,Nullreference,0.2019845
122.903,Nullreference,0.2013453
122.9143,Nullreference,0.1841441
122.9252,Nullreference,0.1628247
122.9362,Nullreference,0.1723563
122.9473,Nullreference,0.2307257
122.9585,Nullreference,0.3272701
122.9697,Nullreference,0.4421471
122.9806,Nullreference,0.5809497
122.9919,Nullreference,0.7109876
123.003,Nullreference,0.8154296
123.0141,Nullreference,0.9422952
123.0254,Nullreference,1.052542
123.0366,Nullreference,1.16459
123.0477,Nullreference,1.238285
123.0587,Nullreference,1.28285
123.0698,Nullreference,1.307931
123.0811,Nullreference,1.319455
123.0921,Nullreference,1.309029
123.1033,Nullreference,1.284435
123.1146,Nullreference,1.258065
123.1254,Nullreference,1.211953
123.1367,Nullreference,1.173552
123.1479,Nullreference,1.136758
123.1588,Nullreference,1.093366
123.1699,Nullreference,1.042868
123.1809,Nullreference,0.9638048
123.1922,Nullreference,0.8920919
123.2033,Nullreference,0.8109595
123.2142,Nullreference,0.7318532
123.2254,Nullreference,0.6745326
123.2365,Nullreference,0.6344081
123.2475,Nullreference,0.6222839
123.2588,Nullreference,0.6266052
123.2699,Nullreference,0.6494808
123.2811,Nullreference,0.6722553
123.292,Nullreference,0.6866451
123.3031,Nullreference,0.6845326
123.3142,Nullreference,0.6626948
123.3253,Nullreference,0.6394996
123.3364,Nullreference,0.6076115
123.3475,Nullreference,0.5746694
123.359,Nullreference,0.5168401
123.3697,Nullreference,0.4547375
123.3809,Nullreference,0.4079043
123.3921,Nullreference,0.3565723
123.4031,Nullreference,0.328009
123.4142,Nullreference,0.3090774
123.4254,Nullreference,0.3059038
123.4364,Nullreference,0.3003114
123.4475,Nullreference,0.2892733
123.4587,Nullreference,0.2904758
123.4697,Nullreference,0.3015623
123.4809,Nullreference,0.307633
123.492,Nullreference,0.317654
123.5031,Nullreference,0.329872
123.5142,Nullreference,0.3479766
123.5254,Nullreference,0.351803
123.5363,Nullreference,0.3419749
123.5475,Nullreference,0.3183161
123.5587,Nullreference,0.2782912
123.5698,Nullreference,0.2334643
123.5808,Nullreference,0.2116529
123.5919,Nullreference,0.2285188
123.603,Nullreference,0.2528666
123.6142,Nullreference,0.2937129
123.6252,Nullreference,0.3481079
123.6364,Nullreference,0.4077369
123.6474,Nullreference,0.4772091
123.6587,Nullreference,0.5359153
123.6696,Nullreference,0.6068014
123.6807,Nullreference,0.6608872
123.6919,Nullreference,0.7078044
123.7032,Nullreference,0.7534755
123.7143,Nullreference,0.8072929
123.7253,Nullreference,0.8824843
123.7364,Nullreference,0.9685629
123.7473,Nullreference,1.044835
123.759,Nullreference,1.130652
123.7697,Nullreference,1.176948
123.781,Nullreference,1.188205
123.7919,Nullreference,1.161359
123.803,Nullreference,1.112858
123.814,Nullreference,1.060284
123.8251,Nullreference,1.010892
123.8363,Nullreference,0.9671078
123.8473,Nullreference,0.9351064
123.8584,Nullreference,0.9210091
123.8696,Nullreference,0.910176
123.8807,Nullreference,0.8888174
123.8918,Nullreference,0.8546065
123.9028,Nullreference,0.8218946
123.9139,Nullreference,0.8029319
123.9254,Nullreference,0.7974027
123.9361,Nullreference,0.8000401
123.9471,Nullreference,0.7829971
123.9581,Nullreference,0.7444907
123.9692,Nullreference,0.7036946
123.9802,Nullreference,0.6763772
123.9914,Nullreference,0.6598419
124.0025,Nullreference,0.6544
124.0135,Nullreference,0.6338242
124.0247,Nullreference,0.6225929
124.0358,Nullreference,0.6083959
124.0471,Nullreference,0.5836172
124.058,Nullreference,0.5361251
124.0691,Nullreference,0.4874784
124.0802,Nullreference,0.4383807
124.0913,Nullreference,0.4264547
124.1023,Nullreference,0.436321
124.1136,Nullreference,0.4640965
124.1248,Nullreference,0.525934
124.1359,Nullreference,0.5875913
124.1469,Nullreference,0.6412516
124.1581,Nullreference,0.7165304
124.1692,Nullreference,0.7899041
124.1804,Nullreference,0.8637366
124.1917,Nullreference,0.930949
124.2027,Nullreference,0.9799275
124.2137,Nullreference,1.023063
124.225,Nullreference,1.05738
124.236,Nullreference,1.103055
124.2472,Nullreference,1.129198
124.2582,Nullreference,1.145169
124.2694,Nullreference,1.143433
124.2806,Nullreference,1.127086
124.2918,Nullreference,1.108964
124.3027,Nullreference,1.082077
124.3138,Nullreference,1.059951
124.325,Nullreference,1.034629
124.336,Nullreference,1.015794
124.3471,Nullreference,1.011069
124.3583,Nullreference,1.007098
124.3693,Nullreference,1.006524
124.3804,Nullreference,1.022079
124.3916,Nullreference,1.045679
124.403,Nullreference,1.0808
124.4138,Nullreference,1.135436
124.4248,Nullreference,1.198486
124.436,Nullreference,1.242179
124.4471,Nullreference,1.293568
124.4582,Nullreference,1.333729
124.4692,Nullreference,1.37915
124.4804,Nullreference,1.406946
124.4915,Nullreference,1.455962
124.5027,Nullreference,1.532935
124.5136,Nullreference,1.615483
124.5248,Nullreference,1.73777
124.5359,Nullreference,1.839548
124.5471,Nullreference,1.939264
124.5581,Nullreference,2.014021
124.5693,Nullreference,2.054119
124.5803,Nullreference,2.078477
124.5914,Nullreference,2.078004
124.6026,Nullreference,2.070584
124.6136,Nullreference,2.053439
124.6246,Nullreference,2.037347
124.6357,Nullreference,2.015841
124.6467,Nullreference,1.999792
124.6579,Nullreference,1.98784
124.669,Nullreference,1.974355
124.68,Nullreference,1.967873
124.691,Nullreference,1.961414
124.7024,Nullreference,1.942558
124.7133,Nullreference,1.936566
124.7244,Nullreference,1.921828
124.7356,Nullreference,1.894845
124.7466,Nullreference,1.858002
124.7579,Nullreference,1.831915
124.7693,Nullreference,1.824761
124.78,Nullreference,1.819841
124.7912,Nullreference,1.813721
124.8022,Nullreference,1.819744
124.8133,Nullreference,1.853143
124.826,Nullreference,1.918295
124.837,Nullreference,2.019305
124.8481,Nullreference,2.111475
124.8594,Nullreference,2.210011
124.8707,Nullreference,2.29323
124.8813,Nullreference,2.345903
124.8924,Nullreference,2.41724
124.9034,Nullreference,2.464987
124.9145,Nullreference,2.534779
124.9256,Nullreference,2.604095
124.9367,Nullreference,2.666704
124.948,Nullreference,2.756763
124.9592,Nullreference,2.838887
124.9701,Nullreference,2.926562
124.9811,Nullreference,3.00073
124.9922,Nullreference,3.055224
125.0032,Nullreference,3.104322
125.0144,Nullreference,3.143415
125.0255,Nullreference,3.192413
125.0365,Nullreference,3.233011
125.0475,Nullreference,3.277866
125.0591,Nullreference,3.312968
125.0694,Nullreference,3.337618
125.0805,Nullreference,3.351756
125.0917,Nullreference,3.341432
125.1028,Nullreference,3.310601
125.1139,Nullreference,3.275048
125.125,Nullreference,3.228509
125.1361,Nullreference,3.169852
125.1472,Nullreference,3.125294
125.1583,Nullreference,3.069124
125.1693,Nullreference,3.008414
125.1803,Nullreference,2.951551
125.1914,Nullreference,2.877928
125.2026,Nullreference,2.815169
125.2133,Nullreference,2.734893
125.2244,Nullreference,2.647209
125.2355,Nullreference,2.566358
125.2465,Nullreference,2.464443
125.2577,Nullreference,2.385519
125.2687,Nullreference,2.290859
125.28,Nullreference,2.221967
125.2909,Nullreference,2.135301
125.3021,Nullreference,2.049915
125.3132,Nullreference,1.942389
125.3244,Nullreference,1.85253
125.3354,Nullreference,1.731379
125.3468,Nullreference,1.624865
125.3579,Nullreference,1.491628
125.3685,Nullreference,1.384782
125.3797,Nullreference,1.252006
125.3909,Nullreference,1.13311
125.4019,Nullreference,1.048368
125.413,Nullreference,0.95328
125.4242,Nullreference,0.8859288
125.4353,Nullreference,0.7977359
125.4463,Nullreference,0.7340353
125.4575,Nullreference,0.6693225
125.4686,Nullreference,0.6192778
125.4798,Nullreference,0.5921152
125.4907,Nullreference,0.5608011
125.502,Nullreference,0.5349991
125.513,Nullreference,0.4999737
125.5242,Nullreference,0.4654766
125.5352,Nullreference,0.4361853
125.5463,Nullreference,0.4008039
125.5574,Nullreference,0.3742527
125.5686,Nullreference,0.369665
125.5796,Nullreference,0.3799127
125.5908,Nullreference,0.4060731
125.6023,Nullreference,0.4379247
125.6129,Nullreference,0.4729584
125.6241,Nullreference,0.4924943
125.6354,Nullreference,0.4962555
125.6462,Nullreference,0.5075943
125.6573,Nullreference,0.5066038
125.6684,Nullreference,0.4981569
125.6796,Nullreference,0.4899604
125.6906,Nullreference,0.4827104
125.7022,Nullreference,0.4704325
125.7129,Nullreference,0.4314087
125.7242,Nullreference,0.3815647
125.7351,Nullreference,0.3409949
125.7462,Nullreference,0.2773816
125.7575,Nullreference,0.2328435
125.7684,Nullreference,0.189071
125.7797,Nullreference,0.1487849
125.7907,Nullreference,0.1142697
125.8018,Nullreference,0.1189391
125.8128,Nullreference,0.1305121
125.824,Nullreference,0.1533336
125.8351,Nullreference,0.1577617
125.8463,Nullreference,0.1533786
125.8573,Nullreference,0.1459116
125.8685,Nullreference,0.1587098
125.8794,Nullreference,0.1848602
125.8905,Nullreference,0.2320818
125.9017,Nullreference,0.2716086
125.9128,Nullreference,0.3133776
125.924,Nullreference,0.3457112
125.9353,Nullreference,0.3787379
125.9461,Nullreference,0.4279741
125.9575,Nullreference,0.4770601
125.9683,Nullreference,0.5498241
125.9795,Nullreference,0.6349261
125.9906,Nullreference,0.7716051
126.0016,Nullreference,0.9245573
126.0127,Nullreference,1.106193
126.0239,Nullreference,1.353486
126.0351,Nullreference,1.618886
126.0461,Nullreference,1.832941
126.0572,Nullreference,2.069888
126.0684,Nullreference,2.254292
126.0794,Nullreference,2.4594
126.0906,Nullreference,2.631065
126.1018,Nullreference,2.815765
126.1128,Nullreference,2.976819
126.1241,Nullreference,3.075773
126.1353,Nullreference,3.162003
126.1463,Nullreference,3.223822
126.1576,Nullreference,3.250217
126.1686,Nullreference,3.262701
126.1798,Nullreference,3.256136
126.1911,Nullreference,3.240535
126.202,Nullreference,3.218104
126.2131,Nullreference,3.201628
126.2244,Nullreference,3.181655
126.2355,Nullreference,3.138673
126.2466,Nullreference,3.05776
126.2578,Nullreference,2.988537
126.2688,Nullreference,2.901651
126.2801,Nullreference,2.79563
126.2908,Nullreference,2.675491
126.3019,Nullreference,2.565894
126.3131,Nullreference,2.417227
126.3243,Nullreference,2.237232
126.3354,Nullreference,1.961566
126.3464,Nullreference,1.703567
126.3576,Nullreference,1.388928
126.3686,Nullreference,1.116882
126.3796,Nullreference,0.9508206
126.3907,Nullreference,0.8200594
126.4018,Nullreference,0.7172738
126.4129,Nullreference,0.6203171
126.424,Nullreference,0.5399703
126.4352,Nullreference,0.413115
126.4462,Nullreference,0.3096928
126.4573,Nullreference,0.2506218
126.4684,Nullreference,0.2891271
126.4797,Nullreference,0.3851393
126.4907,Nullreference,0.4633612
126.5018,Nullreference,0.552691
126.5129,Nullreference,0.6251184
126.5243,Nullreference,0.7115401
126.535,Nullreference,0.8116036
126.5472,Nullreference,0.9205769
126.5573,Nullreference,1.049062
126.5684,Nullreference,1.202151
126.5796,Nullreference,1.342467
126.5909,Nullreference,1.4473
126.602,Nullreference,1.552174
126.6131,Nullreference,1.636876
126.6243,Nullreference,1.718253
126.6353,Nullreference,1.784036
126.6464,Nullreference,1.832273
126.6575,Nullreference,1.894575
126.6686,Nullreference,1.951893
126.6799,Nullreference,2.009144
126.6908,Nullreference,2.05334
126.7022,Nullreference,2.096306
126.7131,Nullreference,2.120293
126.7244,Nullreference,2.131015
126.7353,Nullreference,2.14105
126.7466,Nullreference,2.149344
126.758,Nullreference,2.148669
126.7688,Nullreference,2.151047
126.7798,Nullreference,2.162301
126.7914,Nullreference,2.171166
126.8024,Nullreference,2.161777
126.8134,Nullreference,2.149215
126.8246,Nullreference,2.139161
126.8359,Nullreference,2.115464
126.8469,Nullreference,2.081332
126.858,Nullreference,2.038014
126.869,Nullreference,1.976738
126.8805,Nullreference,1.921149
126.8913,Nullreference,1.862473
126.9023,Nullreference,1.811916
126.9135,Nullreference,1.758315
126.925,Nullreference,1.69976
126.9358,Nullreference,1.659034
126.9468,Nullreference,1.618209
126.958,Nullreference,1.593413
126.9691,Nullreference,1.564051
126.9802,Nullreference,1.535734
126.9913,Nullreference,1.500907
127.0025,Nullreference,1.479717
127.0135,Nullreference,1.456542
127.0247,Nullreference,1.400101
127.0359,Nullreference,1.347291
127.0468,Nullreference,1.299605
127.058,Nullreference,1.250431
127.0699,Nullreference,1.22217
127.0803,Nullreference,1.197873
127.0914,Nullreference,1.181396
127.1025,Nullreference,1.165359
127.1136,Nullreference,1.128866
127.1249,Nullreference,1.098233
127.1359,Nullreference,1.065282
127.1471,Nullreference,1.034044
127.1581,Nullreference,1.005376
127.1693,Nullreference,0.9706848
127.1803,Nullreference,0.9443736
127.1915,Nullreference,0.914596
127.2026,Nullreference,0.8797275
127.2137,Nullreference,0.8488087
127.2254,Nullreference,0.7972702
127.2359,Nullreference,0.7541625
127.247,Nullreference,0.7118085
127.2581,Nullreference,0.664733
127.2691,Nullreference,0.6232221
127.2802,Nullreference,0.588473
127.2914,Nullreference,0.5587239
127.3025,Nullreference,0.5288276
127.3137,Nullreference,0.5081165
127.3247,Nullreference,0.4912596
127.336,Nullreference,0.4705323
127.3472,Nullreference,0.4570595
127.3581,Nullreference,0.4350963
127.3692,Nullreference,0.4146017
127.3802,Nullreference,0.3940656
127.3916,Nullreference,0.379791
127.4025,Nullreference,0.3791792
127.4137,Nullreference,0.380677
127.4247,Nullreference,0.3830138
127.4359,Nullreference,0.3863131
127.4472,Nullreference,0.3909641
127.4581,Nullreference,0.3981273
127.4696,Nullreference,0.3868152
127.4802,Nullreference,0.3739769
127.4915,Nullreference,0.3729788
127.5025,Nullreference,0.3625248
127.5135,Nullreference,0.3473931
127.5248,Nullreference,0.3378063
127.5359,Nullreference,0.3370942
127.547,Nullreference,0.341798
127.558,Nullreference,0.3445357
127.5693,Nullreference,0.3514477
127.5804,Nullreference,0.3544845
127.5914,Nullreference,0.3550032
127.6024,Nullreference,0.3675573
127.6135,Nullreference,0.3629215
127.6247,Nullreference,0.3592504
127.6362,Nullreference,0.3533019
127.6469,Nullreference,0.3368365
127.6582,Nullreference,0.327719
127.669,Nullreference,0.3131906
127.6804,Nullreference,0.3065043
127.6913,Nullreference,0.2999207
127.7026,Nullreference,0.2973203
127.7138,Nullreference,0.303168
127.7248,Nullreference,0.3134075
127.7356,Nullreference,0.3307392
127.7457,Collider_Roger_Body,0.3611481
127.7571,Collider_Roger_Body,0.3844754
127.7679,Collider_Roger_Body,0.4169463
127.7789,Collider_Roger_Body,0.447831
127.79,Collider_Roger_Body,0.4627541
127.8013,Collider_Roger_Body,0.4829698
127.8123,Collider_Roger_Body,0.5011011
127.8232,Collider_Roger_Body,0.5219505
127.8344,Collider_Roger_Body,0.5446482
127.8456,Collider_Roger_Body,0.5638499
127.8565,Collider_Roger_Body,0.5803206
127.8676,Collider_Roger_Body,0.6055678
127.8787,Collider_Roger_Body,0.6383025
127.8898,Collider_Roger_Body,0.6684153
127.9011,Nullreference,0.6952437
127.9121,Nullreference,0.7180948
127.9233,Nullreference,0.7211725
127.9342,Nullreference,0.721917
127.9453,Nullreference,0.7050256
127.9564,Nullreference,0.6865656
127.9675,Nullreference,0.6517295
127.9786,Nullreference,0.6155978
127.9898,Nullreference,0.5707487
128.0008,Nullreference,0.525861
128.0119,Nullreference,0.4926244
128.0231,Nullreference,0.4441097
128.0341,Collider_Roger_Body,0.4054108
128.0453,Collider_Roger_Body,0.3449755
128.0565,Collider_Roger_Body,0.2800863
128.0674,Collider_Roger_Body,0.2054168
128.0786,Collider_Roger_Body,0.1407368
128.0897,Collider_Roger_Body,0.08996332
128.1008,Collider_Roger_Body,0.08216037
128.1119,Collider_Roger_Body,0.1207841
128.1231,Collider_Roger_Body,0.1804038
128.1341,Collider_Roger_Body,0.2141394
128.1452,Collider_Roger_Body,0.2509243
128.1564,Collider_Roger_Body,0.2711323
128.1674,Collider_Roger_Body,0.3002701
128.1785,Collider_Roger_Body,0.3228837
128.1897,Collider_Roger_Body,0.3476811
128.2008,Collider_Roger_Body,0.3759087
128.2119,Collider_Roger_Body,0.4099117
128.2231,Collider_Roger_Body,0.4362548
128.2342,Collider_Roger_Body,0.4631463
128.2451,Collider_Roger_Body,0.4739088
128.2564,Collider_Roger_Body,0.4835295
128.2674,Collider_Roger_Body,0.4811025
128.2787,Collider_Roger_Body,0.4729504
128.2897,Collider_Roger_Body,0.4489245
128.3008,Collider_Roger_Body,0.4249805
128.3118,Collider_Roger_Body,0.4006023
128.323,Collider_Roger_Body,0.3638
128.334,Collider_Roger_Body,0.3388107
128.3452,Collider_Roger_Body,0.3010761
128.3566,Collider_Roger_Body,0.2822928
128.3674,Collider_Roger_Body,0.2628407
128.3786,Collider_Roger_Body,0.2448102
128.3896,Collider_Roger_Body,0.2379191
128.4007,Collider_Roger_Body,0.2351549
128.4118,Collider_Roger_Body,0.2427804
128.423,Collider_Roger_Body,0.2597888
128.4341,Collider_Roger_Body,0.2753595
128.4452,Collider_Roger_Body,0.2964121
128.4563,Collider_Roger_Body,0.3154175
128.4674,Collider_Roger_Body,0.34369
128.4785,Collider_Roger_Body,0.3646525
128.4898,Collider_Roger_Body,0.3907307
128.5007,Collider_Roger_Body,0.413681
128.5118,Collider_Roger_Body,0.4315898
128.5232,Collider_Roger_Body,0.4533121
128.5343,Collider_Roger_Body,0.4616815
128.5453,Collider_Roger_Body,0.4752931
128.5565,Collider_Roger_Body,0.4891187
128.5675,Collider_Roger_Body,0.5055488
128.5787,Collider_Roger_Body,0.5183112
128.5898,Collider_Roger_Body,0.5277571
128.6007,Collider_Roger_Body,0.5388407
128.612,Collider_Roger_Body,0.5546196
128.6231,Collider_Roger_Body,0.5620148
128.6343,Collider_Roger_Body,0.565708
128.6453,Collider_Roger_Body,0.5673673
128.6563,Collider_Roger_Body,0.5693642
128.6675,Collider_Roger_Body,0.5682456
128.6786,Collider_Roger_Body,0.558044
128.6898,Collider_Roger_Body,0.5498683
128.701,Collider_Roger_Body,0.5372036
128.712,Collider_Roger_Body,0.5300027
128.7231,Collider_Roger_Body,0.5224322
128.7343,Collider_Roger_Body,0.5087658
128.7454,Collider_Roger_Body,0.4931052
128.7563,Collider_Roger_Body,0.4869599
128.7679,Collider_Roger_Body,0.4704565
128.7786,Collider_Roger_Body,0.4544967
128.7897,Collider_Roger_Body,0.4379993
128.8008,Collider_Roger_Body,0.4225456
128.812,Collider_Roger_Body,0.4024851
128.8231,Collider_Roger_Body,0.3835366
128.8342,Collider_Roger_Body,0.3651331
128.8452,Collider_Roger_Body,0.341464
128.8563,Collider_Roger_Body,0.3229845
128.8675,Collider_Roger_Body,0.3086931
128.8786,Collider_Roger_Body,0.2953045
128.8897,Collider_Roger_Body,0.2766276
128.901,Collider_Roger_Body,0.2584478
128.9119,Collider_Roger_Body,0.2410122
128.9231,Collider_Roger_Body,0.223967
128.9346,Collider_Roger_Body,0.2044308
128.9452,Collider_Roger_Body,0.1862426
128.9564,Collider_Roger_Body,0.1637367
128.9675,Collider_Roger_Body,0.1440435
128.9785,Collider_Roger_Body,0.1262255
128.9896,Collider_Roger_Body,0.1158566
129.0008,Collider_Roger_Body,0.1094518
129.0119,Collider_Roger_Body,0.105462
129.0229,Collider_Roger_Body,0.102341
129.0343,Collider_Roger_Body,0.09479937
129.0453,Collider_Roger_Body,0.08835875
129.0564,Collider_Roger_Body,0.09135552
129.0683,Collider_Roger_Body,0.1005055
129.0786,Collider_Roger_Body,0.1146828
129.09,Collider_Roger_Body,0.1275232
129.1008,Collider_Roger_Body,0.1422592
129.1118,Collider_Roger_Body,0.1618193
129.123,Collider_Roger_Body,0.1841816
129.1341,Collider_Roger_Body,0.2127537
129.1451,Collider_Roger_Body,0.2445866
129.1563,Collider_Roger_Body,0.2687293
129.1674,Collider_Roger_Body,0.2983989
129.1784,Collider_Roger_Body,0.3119352
129.1895,Collider_Roger_Body,0.3276424
129.2011,Collider_Roger_Body,0.3316478
129.2118,Collider_Roger_Body,0.3322583
129.2232,Collider_Roger_Body,0.3289836
129.234,Collider_Roger_Body,0.3233806
129.2451,Collider_Roger_Body,0.3085843
129.2562,Collider_Roger_Body,0.2940739
129.2673,Collider_Roger_Body,0.2833983
129.2784,Collider_Roger_Body,0.2706516
129.2896,Collider_Roger_Body,0.2599765
129.3006,Collider_Roger_Body,0.2593196
129.3118,Collider_Roger_Body,0.2539792
129.3228,Collider_Roger_Body,0.2545167
129.3343,Collider_Roger_Body,0.2573087
129.3452,Collider_Roger_Body,0.2508985
129.3562,Collider_Roger_Body,0.2497872
129.3673,Collider_Roger_Body,0.2490123
129.3784,Collider_Roger_Body,0.2629529
129.3898,Collider_Roger_Body,0.2790707
129.4006,Collider_Roger_Body,0.2967885
129.4117,Collider_Roger_Body,0.3317901
129.4228,Collider_Roger_Body,0.359084
129.4339,Collider_Roger_Body,0.3885439
129.445,Collider_Roger_Body,0.4044745
129.4563,Collider_Roger_Body,0.4075687
129.4673,Collider_Roger_Body,0.3930907
129.4783,Collider_Roger_Body,0.3703406
129.4895,Collider_Roger_Body,0.3375854
129.5005,Collider_Roger_Body,0.3005516
129.5119,Collider_Roger_Body,0.262401
129.5229,Collider_Roger_Body,0.2456331
129.534,Nullreference,0.2325191
129.5452,Nullreference,0.2205744
129.5564,Nullreference,0.2203275
129.5675,Nullreference,0.2228039
129.5785,Nullreference,0.221577
129.5896,Nullreference,0.2204723
129.6007,Nullreference,0.2096199
129.6124,Nullreference,0.1861563
129.623,Nullreference,0.1693941
129.6341,Nullreference,0.1569048
129.6453,Nullreference,0.1426616
129.6564,Nullreference,0.1346482
129.6674,Nullreference,0.1289043
129.6786,Nullreference,0.1248172
129.6896,Nullreference,0.1184208
129.7007,Nullreference,0.1269089
129.7117,Nullreference,0.1334805
129.7228,Nullreference,0.139456
129.7339,Nullreference,0.1488694
129.745,Nullreference,0.1573775
129.7562,Nullreference,0.1548553
129.7672,Nullreference,0.1611006
129.7784,Nullreference,0.1689706
129.7895,Nullreference,0.178053
129.8005,Nullreference,0.1937961
129.8119,Nullreference,0.2124389
129.8232,Nullreference,0.2360737
129.8343,Nullreference,0.2563385
129.845,Nullreference,0.2724178
129.8561,Nullreference,0.2828761
129.8671,Nullreference,0.2868349
129.8783,Nullreference,0.2806713
129.8894,Nullreference,0.2712886
129.9005,Nullreference,0.2668603
129.9116,Nullreference,0.2624158
129.9227,Nullreference,0.2585303
129.9338,Nullreference,0.2652096
129.9453,Nullreference,0.2865331
129.9561,Nullreference,0.3121533
129.9672,Nullreference,0.3460002
129.9783,Nullreference,0.3791793
129.9894,Nullreference,0.4190213
130.0005,Nullreference,0.454091
130.0115,Nullreference,0.4762143
130.0229,Nullreference,0.4895956
130.0338,Nullreference,0.4916477
130.0451,Nullreference,0.4888559
130.0561,Nullreference,0.4813217
130.0673,Nullreference,0.4691829
130.0783,Nullreference,0.448988
130.0894,Nullreference,0.4286165
130.1006,Nullreference,0.4024547
130.1116,Nullreference,0.3825089
130.1226,Nullreference,0.3667879
130.1337,Nullreference,0.3361496
130.145,Nullreference,0.3102427
130.156,Nullreference,0.2856216
130.1672,Nullreference,0.2588772
130.1782,Nullreference,0.2353695
130.1893,Nullreference,0.2096338
130.2004,Nullreference,0.181308
130.2114,Nullreference,0.1644247
130.2226,Nullreference,0.1455491
130.2336,Nullreference,0.1311711
130.2451,Nullreference,0.1210588
130.256,Nullreference,0.1097453
130.2669,Nullreference,0.10678
130.2781,Nullreference,0.09306433
130.2892,Nullreference,0.0976836
130.3004,Nullreference,0.09751837
130.3114,Nullreference,0.1001714
130.3226,Nullreference,0.1087774
130.3337,Nullreference,0.1097605
130.3448,Nullreference,0.1171456
130.3559,Nullreference,0.1260909
130.367,Nullreference,0.1302711
130.3782,Nullreference,0.130437
130.3892,Nullreference,0.1246066
130.4003,Nullreference,0.119334
130.4114,Nullreference,0.1161812
130.4225,Nullreference,0.1059133
130.4335,Nullreference,0.1039394
130.4447,Nullreference,0.09740863
130.4559,Nullreference,0.09615476
130.4669,Nullreference,0.09066296
130.4779,Nullreference,0.09574445
130.4891,Nullreference,0.09410422
130.5004,Nullreference,0.09538721
130.5113,Nullreference,0.1005755
130.5226,Nullreference,0.1044251
130.5335,Nullreference,0.09979692
130.5446,Nullreference,0.1026868
130.5558,Nullreference,0.09749745
130.5669,Nullreference,0.09007882
130.5782,Nullreference,0.0882785
130.5892,Nullreference,0.08418291
130.6002,Nullreference,0.0798758
130.6113,Nullreference,0.06935433
130.6224,Nullreference,0.06469841
130.6336,Nullreference,0.06574253
130.6445,Nullreference,0.06668408
130.6557,Nullreference,0.06971987
130.6668,Nullreference,0.07392389
130.678,Nullreference,0.07294454
130.689,Nullreference,0.06910188
130.7003,Nullreference,0.06124304
130.7112,Nullreference,0.06074825
130.7224,Nullreference,0.06456492
130.7334,Nullreference,0.06774922
130.7453,Nullreference,0.07550148
130.7557,Nullreference,0.07222213
130.7668,Nullreference,0.07163365
130.7779,Nullreference,0.0733058
130.7893,Nullreference,0.06780554
130.8002,Nullreference,0.06770542
130.8115,Nullreference,0.07132575
130.8224,Nullreference,0.06965641
130.8335,Nullreference,0.07065997
130.8446,Nullreference,0.07404222
130.8559,Nullreference,0.07656121
130.8668,Nullreference,0.08068745
130.8778,Nullreference,0.08335387
130.889,Nullreference,0.08022298
130.9,Nullreference,0.0822641
130.9112,Nullreference,0.08419576
130.9223,Nullreference,0.08646207
130.9334,Nullreference,0.08545565
130.9446,Nullreference,0.08834687
130.9556,Nullreference,0.09494179
130.9666,Nullreference,0.1020695
130.9778,Nullreference,0.1081195
130.9888,Nullreference,0.1155588
131,Nullreference,0.1194788
131.0111,Nullreference,0.1227858
131.0222,Nullreference,0.1280829
131.0335,Nullreference,0.1329986
131.0444,Nullreference,0.1409964
131.0555,Nullreference,0.1454966
131.0667,Nullreference,0.144408
131.0779,Nullreference,0.1387301
131.0889,Nullreference,0.1403272
131.0999,Nullreference,0.1433695
131.111,Nullreference,0.1370644
131.1222,Nullreference,0.1377881
131.1333,Nullreference,0.1331219
131.1443,Nullreference,0.1262292
131.1556,Nullreference,0.1218584
131.1666,Nullreference,0.1113211
131.1777,Nullreference,0.1029921
131.1888,Nullreference,0.09824643
131.1999,Nullreference,0.09417111
131.2111,Nullreference,0.08086541
131.2221,Nullreference,0.076533
131.2334,Nullreference,0.07213127
131.2443,Nullreference,0.06283394
131.2555,Nullreference,0.06182811
131.2665,Nullreference,0.06286843
131.2777,Nullreference,0.06201058
131.2888,Nullreference,0.06513126
131.2998,Nullreference,0.06003061
131.3111,Nullreference,0.06552981
131.3221,Nullreference,0.05916123
131.3332,Nullreference,0.06016853
131.3443,Nullreference,0.06185256
131.3554,Nullreference,0.0618772
131.3665,Nullreference,0.06203662
131.3776,Nullreference,0.07148538
131.3888,Nullreference,0.07566307
131.3998,Nullreference,0.07889386
131.4112,Nullreference,0.07923096
131.4221,Nullreference,0.08384687
131.4333,Nullreference,0.08089933
131.4444,Nullreference,0.08267891
131.4555,Nullreference,0.08005247
131.4665,Nullreference,0.07996207
131.4777,Nullreference,0.07782745
131.4887,Nullreference,0.0784055
131.4997,Nullreference,0.07477641
131.5111,Nullreference,0.07128846
131.5221,Nullreference,0.06542399
131.5332,Nullreference,0.05750097
131.5444,Nullreference,0.05435373
131.5555,Nullreference,0.05025505
131.5664,Nullreference,0.04391858
131.5776,Nullreference,0.03792882
131.5887,Nullreference,0.03018841
131.5997,Nullreference,0.03321603
131.6108,Nullreference,0.03753542
131.622,Nullreference,0.03590085
131.6331,Nullreference,0.03793884
131.6442,Nullreference,0.03710664
131.6553,Nullreference,0.03680631
131.6664,Nullreference,0.04182924
131.6775,Nullreference,0.05075096
131.6886,Nullreference,0.06101496
131.6997,Nullreference,0.07315963
131.7108,Nullreference,0.09366575
131.7219,Nullreference,0.1164203
131.7329,Nullreference,0.1462456
131.7441,Nullreference,0.1693429
131.7554,Nullreference,0.192113
131.7663,Nullreference,0.1877615
131.7775,Nullreference,0.1791632
131.7886,Nullreference,0.1633944
131.7997,Nullreference,0.1409655
131.8107,Nullreference,0.1220554
131.8218,Nullreference,0.1140584
131.8331,Nullreference,0.1129797
131.8442,Nullreference,0.1074191
131.8553,Nullreference,0.1061036
131.8663,Nullreference,0.1071617
131.8775,Nullreference,0.1008514
131.8885,Nullreference,0.09086856
131.8996,Nullreference,0.0874653
131.9108,Nullreference,0.08097455
131.9219,Nullreference,0.06492098
131.933,Nullreference,0.05547984
131.9442,Nullreference,0.03893792
131.9553,Nullreference,0.03110941
131.9663,Nullreference,0.02681947
131.9773,Nullreference,0.02942401
131.9885,Nullreference,0.03261493
131.9997,Nullreference,0.03894132
132.0111,Nullreference,0.04310753
132.0218,Nullreference,0.05243452
132.0329,Nullreference,0.05099157
132.044,Nullreference,0.055032
132.0551,Nullreference,0.05978472
132.0662,Nullreference,0.06961582
132.0773,Nullreference,0.07862673
132.0884,Nullreference,0.08145374
132.0994,Nullreference,0.08898114
132.1107,Nullreference,0.08625992
132.1219,Nullreference,0.08666591
132.1328,Nullreference,0.08309972
132.1439,Nullreference,0.06980868
132.1552,Nullreference,0.06062842
132.1663,Nullreference,0.04925559
132.1774,Nullreference,0.04272116
132.1883,Nullreference,0.03410492
132.1994,Nullreference,0.02325822
132.2106,Nullreference,0.01763899
132.2217,Nullreference,0.02261907
132.2327,Nullreference,0.03137724
132.2439,Nullreference,0.03487336
132.2551,Nullreference,0.0381257
132.2661,Nullreference,0.04841828
132.2772,Nullreference,0.0478461
132.2883,Nullreference,0.05180369
132.2994,Nullreference,0.05313506
132.3105,Nullreference,0.06378817
132.3217,Nullreference,0.06518114
132.3326,Nullreference,0.06495154
132.3438,Nullreference,0.06484437
132.3549,Nullreference,0.06147698
132.3661,Nullreference,0.05832368
132.3772,Nullreference,0.05662513
132.3883,Nullreference,0.05166123
132.3993,Nullreference,0.04490236
132.4104,Nullreference,0.03214101
132.4215,Nullreference,0.03021432
132.4328,Nullreference,0.02575581
132.4438,Nullreference,0.0262914
132.455,Nullreference,0.03896278
132.466,Nullreference,0.04505417
132.4771,Nullreference,0.06146254
132.4884,Nullreference,0.08493187
132.4994,Nullreference,0.1143511
132.5107,Nullreference,0.1476156
132.5215,Nullreference,0.1996602
132.5326,Nullreference,0.2610861
132.5437,Nullreference,0.3513825
132.5548,Nullreference,0.4935207
132.566,Nullreference,0.6874543
132.5771,Nullreference,0.8854226
132.5883,Nullreference,1.142619
132.5993,Nullreference,1.408565
132.6104,Nullreference,1.592947
132.6214,Nullreference,1.7715
132.6326,Nullreference,1.883359
132.6438,Nullreference,1.982645
132.6548,Nullreference,2.03173
132.6662,Nullreference,2.06279
132.677,Nullreference,2.080745
132.6881,Nullreference,2.118824
132.6993,Nullreference,2.155226
132.7103,Nullreference,2.222843
132.7214,Nullreference,2.292262
132.7332,Nullreference,2.368889
132.7435,Nullreference,2.4525
132.7548,Nullreference,2.522664
132.7659,Nullreference,2.604216
132.7771,Nullreference,2.663467
132.7881,Nullreference,2.748693
132.7991,Nullreference,2.822259
132.8103,Nullreference,2.887722
132.8215,Nullreference,2.939179
132.8322,Nullreference,2.95967
132.8435,Nullreference,2.957659
132.8548,Nullreference,2.935787
132.8654,Nullreference,2.91679
132.8765,Nullreference,2.889591
132.8874,Nullreference,2.846604
132.8987,Nullreference,2.789264
132.9096,Nullreference,2.710401
132.9208,Nullreference,2.611064
132.9319,Nullreference,2.526214
132.9431,Nullreference,2.418517
132.9541,Nullreference,2.334664
132.9653,Nullreference,2.240771
132.9765,Nullreference,2.14977
132.9875,Nullreference,2.076866
132.9987,Nullreference,1.976669
133.0099,Nullreference,1.911255
133.0211,Nullreference,1.830948
133.032,Nullreference,1.757913
133.0433,Nullreference,1.705012
133.0543,Nullreference,1.649936
133.0655,Nullreference,1.595629
133.0765,Nullreference,1.541092
133.088,Nullreference,1.481923
133.099,Nullreference,1.43237
133.1099,Nullreference,1.37217
133.121,Nullreference,1.320289
133.1321,Nullreference,1.251833
133.1434,Nullreference,1.200624
133.1545,Nullreference,1.130836
133.1653,Nullreference,1.059025
133.1766,Nullreference,0.9995676
133.1876,Nullreference,0.9145101
133.1988,Nullreference,0.8595174
133.2101,Nullreference,0.776369
133.2211,Nullreference,0.7131515
133.2323,Nullreference,0.642013
133.2434,Nullreference,0.5829816
133.2545,Nullreference,0.52893
133.2657,Nullreference,0.4748288
133.2765,Nullreference,0.4288518
133.2878,Nullreference,0.3844467
133.2988,Nullreference,0.3489434
133.3099,Nullreference,0.3220693
133.3211,Nullreference,0.3011038
133.3323,Nullreference,0.2877574
133.3432,Nullreference,0.2721313
133.3545,Nullreference,0.2661049
133.3654,Nullreference,0.2567576
133.3765,Nullreference,0.2503343
133.3876,Nullreference,0.251505
133.3988,Nullreference,0.2606853
133.4099,Nullreference,0.2728116
133.4211,Nullreference,0.2859082
133.4321,Nullreference,0.310789
133.4432,Nullreference,0.3250189
133.4543,Nullreference,0.3396078
133.4655,Nullreference,0.3548775
133.4765,Nullreference,0.3623888
133.4876,Nullreference,0.3764027
133.4988,Nullreference,0.3871295
133.5098,Nullreference,0.3895715
133.5209,Nullreference,0.3979015
133.5323,Nullreference,0.4166905
133.5432,Nullreference,0.4447918
133.5544,Nullreference,0.4754283
133.5661,Nullreference,0.5182921
133.5766,Nullreference,0.5696487
133.5876,Nullreference,0.6210644
133.5989,Nullreference,0.6810562
133.6099,Nullreference,0.7292348
133.6211,Nullreference,0.7840317
133.6321,Nullreference,0.8250828
133.6432,Nullreference,0.8648765
133.6546,Nullreference,0.8952528
133.6654,Nullreference,0.9129375
133.6767,Nullreference,0.9313597
133.6877,Nullreference,0.9420855
133.6989,Nullreference,0.9425009
133.7103,Nullreference,0.9404008
133.7212,Nullreference,0.93473
133.7323,Nullreference,0.9258173
133.7433,Nullreference,0.9218187
133.7545,Nullreference,0.9174836
133.7655,Nullreference,0.9192062
133.7767,Nullreference,0.9253837
133.7878,Nullreference,0.9393015
133.7995,Nullreference,0.9503878
133.8102,Nullreference,0.9724004
133.8214,Nullreference,0.9971829
133.8324,Nullreference,1.018996
133.8433,Nullreference,1.043685
133.8546,Nullreference,1.065514
133.8655,Nullreference,1.087573
133.8768,Nullreference,1.110219
133.8877,Nullreference,1.134179
133.8988,Nullreference,1.153052
133.91,Nullreference,1.171604
133.9211,Nullreference,1.186067
133.9323,Nullreference,1.207747
133.9432,Nullreference,1.219418
133.9544,Nullreference,1.23453
133.9656,Nullreference,1.246084
133.9768,Nullreference,1.255477
133.9877,Nullreference,1.264033
133.9988,Nullreference,1.271774
134.0099,Nullreference,1.277717
134.0211,Nullreference,1.279107
134.0322,Nullreference,1.282785
134.0432,Nullreference,1.29061
134.0544,Nullreference,1.297084
134.0655,Nullreference,1.304772
134.0767,Nullreference,1.309677
134.0876,Nullreference,1.312368
134.0988,Nullreference,1.30875
134.1099,Nullreference,1.305983
134.1211,Nullreference,1.306582
134.1328,Nullreference,1.307485
134.1442,Nullreference,1.310471
134.1548,Nullreference,1.310165
134.1656,Nullreference,1.3098
134.1767,Nullreference,1.30326
134.188,Nullreference,1.299729
134.199,Nullreference,1.30331
134.2101,Nullreference,1.298278
134.2212,Nullreference,1.288409
134.2332,Nullreference,1.270588
134.2436,Nullreference,1.246079
134.2546,Nullreference,1.230868
134.2657,Nullreference,1.204085
134.2767,Nullreference,1.180562
134.288,Nullreference,1.147699
134.2991,Nullreference,1.124107
134.3102,Nullreference,1.093796
134.3214,Nullreference,1.062938
134.3324,Nullreference,1.049764
134.3435,Nullreference,1.02211
134.3545,Nullreference,0.9991241
134.366,Nullreference,0.980276
134.3768,Nullreference,0.9714725
134.3878,Nullreference,0.966196
134.3991,Nullreference,0.9594218
134.4102,Nullreference,0.9622673
134.4214,Nullreference,0.9700963
134.4322,Nullreference,0.982869
134.4434,Nullreference,1.002128
134.4546,Nullreference,1.019745
134.4657,Nullreference,1.04128
134.4767,Nullreference,1.063035
134.4879,Collider_Roger_Body,1.076802
134.4991,Collider_Roger_Body,1.084098
134.51,Collider_Roger_Body,1.08791
134.5211,Collider_Roger_Body,1.090041
134.5324,Collider_Roger_Body,1.083378
134.5433,Collider_Roger_Body,1.060648
134.5545,Collider_Roger_Body,1.04369
134.5656,Collider_Roger_Body,1.021989
134.5767,Collider_Roger_Body,0.9904704
134.5881,Collider_Roger_Body,0.9657504
134.5988,Collider_Roger_Body,0.9227301
134.61,Collider_Roger_Body,0.8775477
134.6211,Collider_Roger_Body,0.823132
134.6322,Collider_Roger_Body,0.7707962
134.6433,Collider_Roger_Body,0.7213088
134.6545,Collider_Roger_Body,0.6614235
134.6655,Collider_Roger_Body,0.6100572
134.6766,Collider_Roger_Body,0.5538057
134.6877,Collider_Roger_Body,0.522128
134.6991,Collider_Roger_Body,0.482554
134.7099,Collider_Roger_Body,0.4540023
134.7212,Collider_Roger_Body,0.4174044
134.7321,Collider_Roger_Body,0.3852924
134.7433,Collider_Roger_Body,0.3600861
134.7543,Collider_Roger_Body,0.3309883
134.7654,Collider_Roger_Body,0.3209941
134.7764,Collider_Roger_Body,0.3043115
134.7877,Collider_Roger_Body,0.2955469
134.7988,Collider_Roger_Body,0.2880435
134.8099,Collider_Roger_Body,0.2864671
134.8209,Collider_Roger_Body,0.2795517
134.8321,Collider_Roger_Body,0.2726937
134.8431,Collider_Roger_Body,0.2695361
134.8544,Collider_Roger_Body,0.2681976
134.8655,Collider_Roger_Body,0.2718775
134.8764,Collider_Roger_Body,0.2797437
134.888,Collider_Roger_Body,0.2797905
134.8989,Collider_Roger_Body,0.2860263
134.9098,Collider_Roger_Body,0.2857178
134.9209,Collider_Roger_Body,0.2863773
134.9321,Collider_Roger_Body,0.2796979
134.9432,Collider_Roger_Body,0.2718469
134.9542,Collider_Roger_Body,0.2656958
134.9654,Collider_Roger_Body,0.259298
134.9765,Collider_Roger_Body,0.2497623
134.9876,Collider_Roger_Body,0.2424912
134.9987,Collider_Roger_Body,0.2445652
135.0097,Collider_Roger_Body,0.2579276
135.021,Collider_Roger_Body,0.2727414
135.0321,Collider_Roger_Body,0.301802
135.0431,Collider_Roger_Body,0.322115
135.0542,Collider_Roger_Body,0.3345822
135.0653,Collider_Roger_Body,0.3536286
135.0765,Collider_Roger_Body,0.3729711
135.0875,Collider_Roger_Body,0.3830838
135.0986,Collider_Roger_Body,0.3904315
135.1101,Collider_Roger_Body,0.3890308
135.1209,Collider_Roger_Body,0.3870957
135.132,Collider_Roger_Body,0.3737481
135.143,Collider_Roger_Body,0.355948
135.1541,Collider_Roger_Body,0.3434599
135.1652,Collider_Roger_Body,0.3282385
135.1763,Collider_Roger_Body,0.3141832
135.188,Collider_Roger_Body,0.2929305
135.1988,Collider_Roger_Body,0.2676168
135.2098,Collider_Roger_Body,0.242218
135.2207,Collider_Roger_Body,0.2243917
135.2319,Collider_Roger_Body,0.2057582
135.2429,Collider_Roger_Body,0.194509
135.254,Collider_Roger_Body,0.1891964
135.2651,Collider_Roger_Body,0.1771305
135.2764,Collider_Roger_Body,0.1681224
135.2873,Collider_Roger_Body,0.1574961
135.2986,Collider_Roger_Body,0.1556852
135.3101,Collider_Roger_Body,0.143701
135.3209,Collider_Roger_Body,0.1396342
135.3319,Collider_Roger_Body,0.132826
135.3428,Collider_Roger_Body,0.143346
135.354,Collider_Roger_Body,0.1455474
135.3652,Collider_Roger_Body,0.1685063
135.3764,Collider_Roger_Body,0.1821127
135.3873,Collider_Roger_Body,0.1909519
135.3986,Collider_Roger_Body,0.2054932
135.4096,Collider_Roger_Body,0.2132193
135.4208,Collider_Roger_Body,0.2160606
135.4321,Collider_Roger_Body,0.2141866
135.4427,Collider_Roger_Body,0.2171155
135.4542,Collider_Roger_Body,0.2051677
135.4652,Collider_Roger_Body,0.1909458
135.4762,Collider_Roger_Body,0.1755014
135.4873,Collider_Roger_Body,0.1503002
135.4985,Collider_Roger_Body,0.131175
135.5097,Collider_Roger_Body,0.09005626
135.5206,Collider_Roger_Body,0.06329077
135.5319,Collider_Roger_Body,0.04044391
135.543,Collider_Roger_Body,0.0456636
135.554,Collider_Roger_Body,0.05236576
135.5651,Collider_Roger_Body,0.05773559
135.576,Collider_Roger_Body,0.06377425
135.5876,Collider_Roger_Body,0.07283645
135.5984,Collider_Roger_Body,0.07722453
135.6101,Collider_Roger_Body,0.07894003
135.6208,Collider_Roger_Body,0.07979072
135.6318,Collider_Roger_Body,0.07679405
135.6427,Collider_Roger_Body,0.06601671
135.654,Collider_Roger_Body,0.05744749
135.6655,Collider_Roger_Body,0.04031848
135.6762,Collider_Roger_Body,0.02915343
135.6873,Collider_Roger_Body,0.01405618
135.6984,Collider_Roger_Body,0.01533398
135.7095,Collider_Roger_Body,0.02337957
135.7207,Collider_Roger_Body,0.02822431
135.7316,Collider_Roger_Body,0.02892298
135.7427,Collider_Roger_Body,0.02876286
135.7545,Collider_Roger_Body,0.01868084
135.7648,Collider_Roger_Body,0.01991537
135.7768,Collider_Roger_Body,0.01811377
135.7873,Collider_Roger_Body,0.01798436
135.7982,Collider_Roger_Body,0.0142831
135.8093,Collider_Roger_Body,0.006941297
135.8204,Collider_Roger_Body,0.01464246
135.8316,Collider_Roger_Body,0.02754347
135.8427,Collider_Roger_Body,0.03514123
135.8539,Collider_Roger_Body,0.04924911
135.865,Collider_Roger_Body,0.05325573
135.876,Collider_Roger_Body,0.05172554
135.8871,Collider_Roger_Body,0.0549257
135.8994,Collider_Roger_Body,0.06056053
135.9093,Collider_Roger_Body,0.05652
135.9205,Collider_Roger_Body,0.04707823
135.9315,Collider_Roger_Body,0.03662767
135.9427,Collider_Roger_Body,0.03166205
135.9537,Collider_Roger_Body,0.03293991
135.9649,Collider_Roger_Body,0.03781202
135.9762,Collider_Roger_Body,0.04411509
135.9873,Collider_Roger_Body,0.05112825
135.9982,Collider_Roger_Body,0.05854721
136.0093,Collider_Roger_Body,0.06569739
136.0204,Collider_Roger_Body,0.0663273
136.0315,Collider_Roger_Body,0.06825638
136.0427,Collider_Roger_Body,0.07039587
136.0539,Collider_Roger_Body,0.06579293
136.0648,Collider_Roger_Body,0.07341662
136.0759,Collider_Roger_Body,0.07733343
136.087,Collider_Roger_Body,0.07950202
136.0982,Collider_Roger_Body,0.08708087
136.1093,Collider_Roger_Body,0.09310276
136.1204,Collider_Roger_Body,0.1080197
136.1313,Collider_Roger_Body,0.112065
136.1425,Collider_Roger_Body,0.1201479
136.1536,Collider_Roger_Body,0.1191991
136.1648,Collider_Roger_Body,0.1274686
136.176,Collider_Roger_Body,0.1257094
136.1871,Collider_Roger_Body,0.1246521
136.1981,Collider_Roger_Body,0.1330089
136.2092,Collider_Roger_Body,0.1377787
136.2203,Collider_Roger_Body,0.1414082
136.2313,Collider_Roger_Body,0.1459277
136.2424,Nullreference,0.1462941
136.2537,Nullreference,0.1519336
136.2648,Nullreference,0.1515363
136.2757,Collider_Roger_Body,0.1554276
136.2871,Nullreference,0.1591759
136.2981,Collider_Roger_Body,0.1673269
136.3094,Collider_Roger_Body,0.1752126
136.3203,Collider_Roger_Body,0.1855047
136.3314,Collider_Roger_Body,0.1959436
136.3424,Collider_Roger_Body,0.1986559
136.3536,Collider_Roger_Body,0.2020991
136.3646,Nullreference,0.2085258
136.375,Nullreference,0.2234204
136.3862,Nullreference,0.2553732
136.3971,Nullreference,0.2917591
136.4083,Nullreference,0.3343362
136.4194,Nullreference,0.3849872
136.4306,Nullreference,0.428403
136.4417,Nullreference,0.4885288
136.4527,Nullreference,0.5300754
136.4641,Nullreference,0.5806901
136.475,Nullreference,0.6240697
136.4861,Nullreference,0.6551806
136.4973,Nullreference,0.6879035
136.5083,Nullreference,0.6977975
136.5195,Nullreference,0.6864873
136.5305,Nullreference,0.6702263
136.5416,Nullreference,0.6290925
136.5528,Nullreference,0.5933077
136.5642,Nullreference,0.5466023
136.575,Nullreference,0.4995852
136.5865,Nullreference,0.4575565
136.5973,Nullreference,0.4130111
136.6084,Nullreference,0.3497724
136.6197,Nullreference,0.2934852
136.6312,Nullreference,0.2281613
136.6418,Nullreference,0.1873435
136.6529,Nullreference,0.2017666
136.6645,Nullreference,0.2604575
136.6751,Nullreference,0.3469527
136.6862,Nullreference,0.4359329
136.697,Nullreference,0.5029414
136.7083,Collider_Roger_Body,0.5823825
136.7193,Collider_Roger_Body,0.6393347
136.7307,Collider_Roger_Body,0.6818715
136.7416,Collider_Roger_Body,0.7155166
136.7527,Collider_Roger_Body,0.7331231
136.7638,Collider_Roger_Body,0.7501781
136.7751,Collider_Roger_Body,0.7526528
136.786,Collider_Roger_Body,0.7393042
136.797,Collider_Roger_Body,0.7120778
136.8081,Collider_Roger_Body,0.686993
136.8192,Collider_Roger_Body,0.660353
136.8304,Collider_Roger_Body,0.6284947
136.8414,Collider_Roger_Body,0.6098112
136.8525,Collider_Roger_Body,0.5742254
136.8637,Collider_Roger_Body,0.5449796
136.8747,Collider_Roger_Body,0.5039837
136.8858,Collider_Roger_Body,0.468316
136.8975,Collider_Roger_Body,0.4394851
136.9079,Collider_Roger_Body,0.4129864
136.9191,Collider_Roger_Body,0.3965081
136.9301,Collider_Roger_Body,0.3855434
136.9413,Collider_Roger_Body,0.3788632
136.9524,Collider_Roger_Body,0.380571
136.9636,Collider_Roger_Body,0.3943181
136.9746,Collider_Roger_Body,0.4139709
136.9857,Collider_Roger_Body,0.426439
136.997,Collider_Roger_Body,0.4298929
137.0079,Collider_Roger_Body,0.4509388
137.0192,Collider_Roger_Body,0.4558556
137.0302,Collider_Roger_Body,0.4581354
137.0411,Collider_Roger_Body,0.4494236
137.0523,Collider_Roger_Body,0.4457319
137.0634,Collider_Roger_Body,0.4438093
137.0748,Collider_Roger_Body,0.4493199
137.0856,Collider_Roger_Body,0.4681198
137.0967,Collider_Roger_Body,0.4912177
137.1078,Collider_Roger_Body,0.5175986
137.1189,Collider_Roger_Body,0.5155537
137.1301,Collider_Roger_Body,0.5255222
137.1411,Collider_Roger_Body,0.5208902
137.1522,Collider_Roger_Body,0.5191793
137.1634,Collider_Roger_Body,0.5163112
137.1745,Collider_Roger_Body,0.5041401
137.1855,Collider_Roger_Body,0.5071033
137.1966,Collider_Roger_Body,0.4964348
137.2077,Collider_Roger_Body,0.4853678
137.219,Collider_Roger_Body,0.4855001
137.2299,Collider_Roger_Body,0.4888782
137.2411,Collider_Roger_Body,0.4893243
137.2521,Collider_Roger_Body,0.4938434
137.2632,Collider_Roger_Body,0.4906411
137.2745,Collider_Roger_Body,0.4806641
137.2854,Collider_Roger_Body,0.4744511
137.2966,Collider_Roger_Body,0.4784362
137.3076,Collider_Roger_Body,0.4702077
137.3188,Collider_Roger_Body,0.4588045
137.3299,Collider_Roger_Body,0.4414339
137.3412,Collider_Roger_Body,0.4242779
137.3523,Collider_Roger_Body,0.416604
137.3631,Collider_Roger_Body,0.4148842
137.3743,Collider_Roger_Body,0.4192485
137.3855,Collider_Roger_Body,0.4242205
137.3965,Collider_Roger_Body,0.4301085
137.4077,Collider_Roger_Body,0.4319265
137.4188,Collider_Roger_Body,0.4347914
137.4299,Collider_Roger_Body,0.4337201
137.4409,Collider_Roger_Body,0.4295401
137.452,Collider_Roger_Body,0.4395408
137.4633,Collider_Roger_Body,0.4485775
137.4742,Collider_Roger_Body,0.4599261
137.4854,Collider_Roger_Body,0.4759852
137.4964,Collider_Roger_Body,0.488193
137.5075,Collider_Roger_Body,0.4873282
137.5186,Collider_Roger_Body,0.4850941
137.5298,Collider_Roger_Body,0.4726319
137.5408,Collider_Roger_Body,0.4594906
137.5519,Collider_Roger_Body,0.4460881
137.563,Collider_Roger_Body,0.4256358
137.5742,Collider_Roger_Body,0.4122061
137.5855,Collider_Roger_Body,0.3973409
137.5965,Collider_Roger_Body,0.3969183
137.6075,Collider_Roger_Body,0.3915248
137.6187,Collider_Roger_Body,0.3792615
137.6297,Collider_Roger_Body,0.3718741
137.6408,Collider_Roger_Body,0.369677
137.6519,Collider_Roger_Body,0.3565159
137.6631,Collider_Roger_Body,0.3344637
137.6741,Collider_Roger_Body,0.3147748
137.6852,Collider_Roger_Body,0.2994734
137.6964,Collider_Roger_Body,0.2820384
137.7075,Collider_Roger_Body,0.2613854
137.7185,Collider_Roger_Body,0.24628
137.7297,Collider_Roger_Body,0.2277223
137.7407,Collider_Roger_Body,0.2081213
137.7518,Collider_Roger_Body,0.1999909
137.7629,Collider_Roger_Body,0.1865262
137.7741,Collider_Roger_Body,0.171613
137.7853,Collider_Roger_Body,0.1642608
137.7963,Collider_Roger_Body,0.1480272
137.8075,Collider_Roger_Body,0.1462557
137.8187,Collider_Roger_Body,0.1405668
137.8297,Collider_Roger_Body,0.138559
137.8407,Collider_Roger_Body,0.1296592
137.8518,Collider_Roger_Body,0.1244424
137.8629,Collider_Roger_Body,0.1124
137.8741,Collider_Roger_Body,0.1049357
137.8853,Collider_Roger_Body,0.1025127
137.8962,Collider_Roger_Body,0.09910874
137.9073,Collider_Roger_Body,0.09671767
137.9187,Collider_Roger_Body,0.09553702
137.9296,Collider_Roger_Body,0.1046353
137.9406,Collider_Roger_Body,0.1054512
137.9527,Collider_Roger_Body,0.1160867
137.9629,Collider_Roger_Body,0.1281738
137.974,Collider_Roger_Body,0.1460074
137.9851,Collider_Roger_Body,0.1738392
137.9963,Collider_Roger_Body,0.2044237
138.0073,Collider_Roger_Body,0.2255306
138.0184,Collider_Roger_Body,0.2504928
138.0296,Collider_Roger_Body,0.2786101
138.0406,Collider_Roger_Body,0.2984015
138.0517,Collider_Roger_Body,0.3163192
138.0628,Collider_Roger_Body,0.3274841
138.074,Collider_Roger_Body,0.3364368
138.0851,Collider_Roger_Body,0.3380224
138.0963,Collider_Roger_Body,0.3291964
138.1072,Collider_Roger_Body,0.3116952
138.1183,Collider_Roger_Body,0.2887012
138.1295,Collider_Roger_Body,0.2787918
138.1407,Collider_Roger_Body,0.2694005
138.1516,Collider_Roger_Body,0.2633956
138.163,Collider_Roger_Body,0.2592119
138.1739,Collider_Roger_Body,0.2538658
138.1852,Collider_Roger_Body,0.2408073
138.1962,Collider_Roger_Body,0.2325772
138.2072,Collider_Roger_Body,0.2248333
138.2183,Collider_Roger_Body,0.2213933
138.2294,Collider_Roger_Body,0.2126111
138.2405,Collider_Roger_Body,0.2033049
138.2521,Collider_Roger_Body,0.1875004
138.2629,Collider_Roger_Body,0.191921
138.2739,Collider_Roger_Body,0.1871071
138.2849,Collider_Roger_Body,0.1908874
138.2966,Collider_Roger_Body,0.1962467
138.3072,Collider_Roger_Body,0.1953834
138.3183,Collider_Roger_Body,0.1979733
138.3293,Collider_Roger_Body,0.2020428
138.3405,Collider_Roger_Body,0.1973022
138.3517,Collider_Roger_Body,0.185191
138.3626,Collider_Roger_Body,0.1789998
138.3737,Collider_Roger_Body,0.1704381
138.3849,Collider_Roger_Body,0.1637917
138.3961,Collider_Roger_Body,0.1560465
138.4071,Collider_Roger_Body,0.1475364
138.4183,Collider_Roger_Body,0.1313664
138.4293,Collider_Roger_Body,0.1159047
138.4404,Collider_Roger_Body,0.1077139
138.4515,Collider_Roger_Body,0.1090556
138.4628,Collider_Roger_Body,0.1157738
138.4737,Collider_Roger_Body,0.1162199
138.4848,Collider_Roger_Body,0.1150149
138.4965,Nullreference,0.1022577
138.5076,Nullreference,0.09651446
138.5187,Nullreference,0.08623496
138.5299,Nullreference,0.07679287
138.5414,Nullreference,0.07403991
138.552,Nullreference,0.06739211
138.563,Nullreference,0.0690193
138.5742,Nullreference,0.07715677
138.5853,Nullreference,0.09165366
138.5964,Nullreference,0.1051825
138.6075,Nullreference,0.1251343
138.6186,Nullreference,0.1412885
138.6298,Nullreference,0.1516309
138.6409,Nullreference,0.1651468
138.652,Nullreference,0.1712913
138.6632,Nullreference,0.1802158
138.6742,Nullreference,0.1827353
138.6853,Nullreference,0.1862992
138.6964,Nullreference,0.1877377
138.7075,Nullreference,0.1861915
138.7185,Nullreference,0.1831582
138.7298,Nullreference,0.1719528
138.7409,Nullreference,0.1601324
138.7519,Nullreference,0.1483345
138.763,Nullreference,0.1293458
138.7743,Nullreference,0.1095542
138.7854,Nullreference,0.09514078
138.7964,Nullreference,0.09358704
138.8074,Nullreference,0.1025253
138.8186,Nullreference,0.1206676
138.8296,Nullreference,0.1399146
138.8407,Nullreference,0.1596476
138.852,Nullreference,0.1694463
138.8632,Nullreference,0.1741681
138.8741,Nullreference,0.1755731
138.8853,Nullreference,0.1650963
138.8963,Nullreference,0.1698231
138.9073,Nullreference,0.17507
138.9185,Nullreference,0.1884915
138.9297,Nullreference,0.2034236
138.9407,Nullreference,0.225638
138.952,Nullreference,0.2547754
138.963,Nullreference,0.2927691
138.9741,Nullreference,0.3293419
138.9853,Nullreference,0.3817385
138.9962,Nullreference,0.4336409
139.0075,Nullreference,0.4874546
139.0185,Nullreference,0.5475943
139.0295,Nullreference,0.612392
139.0405,Nullreference,0.659421
139.0518,Nullreference,0.7142994
139.0632,Nullreference,0.7491915
139.0742,Nullreference,0.7808912
139.0851,Nullreference,0.798622
139.0963,Nullreference,0.8074781
139.1075,Nullreference,0.804009
139.1184,Nullreference,0.8003236
139.1295,Nullreference,0.7917163
139.1407,Nullreference,0.7929629
139.1521,Nullreference,0.7883152
139.1629,Nullreference,0.7852291
139.174,Nullreference,0.7821174
139.185,Nullreference,0.7753167
139.1962,Nullreference,0.7678171
139.2072,Nullreference,0.7628983
139.2183,Nullreference,0.7520668
139.2293,Nullreference,0.7482991
139.2406,Nullreference,0.7396414
139.2518,Nullreference,0.7378317
139.2628,Nullreference,0.7415959
139.2739,Nullreference,0.7469619
139.2851,Nullreference,0.7374536
139.2964,Nullreference,0.724794
139.3074,Nullreference,0.7084063
139.3183,Nullreference,0.6901727
139.3293,Nullreference,0.6711896
139.3406,Nullreference,0.6631169
139.3516,Nullreference,0.6447289
139.3627,Nullreference,0.6277925
139.3739,Nullreference,0.6102529
139.385,Nullreference,0.6043768
139.3961,Nullreference,0.5918609
139.4072,Nullreference,0.5872836
139.4183,Nullreference,0.5767395
139.4296,Nullreference,0.5591874
139.4404,Nullreference,0.5395696
139.4517,Nullreference,0.5114625
139.4626,Nullreference,0.4946653
139.4739,Nullreference,0.4898608
139.4849,Nullreference,0.4872978
139.4961,Nullreference,0.4935015
139.5073,Nullreference,0.5161443
139.5182,Nullreference,0.5544499
139.5296,Nullreference,0.6132693
139.5405,Nullreference,0.7013795
139.5517,Nullreference,0.7948176
139.5626,Nullreference,0.9173418
139.5737,Nullreference,1.039859
139.5849,Nullreference,1.209583
139.5959,Nullreference,1.385498
139.607,Nullreference,1.546926
139.6181,Nullreference,1.734806
139.6292,Nullreference,1.879153
139.6403,Nullreference,2.061269
139.6514,Nullreference,2.227445
139.6626,Nullreference,2.397423
139.6736,Nullreference,2.546086
139.6849,Nullreference,2.731286
139.696,Nullreference,2.893261
139.7071,Nullreference,3.091497
139.7181,Nullreference,3.286989
139.7292,Nullreference,3.442466
139.7404,Nullreference,3.622947
139.7515,Nullreference,3.76561
139.7626,Nullreference,3.914554
139.7738,Nullreference,4.042768
139.785,Nullreference,4.191098
139.7958,Nullreference,4.337181
139.807,Nullreference,4.450547
139.8182,Nullreference,4.583612
139.8292,Nullreference,4.683877
139.84,Nullreference,4.800866
139.8511,Nullreference,4.910189
139.8621,Nullreference,4.989933
139.8732,Nullreference,5.045761
139.8844,Nullreference,5.087103
139.8954,Nullreference,5.118447
139.9064,Nullreference,5.128141
139.9175,Nullreference,5.121199
139.9288,Nullreference,5.101403
139.9402,Nullreference,5.067358
139.9509,Nullreference,5.031892
139.9619,Nullreference,4.9826
139.9773,Nullreference,4.938732
139.9841,Nullreference,4.879532
139.9933,Collider_Roger_Body,4.833184
140.0044,Collider_Roger_Body,4.753504
140.0154,Collider_Roger_Body,4.664014
140.0265,Collider_Roger_Body,4.581363
140.0378,Collider_Roger_Body,4.484595
140.0488,Collider_Roger_Body,4.368307
140.06,Collider_Roger_Body,4.265613
140.0713,Collider_Roger_Body,4.156363
140.0822,Collider_Roger_Body,4.044662
140.0935,Collider_Roger_Body,3.954858
140.1046,Collider_Roger_Body,3.840815
140.1157,Nullreference,3.748712
140.1269,Nullreference,3.631155
140.1381,Nullreference,3.531902
140.1491,Nullreference,3.409867
140.1603,Nullreference,3.281956
140.1714,Nullreference,3.175912
140.1823,Nullreference,3.048691
140.1935,Nullreference,2.937399
140.2048,Nullreference,2.81257
140.2159,Nullreference,2.71109
140.2269,Nullreference,2.598803
140.2381,Nullreference,2.492959
140.2492,Nullreference,2.416562
140.2602,Nullreference,2.336421
140.2714,Nullreference,2.269025
140.2826,Nullreference,2.195286
140.2937,Nullreference,2.126478
140.3048,Nullreference,2.042479
140.3159,Nullreference,1.954962
140.3271,Nullreference,1.89007
140.3383,Nullreference,1.805474
140.3497,Nullreference,1.733035
140.3609,Nullreference,1.647572
140.3723,Nullreference,1.55463
140.3834,Nullreference,1.483634
140.3947,Nullreference,1.396085
140.406,Nullreference,1.315981
140.4172,Nullreference,1.244274
140.4286,Nullreference,1.159798
140.4395,Nullreference,1.065265
140.4514,Nullreference,0.9766734
140.4624,Nullreference,0.8481982
140.4735,Nullreference,0.7229705
140.4846,Nullreference,0.5559786
140.4959,Nullreference,0.3760889
140.5071,Nullreference,0.2181249
140.5182,Nullreference,0.1067494
140.5291,Nullreference,0.2202697
140.5403,Nullreference,0.4224727
140.5515,Collider_Roger_Body,0.5881318
140.5625,Collider_Roger_Body,0.7480302
140.5735,Collider_Roger_Body,0.9159346
140.5846,Collider_Roger_Body,1.034665
140.5963,Collider_Roger_Body,1.167154
140.6068,Collider_Roger_Body,1.259629
140.618,Collider_Roger_Body,1.356898
140.629,Collider_Roger_Body,1.435725
140.64,Collider_Roger_Body,1.496096
140.6511,Collider_Roger_Body,1.531887
140.6623,Collider_Roger_Body,1.57205
140.6734,Collider_Roger_Body,1.592096
140.6845,Collider_Roger_Body,1.601094
140.6955,Collider_Roger_Body,1.609065
140.7066,Collider_Roger_Body,1.605213
140.7177,Collider_Roger_Body,1.587972
140.7287,Collider_Roger_Body,1.568235
140.7398,Collider_Roger_Body,1.540781
140.751,Collider_Roger_Body,1.506531
140.7619,Collider_Roger_Body,1.462803
140.7732,Collider_Roger_Body,1.420062
140.7843,Collider_Roger_Body,1.361825
140.7953,Collider_Roger_Body,1.303813
140.8063,Collider_Roger_Body,1.247985
140.8174,Collider_Roger_Body,1.183436
140.8289,Collider_Roger_Body,1.122623
140.8397,Collider_Roger_Body,1.062637
140.8509,Collider_Roger_Body,0.9940546
140.8618,Collider_Roger_Body,0.9403111
140.8731,Collider_Roger_Body,0.8678039
140.8841,Collider_Roger_Body,0.8164446
140.8998,Collider_Roger_Body,0.7433483
140.9084,Collider_Roger_Body,0.6832804
140.9162,Collider_Roger_Body,0.6337131
140.9256,Collider_Roger_Body,0.59245
140.9369,Collider_Roger_Body,0.5541856
140.948,Collider_Roger_Body,0.5249889
140.9591,Collider_Roger_Body,0.500168
140.9704,Collider_Roger_Body,0.4757705
140.9812,Collider_Roger_Body,0.4585282
140.9924,Collider_Roger_Body,0.4421432
141.0037,Collider_Roger_Body,0.4157524
141.0145,Collider_Roger_Body,0.4021784
141.0257,Collider_Roger_Body,0.3918277
141.0367,Collider_Roger_Body,0.3714649
141.0479,Collider_Roger_Body,0.3520985
141.059,Collider_Roger_Body,0.330437
141.0701,Collider_Roger_Body,0.3223292
141.0812,Collider_Roger_Body,0.312889
141.0923,Collider_Roger_Body,0.3117984
141.1034,Collider_Roger_Body,0.3089564
141.1145,Collider_Roger_Body,0.3096088
141.1257,Collider_Roger_Body,0.3054607
141.1368,Collider_Roger_Body,0.2957548
141.1479,Collider_Roger_Body,0.2928395
141.159,Collider_Roger_Body,0.2845526
141.17,Collider_Roger_Body,0.289889
141.1813,Collider_Roger_Body,0.2927871
141.1923,Collider_Roger_Body,0.2809934
141.2034,Collider_Roger_Body,0.2693774
141.2145,Collider_Roger_Body,0.2589727
141.2256,Collider_Roger_Body,0.2495794
141.2368,Collider_Roger_Body,0.2503863
141.2477,Collider_Roger_Body,0.2575308
141.2592,Collider_Roger_Body,0.2620614
141.2704,Collider_Roger_Body,0.2673391
141.2816,Collider_Roger_Body,0.2766772
141.2931,Collider_Roger_Body,0.2728113
141.3043,Collider_Roger_Body,0.2655621
141.3154,Collider_Roger_Body,0.2492946
141.3268,Collider_Roger_Body,0.2400473
141.3381,Collider_Roger_Body,0.2311879
141.3493,Collider_Roger_Body,0.2306084
141.3605,Collider_Roger_Body,0.2269344
141.3719,Collider_Roger_Body,0.2236918
141.3832,Collider_Roger_Body,0.2133372
141.3944,Collider_Roger_Body,0.1955727
141.4057,Collider_Roger_Body,0.1742476
141.4168,Collider_Roger_Body,0.1559868
141.4281,Collider_Roger_Body,0.140258
141.4394,Collider_Roger_Body,0.1331821
141.4505,Collider_Roger_Body,0.1249889
141.4615,Collider_Roger_Body,0.1248544
141.4732,Collider_Roger_Body,0.127828
141.4837,Collider_Roger_Body,0.1406655
141.495,Collider_Roger_Body,0.1624765
141.506,Collider_Roger_Body,0.1801073
141.5173,Collider_Roger_Body,0.196294
141.5282,Collider_Roger_Body,0.2078197
141.5393,Collider_Roger_Body,0.1992565
141.5504,Collider_Roger_Body,0.1770695
141.5616,Collider_Roger_Body,0.1503055
141.5727,Collider_Roger_Body,0.1172072
141.5838,Collider_Roger_Body,0.08312235
141.5949,Collider_Roger_Body,0.06120219
141.6061,Collider_Roger_Body,0.04521201
141.6171,Collider_Roger_Body,0.04459555
141.6281,Collider_Roger_Body,0.06088186
141.6394,Collider_Roger_Body,0.0741261
141.6505,Collider_Roger_Body,0.09305109
141.6615,Collider_Roger_Body,0.09917186
141.6726,Collider_Roger_Body,0.1096535
141.6837,Collider_Roger_Body,0.116963
141.6949,Collider_Roger_Body,0.1259991
141.7063,Collider_Roger_Body,0.130619
141.717,Collider_Roger_Body,0.1370906
141.7281,Collider_Roger_Body,0.1414199
141.7392,Collider_Roger_Body,0.1475966
141.7503,Collider_Roger_Body,0.148212
141.7614,Collider_Roger_Body,0.1545748
141.7727,Collider_Roger_Body,0.1509772
141.7837,Collider_Roger_Body,0.1517559
141.7953,Collider_Roger_Body,0.1493564
141.8059,Collider_Roger_Body,0.1482784
141.8171,Collider_Roger_Body,0.1462034
141.8281,Collider_Roger_Body,0.1495951
141.8393,Collider_Roger_Body,0.1578938
141.8503,Collider_Roger_Body,0.1639289
141.8614,Collider_Roger_Body,0.1716747
141.8725,Collider_Roger_Body,0.174825
141.8836,Collider_Roger_Body,0.1832768
141.8947,Collider_Roger_Body,0.1889224
141.9058,Collider_Roger_Body,0.1968256
141.9168,Collider_Roger_Body,0.2050603
141.928,Collider_Roger_Body,0.208366
141.9391,Collider_Roger_Body,0.2206992
141.9502,Collider_Roger_Body,0.2280968
141.9615,Collider_Roger_Body,0.2353718
141.9725,Collider_Roger_Body,0.2360448
141.9836,Collider_Roger_Body,0.2319874
141.9946,Collider_Roger_Body,0.2240565
142.0058,Collider_Roger_Body,0.2062579
142.0169,Collider_Roger_Body,0.1937605
142.0281,Collider_Roger_Body,0.1793558
142.039,Collider_Roger_Body,0.1668048
142.0503,Collider_Roger_Body,0.1567648
142.0613,Collider_Roger_Body,0.1499941
142.073,Collider_Roger_Body,0.1441464
142.0836,Collider_Roger_Body,0.138007
142.095,Collider_Roger_Body,0.1326477
142.1058,Collider_Roger_Body,0.128786
142.1169,Collider_Roger_Body,0.1277383
142.128,Collider_Roger_Body,0.1242017
142.139,Collider_Roger_Body,0.1180248
142.1504,Collider_Roger_Body,0.1187961
142.1614,Collider_Roger_Body,0.1100494
142.1724,Collider_Roger_Body,0.1009357
142.1837,Collider_Roger_Body,0.09191257
142.1946,Collider_Roger_Body,0.08670128
142.2057,Collider_Roger_Body,0.08273906
142.2169,Collider_Roger_Body,0.08130728
142.2281,Collider_Roger_Body,0.08376826
142.2391,Collider_Roger_Body,0.08760506
142.2502,Collider_Roger_Body,0.09155025
142.2613,Collider_Roger_Body,0.09921662
142.2725,Collider_Roger_Body,0.1042143
142.2832,Nullreference,0.1019582
142.2944,Nullreference,0.1081852
142.3056,Nullreference,0.1067533
142.3167,Nullreference,0.1026822
142.3278,Nullreference,0.09999788
142.3389,Nullreference,0.09825979
142.3501,Nullreference,0.09334015
142.3611,Nullreference,0.07692109
142.3722,Nullreference,0.07299793
142.3835,Nullreference,0.07451823
142.3945,Nullreference,0.07872397
142.4058,Nullreference,0.08676087
142.4167,Nullreference,0.09992617
142.428,Nullreference,0.1115453
142.4389,Nullreference,0.1145226
142.45,Nullreference,0.1195759
142.461,Nullreference,0.119795
142.4724,Nullreference,0.1227259
142.4833,Nullreference,0.1188234
142.4943,Nullreference,0.1075143
142.5059,Nullreference,0.1010369
142.5166,Nullreference,0.09081481
142.5278,Nullreference,0.08285566
142.5388,Nullreference,0.07772373
142.5499,Nullreference,0.07427077
142.561,Nullreference,0.08819843
142.572,Collider_Roger_Body,0.08975901
142.5832,Collider_Roger_Body,0.0864141
142.5944,Collider_Roger_Body,0.08489189
142.6055,Collider_Roger_Body,0.08276477
142.6165,Collider_Roger_Body,0.07598143
142.6276,Collider_Roger_Body,0.07475423
142.6387,Collider_Roger_Body,0.07702188
142.6499,Collider_Roger_Body,0.08582635
142.6619,Collider_Roger_Body,0.1031883
142.6721,Collider_Roger_Body,0.1170385
142.6832,Collider_Roger_Body,0.1279462
142.6943,Collider_Roger_Body,0.1346777
142.7055,Collider_Roger_Body,0.1341761
142.7165,Collider_Roger_Body,0.131244
142.7276,Collider_Roger_Body,0.1286356
142.7387,Collider_Roger_Body,0.1278165
142.7499,Collider_Roger_Body,0.1209272
142.761,Collider_Roger_Body,0.1187202
142.772,Collider_Roger_Body,0.1087216
142.7831,Collider_Roger_Body,0.10628
142.7943,Collider_Roger_Body,0.09910784
142.8055,Collider_Roger_Body,0.09378573
142.8165,Collider_Roger_Body,0.09403156
142.8276,Collider_Roger_Body,0.08852457
142.8388,Collider_Roger_Body,0.08880881
142.8497,Collider_Roger_Body,0.08193096
142.8611,Collider_Roger_Body,0.08131642
142.872,Collider_Roger_Body,0.07064537
142.883,Collider_Roger_Body,0.06513729
142.8942,Collider_Roger_Body,0.05943952
142.9059,Collider_Roger_Body,0.05361858
142.9166,Collider_Roger_Body,0.05568669
142.9275,Collider_Roger_Body,0.06122554
142.9386,Collider_Roger_Body,0.07066053
142.9498,Collider_Roger_Body,0.07903686
142.9609,Collider_Roger_Body,0.09415764
142.972,Collider_Roger_Body,0.09819488
142.9834,Collider_Roger_Body,0.1060535
142.9941,Collider_Roger_Body,0.1132197
143.0054,Collider_Roger_Body,0.1247556
143.0164,Collider_Roger_Body,0.1283868
143.0276,Collider_Roger_Body,0.1298784
143.0386,Collider_Roger_Body,0.1279894
143.0497,Collider_Roger_Body,0.117565
143.0609,Collider_Roger_Body,0.1112422
143.0719,Collider_Roger_Body,0.1058944
143.0831,Collider_Roger_Body,0.1101808
143.0941,Collider_Roger_Body,0.1222046
143.1052,Collider_Roger_Body,0.1295675
143.1163,Collider_Roger_Body,0.1302902
143.1275,Collider_Roger_Body,0.1230548
143.1386,Collider_Roger_Body,0.1186748
143.1498,Collider_Roger_Body,0.119226
143.1611,Collider_Roger_Body,0.1280943
143.172,Collider_Roger_Body,0.1377425
143.183,Collider_Roger_Body,0.1505748
143.196,Collider_Roger_Body,0.1661536
143.2054,Collider_Roger_Body,0.1748248
143.2164,Collider_Roger_Body,0.1861501
143.2274,Collider_Roger_Body,0.1858439
143.2386,Collider_Roger_Body,0.1921318
143.2496,Collider_Roger_Body,0.1879728
143.2608,Collider_Roger_Body,0.1929822
143.2719,Collider_Roger_Body,0.186464
143.2832,Collider_Roger_Body,0.1750687
143.2941,Collider_Roger_Body,0.1640806
143.3052,Collider_Roger_Body,0.158925
143.3179,Collider_Roger_Body,0.146992
143.3277,Collider_Roger_Body,0.1414617
143.3389,Collider_Roger_Body,0.1404267
143.3498,Collider_Roger_Body,0.1386399
143.361,Collider_Roger_Body,0.144228
143.372,Collider_Roger_Body,0.1435921
143.3831,Collider_Roger_Body,0.1426939
143.3942,Collider_Roger_Body,0.1405171
143.4053,Collider_Roger_Body,0.1395305
143.4165,Collider_Roger_Body,0.1366093
143.4275,Collider_Roger_Body,0.1304549
143.4386,Collider_Roger_Body,0.1279603
143.4498,Collider_Roger_Body,0.1261374
143.4612,Collider_Roger_Body,0.1237994
143.4721,Collider_Roger_Body,0.1248816
143.4832,Collider_Roger_Body,0.1202313
143.4942,Collider_Roger_Body,0.12857
143.5053,Collider_Roger_Body,0.1301486
143.5168,Collider_Roger_Body,0.1304722
143.5276,Collider_Roger_Body,0.1334872
143.5388,Collider_Roger_Body,0.1369695
143.5497,Collider_Roger_Body,0.1376
143.5611,Collider_Roger_Body,0.145165
143.5719,Collider_Roger_Body,0.1411319
143.5831,Collider_Roger_Body,0.1407001
143.5943,Collider_Roger_Body,0.1390136
143.6054,Collider_Roger_Body,0.1316013
143.6164,Collider_Roger_Body,0.1177939
143.6275,Collider_Roger_Body,0.1024945
143.6386,Collider_Roger_Body,0.08074546
143.6497,Collider_Roger_Body,0.06051885
143.6608,Collider_Roger_Body,0.04344178
143.6719,Collider_Roger_Body,0.03098054
143.6833,Collider_Roger_Body,0.02246951
143.6942,Collider_Roger_Body,0.02406269
143.7054,Collider_Roger_Body,0.03149336
143.7163,Collider_Roger_Body,0.03562133
143.7274,Collider_Roger_Body,0.03985974
143.7387,Collider_Roger_Body,0.04007554
143.7497,Collider_Roger_Body,0.03895764
143.7607,Collider_Roger_Body,0.03980333
143.7719,Collider_Roger_Body,0.04424284
143.7831,Collider_Roger_Body,0.05121749
143.7941,Collider_Roger_Body,0.0601314
143.8053,Collider_Roger_Body,0.06488648
143.8163,Collider_Roger_Body,0.06770327
143.8276,Collider_Roger_Body,0.06420436
143.8386,Collider_Roger_Body,0.05774055
143.8496,Collider_Roger_Body,0.04553217
143.8608,Collider_Roger_Body,0.03786622
143.8719,Collider_Roger_Body,0.029561
143.8831,Collider_Roger_Body,0.02622299
143.8941,Collider_Roger_Body,0.02433509
143.9054,Collider_Roger_Body,0.02356682
143.9163,Collider_Roger_Body,0.02085797
143.9274,Collider_Roger_Body,0.0147685
143.9384,Collider_Roger_Body,0.01768209
143.9496,Collider_Roger_Body,0.02156474
143.9607,Collider_Roger_Body,0.02883078
143.9717,Collider_Roger_Body,0.03558848
143.983,Collider_Roger_Body,0.04217307
143.994,Collider_Roger_Body,0.04663374
144.0052,Collider_Roger_Body,0.04769158
144.0162,Collider_Roger_Body,0.06026362
144.0275,Collider_Roger_Body,0.0721994
144.0385,Collider_Roger_Body,0.08333989
144.0495,Collider_Roger_Body,0.1027314
144.0607,Collider_Roger_Body,0.1158157
144.0717,Collider_Roger_Body,0.1274842
144.0829,Collider_Roger_Body,0.1313852
144.094,Collider_Roger_Body,0.1380843
144.1052,Collider_Roger_Body,0.1373222
144.1162,Collider_Roger_Body,0.1349604
144.1273,Collider_Roger_Body,0.1270157
144.1384,Collider_Roger_Body,0.1225265
144.1494,Collider_Roger_Body,0.1179493
144.1607,Collider_Roger_Body,0.1127983
144.1719,Collider_Roger_Body,0.1101685
144.1834,Collider_Roger_Body,0.1170595
144.1939,Collider_Roger_Body,0.1256309
144.2051,Collider_Roger_Body,0.1331514
144.2162,Collider_Roger_Body,0.1423746
144.2272,Collider_Roger_Body,0.1452931
144.2384,Collider_Roger_Body,0.1387779
144.2497,Collider_Roger_Body,0.1426159
144.2608,Collider_Roger_Body,0.1308238
144.2717,Collider_Roger_Body,0.124654
144.2828,Collider_Roger_Body,0.1223078
144.2939,Collider_Roger_Body,0.1159995
144.305,Collider_Roger_Body,0.1125096
144.3161,Collider_Roger_Body,0.1116826
144.3273,Collider_Roger_Body,0.1090239
144.3384,Collider_Roger_Body,0.1116166
144.3494,Collider_Roger_Body,0.1114294
144.3607,Collider_Roger_Body,0.1174891
144.3721,Collider_Roger_Body,0.1312816
144.3828,Collider_Roger_Body,0.1430076
144.3937,Collider_Roger_Body,0.1510074
144.405,Collider_Roger_Body,0.154011
144.416,Collider_Roger_Body,0.1521108
144.4272,Collider_Roger_Body,0.1467221
144.4385,Collider_Roger_Body,0.1421262
144.4495,Collider_Roger_Body,0.1413771
144.4606,Collider_Roger_Body,0.1321936
144.4717,Collider_Roger_Body,0.126419
144.4828,Collider_Roger_Body,0.1292747
144.4938,Collider_Roger_Body,0.1162556
144.505,Collider_Roger_Body,0.1020757
144.516,Collider_Roger_Body,0.0996737
144.5272,Collider_Roger_Body,0.0974934
144.5383,Collider_Roger_Body,0.09434601
144.5493,Collider_Roger_Body,0.08753406
144.5605,Collider_Roger_Body,0.0807908
144.5716,Collider_Roger_Body,0.07897989
144.5826,Collider_Roger_Body,0.0802119
144.5938,Collider_Roger_Body,0.08459422
144.6048,Collider_Roger_Body,0.0871828
144.6159,Collider_Roger_Body,0.08897887
144.627,Collider_Roger_Body,0.09490179
144.6382,Collider_Roger_Body,0.08315448
144.6493,Collider_Roger_Body,0.07603538
144.6603,Collider_Roger_Body,0.0716657
144.6715,Collider_Roger_Body,0.07461039
144.6826,Collider_Roger_Body,0.06921523
144.6936,Collider_Roger_Body,0.07140393
144.7048,Collider_Roger_Body,0.0715427
144.7159,Collider_Roger_Body,0.07189974
144.7269,Collider_Roger_Body,0.07469998
144.7381,Collider_Roger_Body,0.07539042
144.7493,Collider_Roger_Body,0.07603341
144.7605,Collider_Roger_Body,0.0735991
144.7717,Collider_Roger_Body,0.07120034
144.7826,Collider_Roger_Body,0.06762812
144.7936,Collider_Roger_Body,0.07145014
144.805,Collider_Roger_Body,0.06905349
144.8158,Collider_Roger_Body,0.06735839
144.827,Collider_Roger_Body,0.06255794
144.8381,Collider_Roger_Body,0.06120812
144.8491,Collider_Roger_Body,0.05822838
144.8602,Collider_Roger_Body,0.05246467
144.8715,Collider_Roger_Body,0.04914255
144.8826,Collider_Roger_Body,0.04126152
144.8937,Collider_Roger_Body,0.04093353
144.9047,Collider_Roger_Body,0.04167315
144.9159,Collider_Roger_Body,0.03233285
144.9269,Collider_Roger_Body,0.02402866
144.9382,Collider_Roger_Body,0.02139689
144.9491,Collider_Roger_Body,0.02666974
144.9602,Collider_Roger_Body,0.02286355
144.9713,Collider_Roger_Body,0.01942413
144.9825,Collider_Roger_Body,0.02132719
144.9939,Collider_Roger_Body,0.02100042
145.0049,Collider_Roger_Body,0.02209366
145.0159,Collider_Roger_Body,0.02674279
145.027,Collider_Roger_Body,0.02575716
145.0381,Collider_Roger_Body,0.02457254
145.0493,Collider_Roger_Body,0.0288234
145.0603,Collider_Roger_Body,0.02596395
145.0714,Collider_Roger_Body,0.02007769
145.0826,Collider_Roger_Body,0.01419588
145.0935,Collider_Roger_Body,0.01378802
145.1047,Collider_Roger_Body,0.02328078
145.1158,Collider_Roger_Body,0.04228012
145.1269,Collider_Roger_Body,0.06057474
145.1381,Collider_Roger_Body,0.06827803
145.149,Collider_Roger_Body,0.0783009
145.1602,Collider_Roger_Body,0.08487258
145.1713,Collider_Roger_Body,0.08489715
145.1832,Collider_Roger_Body,0.08083393
145.1936,Collider_Roger_Body,0.07396058
145.2049,Collider_Roger_Body,0.0661198
145.2158,Collider_Roger_Body,0.05818265
145.2269,Collider_Roger_Body,0.05277345
145.2379,Collider_Roger_Body,0.04544073
145.249,Collider_Roger_Body,0.04360893
145.2601,Collider_Roger_Body,0.03488753
145.2713,Collider_Roger_Body,0.03245476
145.2823,Collider_Roger_Body,0.03099389
145.2934,Collider_Roger_Body,0.03417186
145.3047,Collider_Roger_Body,0.03508603
145.3156,Collider_Roger_Body,0.0338295
145.3269,Collider_Roger_Body,0.03044732
145.3379,Collider_Roger_Body,0.02746961
145.349,Collider_Roger_Body,0.02724613
145.3602,Collider_Roger_Body,0.02147867
145.3712,Collider_Roger_Body,0.02164412
145.3824,Collider_Roger_Body,0.02224276
145.3933,Collider_Roger_Body,0.02551189
145.4046,Collider_Roger_Body,0.03323492
145.4156,Collider_Roger_Body,0.03410375
145.4267,Collider_Roger_Body,0.03665296
145.4378,Collider_Roger_Body,0.04748021
145.449,Collider_Roger_Body,0.06284646
145.4601,Collider_Roger_Body,0.07165264
145.4714,Collider_Roger_Body,0.07621706
145.4823,Collider_Roger_Body,0.0798548
145.4936,Nullreference,0.08420123
145.5047,Nullreference,0.08944403
145.5157,Nullreference,0.1004089
145.5267,Nullreference,0.1087942
145.5381,Nullreference,0.1124276
145.549,Nullreference,0.1204798
145.5601,Nullreference,0.1231633
145.5711,Nullreference,0.122727
145.5826,Nullreference,0.1270079
145.5933,Nullreference,0.1223829
145.6043,Nullreference,0.1159678
145.6154,Nullreference,0.1026304
145.6266,Nullreference,0.09279227
145.6377,Nullreference,0.07937019
145.6488,Nullreference,0.06653211
145.6599,Nullreference,0.05069825
145.6711,Nullreference,0.0413005
145.6823,Nullreference,0.04156436
145.6932,Nullreference,0.05681809
145.7045,Nullreference,0.07065428
145.7154,Nullreference,0.08360273
145.7267,Nullreference,0.09247749
145.7376,Nullreference,0.102818
145.7487,Nullreference,0.1135974
145.7598,Nullreference,0.1239127
145.7709,Nullreference,0.1276854
145.7822,Nullreference,0.134457
145.7932,Nullreference,0.1345906
145.8043,Nullreference,0.1386161
145.8153,Nullreference,0.1405803
145.8266,Nullreference,0.1358052
145.8376,Nullreference,0.14025
145.8488,Nullreference,0.1486468
145.8599,Nullreference,0.1522101
145.8709,Nullreference,0.1648761
145.8822,Nullreference,0.1746849
145.8931,Nullreference,0.1950486
145.9043,Nullreference,0.2148657
145.9154,Nullreference,0.2458917
145.9265,Nullreference,0.2819809
145.9376,PROPS_GMC_Gas_Series_V2:ctrl_tanker_truck,0.3228381
145.9487,PROPS_GMC_Gas_Series_V2:ctrl_tanker_truck,0.360376
145.9599,PROPS_GMC_Gas_Series_V2:ctrl_tanker_truck,0.4060181
145.9709,PROPS_GMC_Gas_Series_V2:ctrl_tanker_truck,0.440211
145.9821,PROPS_GMC_Gas_Series_V2:ctrl_tanker_truck,0.4807629
145.9933,PROPS_GMC_Gas_Series_V2:ctrl_tanker_truck,0.5105688
146.0044,PROPS_GMC_Gas_Series_V2:ctrl_tanker_truck,0.5393412
146.0153,PROPS_GMC_Gas_Series_V2:ctrl_tanker_truck,0.5635722
146.0265,PROPS_GMC_Gas_Series_V2:ctrl_tanker_truck,0.5844083
146.0376,PROPS_GMC_Gas_Series_V2:ctrl_tanker_truck,0.5984025
146.0485,PROPS_GMC_Gas_Series_V2:ctrl_tanker_truck,0.6106693
146.0597,PROPS_GMC_Gas_Series_V2:ctrl_tanker_truck,0.6117214
146.0708,PROPS_GMC_Gas_Series_V2:ctrl_tanker_truck,0.6020766
146.0823,PROPS_GMC_Gas_Series_V2:ctrl_tanker_truck,0.590811
146.0931,PROPS_GMC_Gas_Series_V2:ctrl_tanker_truck,0.5722
146.1042,PROPS_GMC_Gas_Series_V2:ctrl_tanker_truck,0.5485766
146.1152,PROPS_GMC_Gas_Series_V2:ctrl_tanker_truck,0.5134652
146.1264,PROPS_GMC_Gas_Series_V2:ctrl_tanker_truck,0.474882
146.1374,PROPS_GMC_Gas_Series_V2:ctrl_tanker_truck,0.4349642
146.1486,PROPS_GMC_Gas_Series_V2:ctrl_tanker_truck,0.3840537
146.1596,PROPS_GMC_Gas_Series_V2:ctrl_tanker_truck,0.3381919
146.1708,PROPS_GMC_Gas_Series_V2:ctrl_tanker_truck,0.2838949
146.1822,PROPS_GMC_Gas_Series_V2:ctrl_tanker_truck,0.2360695
146.1933,PROPS_GMC_Gas_Series_V2:ctrl_tanker_truck,0.1790085
146.2041,PROPS_GMC_Gas_Series_V2:ctrl_tanker_truck,0.1266335
146.2152,PROPS_GMC_Gas_Series_V2:ctrl_tanker_truck,0.09106647
146.2263,PROPS_GMC_Gas_Series_V2:ctrl_tanker_truck,0.06835644
146.2375,PROPS_GMC_Gas_Series_V2:ctrl_tanker_truck,0.07588493
146.2484,PROPS_GMC_Gas_Series_V2:ctrl_tanker_truck,0.1001799
146.2596,PROPS_GMC_Gas_Series_V2:ctrl_tanker_truck,0.1236417
146.2707,PROPS_GMC_Gas_Series_V2:ctrl_tanker_truck,0.1472125
146.282,PROPS_GMC_Gas_Series_V2:ctrl_tanker_truck,0.1639099
146.293,PROPS_GMC_Gas_Series_V2:ctrl_tanker_truck,0.1688323
146.304,PROPS_GMC_Gas_Series_V2:ctrl_tanker_truck,0.1748696
146.3152,PROPS_GMC_Gas_Series_V2:ctrl_tanker_truck,0.1726962
146.3262,PROPS_GMC_Gas_Series_V2:ctrl_tanker_truck,0.1682111
146.3375,PROPS_GMC_Gas_Series_V2:ctrl_tanker_truck,0.1572618
146.3485,PROPS_GMC_Gas_Series_V2:ctrl_tanker_truck,0.1381912
146.3596,PROPS_GMC_Gas_Series_V2:ctrl_tanker_truck,0.1228181
146.3706,PROPS_GMC_Gas_Series_V2:ctrl_tanker_truck,0.1029965
146.3819,PROPS_GMC_Gas_Series_V2:ctrl_tanker_truck,0.08582893
146.3934,PROPS_GMC_Gas_Series_V2:ctrl_tanker_truck,0.0649801
146.4041,PROPS_GMC_Gas_Series_V2:ctrl_tanker_truck,0.04557162
146.4151,PROPS_GMC_Gas_Series_V2:ctrl_tanker_truck,0.0300374
146.4264,PROPS_GMC_Gas_Series_V2:ctrl_tanker_truck,0.02904152
146.4373,PROPS_GMC_Gas_Series_V2:ctrl_tanker_truck,0.03898936
146.4484,PROPS_GMC_Gas_Series_V2:ctrl_tanker_truck,0.05690756
146.4597,PROPS_GMC_Gas_Series_V2:ctrl_tanker_truck,0.07438745
146.4708,PROPS_GMC_Gas_Series_V2:ctrl_tanker_truck,0.08794394
146.482,PROPS_GMC_Gas_Series_V2:ctrl_tanker_truck,0.101827
146.4929,PROPS_GMC_Gas_Series_V2:ctrl_tanker_truck,0.1107519
146.5071,PROPS_GMC_Gas_Series_V2:ctrl_tanker_truck,0.1135873
146.518,PROPS_GMC_Gas_Series_V2:ctrl_tanker_truck,0.1120479
146.527,PROPS_GMC_Gas_Series_V2:ctrl_tanker_truck,0.1118501
146.5373,PROPS_GMC_Gas_Series_V2:ctrl_tanker_truck,0.1132606
146.5484,PROPS_GMC_Gas_Series_V2:ctrl_tanker_truck,0.1017522
146.5595,PROPS_GMC_Gas_Series_V2:ctrl_tanker_truck,0.09908108
146.5706,PROPS_GMC_Gas_Series_V2:ctrl_tanker_truck,0.08685432
146.5816,PROPS_GMC_Gas_Series_V2:ctrl_tanker_truck,0.07715068
146.5929,PROPS_GMC_Gas_Series_V2:ctrl_tanker_truck,0.06222442
146.6039,PROPS_GMC_Gas_Series_V2:ctrl_tanker_truck,0.05706501
146.6152,PROPS_GMC_Gas_Series_V2:ctrl_tanker_truck,0.04696496
146.6263,PROPS_GMC_Gas_Series_V2:ctrl_tanker_truck,0.03584522
146.6373,PROPS_GMC_Gas_Series_V2:ctrl_tanker_truck,0.03062672
146.6483,PROPS_GMC_Gas_Series_V2:ctrl_tanker_truck,0.02559367
146.6595,PROPS_GMC_Gas_Series_V2:ctrl_tanker_truck,0.01891882
146.6708,PROPS_GMC_Gas_Series_V2:ctrl_tanker_truck,0.01469749
146.6817,PROPS_GMC_Gas_Series_V2:ctrl_tanker_truck,0.02282532
146.6927,PROPS_GMC_Gas_Series_V2:ctrl_tanker_truck,0.02353831
146.704,PROPS_GMC_Gas_Series_V2:ctrl_tanker_truck,0.02647262
146.715,PROPS_GMC_Gas_Series_V2:ctrl_tanker_truck,0.02615366
146.7262,PROPS_GMC_Gas_Series_V2:ctrl_tanker_truck,0.02141539
146.7371,PROPS_GMC_Gas_Series_V2:ctrl_tanker_truck,0.02333405
146.7483,PROPS_GMC_Gas_Series_V2:ctrl_tanker_truck,0.02354021
146.7594,PROPS_GMC_Gas_Series_V2:ctrl_tanker_truck,0.01750034
146.7704,PROPS_GMC_Gas_Series_V2:ctrl_tanker_truck,0.0128456
146.7818,PROPS_GMC_Gas_Series_V2:ctrl_tanker_truck,0.01005695
146.7928,PROPS_GMC_Gas_Series_V2:ctrl_tanker_truck,0.008091876
146.8038,PROPS_GMC_Gas_Series_V2:ctrl_tanker_truck,0.0142922
146.815,PROPS_GMC_Gas_Series_V2:ctrl_tanker_truck,0.01308357
146.8261,PROPS_GMC_Gas_Series_V2:ctrl_tanker_truck,0.02033452
146.8373,PROPS_GMC_Gas_Series_V2:ctrl_tanker_truck,0.0238917
146.8482,PROPS_GMC_Gas_Series_V2:ctrl_tanker_truck,0.02843172
146.8594,PROPS_GMC_Gas_Series_V2:ctrl_tanker_truck,0.03978178
146.8705,PROPS_GMC_Gas_Series_V2:ctrl_tanker_truck,0.04139758
146.8816,PROPS_GMC_Gas_Series_V2:ctrl_tanker_truck,0.04994968
146.8927,PROPS_GMC_Gas_Series_V2:ctrl_tanker_truck,0.05895919
146.9038,PROPS_GMC_Gas_Series_V2:ctrl_tanker_truck,0.05789483
146.9149,PROPS_GMC_Gas_Series_V2:ctrl_tanker_truck,0.06617548
146.9261,PROPS_GMC_Gas_Series_V2:ctrl_tanker_truck,0.0680368
146.9372,PROPS_GMC_Gas_Series_V2:ctrl_tanker_truck,0.07132716
146.9482,PROPS_GMC_Gas_Series_V2:ctrl_tanker_truck,0.06976805
146.9592,PROPS_GMC_Gas_Series_V2:ctrl_tanker_truck,0.07042949
146.9704,PROPS_GMC_Gas_Series_V2:ctrl_tanker_truck,0.07549319
146.9814,PROPS_GMC_Gas_Series_V2:ctrl_tanker_truck,0.0752908
146.9927,PROPS_GMC_Gas_Series_V2:ctrl_tanker_truck,0.07067157
147.0039,PROPS_GMC_Gas_Series_V2:ctrl_tanker_truck,0.07304885
147.0148,PROPS_GMC_Gas_Series_V2:ctrl_tanker_truck,0.07357221
147.026,PROPS_GMC_Gas_Series_V2:ctrl_tanker_truck,0.07120716
147.0371,PROPS_GMC_Gas_Series_V2:ctrl_tanker_truck,0.07255802
147.0482,PROPS_GMC_Gas_Series_V2:ctrl_tanker_truck,0.07147419
147.0593,PROPS_GMC_Gas_Series_V2:ctrl_tanker_truck,0.06556413
147.0704,PROPS_GMC_Gas_Series_V2:ctrl_tanker_truck,0.06241401
147.0815,PROPS_GMC_Gas_Series_V2:ctrl_tanker_truck,0.06198778
147.0928,PROPS_GMC_Gas_Series_V2:ctrl_tanker_truck,0.05806029
147.1038,PROPS_GMC_Gas_Series_V2:ctrl_tanker_truck,0.06080133
147.1148,PROPS_GMC_Gas_Series_V2:ctrl_tanker_truck,0.05056695
147.126,PROPS_GMC_Gas_Series_V2:ctrl_tanker_truck,0.05397947
147.1373,PROPS_GMC_Gas_Series_V2:ctrl_tanker_truck,0.04447936
147.1482,PROPS_GMC_Gas_Series_V2:ctrl_tanker_truck,0.04415237
147.1593,PROPS_GMC_Gas_Series_V2:ctrl_tanker_truck,0.05205935
147.1704,PROPS_GMC_Gas_Series_V2:ctrl_tanker_truck,0.05382323
147.1815,PROPS_GMC_Gas_Series_V2:ctrl_tanker_truck,0.06094389
147.1926,PROPS_GMC_Gas_Series_V2:ctrl_tanker_truck,0.05648299
147.2039,PROPS_GMC_Gas_Series_V2:ctrl_tanker_truck,0.05827029
147.2148,PROPS_GMC_Gas_Series_V2:ctrl_tanker_truck,0.05279658
147.2258,PROPS_GMC_Gas_Series_V2:ctrl_tanker_truck,0.04888319
147.237,PROPS_GMC_Gas_Series_V2:ctrl_tanker_truck,0.04496835
147.2482,PROPS_GMC_Gas_Series_V2:ctrl_tanker_truck,0.04353613
147.2591,PROPS_GMC_Gas_Series_V2:ctrl_tanker_truck,0.03703193
147.2703,PROPS_GMC_Gas_Series_V2:ctrl_tanker_truck,0.03498584
147.2814,PROPS_GMC_Gas_Series_V2:ctrl_tanker_truck,0.03308627
147.2925,PROPS_GMC_Gas_Series_V2:ctrl_tanker_truck,0.03459349
147.3036,PROPS_GMC_Gas_Series_V2:ctrl_tanker_truck,0.03508708
147.3147,PROPS_GMC_Gas_Series_V2:ctrl_tanker_truck,0.02939758
147.3259,PROPS_GMC_Gas_Series_V2:ctrl_tanker_truck,0.02510318
147.3371,PROPS_GMC_Gas_Series_V2:ctrl_tanker_truck,0.02156135
147.3481,PROPS_GMC_Gas_Series_V2:ctrl_tanker_truck,0.01670082
147.3592,PROPS_GMC_Gas_Series_V2:ctrl_tanker_truck,0.01658007
147.3704,PROPS_GMC_Gas_Series_V2:ctrl_tanker_truck,0.01455043
147.3814,PROPS_GMC_Gas_Series_V2:ctrl_tanker_truck,0.01108513
147.3926,PROPS_GMC_Gas_Series_V2:ctrl_tanker_truck,0.01071362
147.4037,PROPS_GMC_Gas_Series_V2:ctrl_tanker_truck,0.01168217
147.4147,PROPS_GMC_Gas_Series_V2:ctrl_tanker_truck,0.01168558
147.4258,PROPS_GMC_Gas_Series_V2:ctrl_tanker_truck,0.01422871
147.4369,PROPS_GMC_Gas_Series_V2:ctrl_tanker_truck,0.01642266
147.448,PROPS_GMC_Gas_Series_V2:ctrl_tanker_truck,0.02078706
147.4592,PROPS_GMC_Gas_Series_V2:ctrl_tanker_truck,0.02307127
147.4704,PROPS_GMC_Gas_Series_V2:ctrl_tanker_truck,0.02599718
147.4813,PROPS_GMC_Gas_Series_V2:ctrl_tanker_truck,0.02646829
147.4925,PROPS_GMC_Gas_Series_V2:ctrl_tanker_truck,0.0258121
147.5036,PROPS_GMC_Gas_Series_V2:ctrl_tanker_truck,0.02373683
147.5146,PROPS_GMC_Gas_Series_V2:ctrl_tanker_truck,0.02746232
147.5257,PROPS_GMC_Gas_Series_V2:ctrl_tanker_truck,0.02484754
147.5371,PROPS_GMC_Gas_Series_V2:ctrl_tanker_truck,0.02778995
147.5481,PROPS_GMC_Gas_Series_V2:ctrl_tanker_truck,0.02432122
147.559,PROPS_GMC_Gas_Series_V2:ctrl_tanker_truck,0.02997272
147.5703,PROPS_GMC_Gas_Series_V2:ctrl_tanker_truck,0.02940547
147.5813,PROPS_GMC_Gas_Series_V2:ctrl_tanker_truck,0.03300165
147.5925,PROPS_GMC_Gas_Series_V2:ctrl_tanker_truck,0.03036192
147.6035,PROPS_GMC_Gas_Series_V2:ctrl_tanker_truck,0.03117651
147.6146,PROPS_GMC_Gas_Series_V2:ctrl_tanker_truck,0.03189373
147.6257,PROPS_GMC_Gas_Series_V2:ctrl_tanker_truck,0.02951358
147.6372,PROPS_GMC_Gas_Series_V2:ctrl_tanker_truck,0.02820439
147.6479,PROPS_GMC_Gas_Series_V2:ctrl_tanker_truck,0.03216255
147.6591,PROPS_GMC_Gas_Series_V2:ctrl_tanker_truck,0.03379365
147.6702,PROPS_GMC_Gas_Series_V2:ctrl_tanker_truck,0.03309334
147.6812,PROPS_GMC_Gas_Series_V2:ctrl_tanker_truck,0.02946695
147.6925,PROPS_GMC_Gas_Series_V2:ctrl_tanker_truck,0.03248522
147.7035,PROPS_GMC_Gas_Series_V2:ctrl_tanker_truck,0.02813517
147.7146,PROPS_GMC_Gas_Series_V2:ctrl_tanker_truck,0.01982312
147.7256,PROPS_GMC_Gas_Series_V2:ctrl_tanker_truck,0.02186034
147.7368,PROPS_GMC_Gas_Series_V2:ctrl_tanker_truck,0.02104321
147.7479,PROPS_GMC_Gas_Series_V2:ctrl_tanker_truck,0.01787342
147.759,PROPS_GMC_Gas_Series_V2:ctrl_tanker_truck,0.02186226
147.7702,PROPS_GMC_Gas_Series_V2:ctrl_tanker_truck,0.02641806
147.7813,PROPS_GMC_Gas_Series_V2:ctrl_tanker_truck,0.02257121
147.7923,PROPS_GMC_Gas_Series_V2:ctrl_tanker_truck,0.01927321
147.8035,PROPS_GMC_Gas_Series_V2:ctrl_tanker_truck,0.01609387
147.8146,PROPS_GMC_Gas_Series_V2:ctrl_tanker_truck,0.01472006
147.8256,PROPS_GMC_Gas_Series_V2:ctrl_tanker_truck,0.02355747
147.8367,PROPS_GMC_Gas_Series_V2:ctrl_tanker_truck,0.03206786
147.8478,PROPS_GMC_Gas_Series_V2:ctrl_tanker_truck,0.03739553
147.8589,PROPS_GMC_Gas_Series_V2:ctrl_tanker_truck,0.03989223
147.8701,PROPS_GMC_Gas_Series_V2:ctrl_tanker_truck,0.03855928
147.8812,PROPS_GMC_Gas_Series_V2:ctrl_tanker_truck,0.03824921
147.8923,PROPS_GMC_Gas_Series_V2:ctrl_tanker_truck,0.04143497
147.9033,PROPS_GMC_Gas_Series_V2:ctrl_tanker_truck,0.04242504
147.9145,PROPS_GMC_Gas_Series_V2:ctrl_tanker_truck,0.04348519
147.9257,Nullreference,0.04489497
147.9368,Nullreference,0.0401119
147.9477,Nullreference,0.0388766
147.9588,Nullreference,0.02975791
147.9702,Nullreference,0.02217202
147.981,Nullreference,0.0207392
147.9921,Nullreference,0.01429174
148.0034,Nullreference,0.01486712
148.0146,Nullreference,0.01485863
148.0258,Nullreference,0.01337822
148.0368,Nullreference,0.01245666
148.0477,Nullreference,0.01921069
148.0588,PROPS_GMC_Gas_Series_V2:ctrl_tanker_truck,0.02336441
148.0699,PROPS_GMC_Gas_Series_V2:ctrl_tanker_truck,0.02807069
148.0812,PROPS_GMC_Gas_Series_V2:ctrl_tanker_truck,0.02998361
148.0922,PROPS_GMC_Gas_Series_V2:ctrl_tanker_truck,0.031847
148.1033,PROPS_GMC_Gas_Series_V2:ctrl_tanker_truck,0.03760454
148.1144,PROPS_GMC_Gas_Series_V2:ctrl_tanker_truck,0.03672969
148.1254,PROPS_GMC_Gas_Series_V2:ctrl_tanker_truck,0.04075535
148.1367,PROPS_GMC_Gas_Series_V2:ctrl_tanker_truck,0.03735194
148.1477,PROPS_GMC_Gas_Series_V2:ctrl_tanker_truck,0.04263115
148.1588,PROPS_GMC_Gas_Series_V2:ctrl_tanker_truck,0.04459171
148.1699,PROPS_GMC_Gas_Series_V2:ctrl_tanker_truck,0.04225253
148.1811,PROPS_GMC_Gas_Series_V2:ctrl_tanker_truck,0.04138517
148.1922,PROPS_GMC_Gas_Series_V2:ctrl_tanker_truck,0.04488865
148.2035,PROPS_GMC_Gas_Series_V2:ctrl_tanker_truck,0.04237559
148.2144,PROPS_GMC_Gas_Series_V2:ctrl_tanker_truck,0.04213377
148.2262,PROPS_GMC_Gas_Series_V2:ctrl_tanker_truck,0.04379065
148.2367,PROPS_GMC_Gas_Series_V2:ctrl_tanker_truck,0.039916
148.2476,PROPS_GMC_Gas_Series_V2:ctrl_tanker_truck,0.04103209
148.2587,PROPS_GMC_Gas_Series_V2:ctrl_tanker_truck,0.04275231
148.2699,PROPS_GMC_Gas_Series_V2:ctrl_tanker_truck,0.03912888
148.2809,PROPS_GMC_Gas_Series_V2:ctrl_tanker_truck,0.0388092
148.2922,PROPS_GMC_Gas_Series_V2:ctrl_tanker_truck,0.0434636
148.3032,PROPS_GMC_Gas_Series_V2:ctrl_tanker_truck,0.04124521
148.3144,PROPS_GMC_Gas_Series_V2:ctrl_tanker_truck,0.04560072
148.3255,PROPS_GMC_Gas_Series_V2:ctrl_tanker_truck,0.04263671
148.3365,PROPS_GMC_Gas_Series_V2:ctrl_tanker_truck,0.04715692
148.3476,PROPS_GMC_Gas_Series_V2:ctrl_tanker_truck,0.04534592
148.3588,PROPS_GMC_Gas_Series_V2:ctrl_tanker_truck,0.04658386
148.3699,PROPS_GMC_Gas_Series_V2:ctrl_tanker_truck,0.04588559
148.3809,PROPS_GMC_Gas_Series_V2:ctrl_tanker_truck,0.04735572
148.392,PROPS_GMC_Gas_Series_V2:ctrl_tanker_truck,0.04951771
148.4032,PROPS_GMC_Gas_Series_V2:ctrl_tanker_truck,0.04540026
148.4142,PROPS_GMC_Gas_Series_V2:ctrl_tanker_truck,0.05059334
148.4254,PROPS_GMC_Gas_Series_V2:ctrl_tanker_truck,0.04690628
148.4367,PROPS_GMC_Gas_Series_V2:ctrl_tanker_truck,0.04410613
148.4476,PROPS_GMC_Gas_Series_V2:ctrl_tanker_truck,0.04254
148.4589,PROPS_GMC_Gas_Series_V2:ctrl_tanker_truck,0.0440249
148.4697,PROPS_GMC_Gas_Series_V2:ctrl_tanker_truck,0.04354054
148.4809,PROPS_GMC_Gas_Series_V2:ctrl_tanker_truck,0.04361872
148.492,PROPS_GMC_Gas_Series_V2:ctrl_tanker_truck,0.04506754
148.5033,PROPS_GMC_Gas_Series_V2:ctrl_tanker_truck,0.04779927
148.5143,PROPS_GMC_Gas_Series_V2:ctrl_tanker_truck,0.05297042
148.5253,PROPS_GMC_Gas_Series_V2:ctrl_tanker_truck,0.05226395
148.5366,PROPS_GMC_Gas_Series_V2:ctrl_tanker_truck,0.04784121
148.5475,PROPS_GMC_Gas_Series_V2:ctrl_tanker_truck,0.04315954
148.5587,PROPS_GMC_Gas_Series_V2:ctrl_tanker_truck,0.03725861
148.5699,PROPS_GMC_Gas_Series_V2:ctrl_tanker_truck,0.03682924
148.5808,PROPS_GMC_Gas_Series_V2:ctrl_tanker_truck,0.03486905
148.5922,PROPS_GMC_Gas_Series_V2:ctrl_tanker_truck,0.03667348
148.6031,PROPS_GMC_Gas_Series_V2:ctrl_tanker_truck,0.03491552
148.6143,PROPS_GMC_Gas_Series_V2:ctrl_tanker_truck,0.03645397
148.6252,PROPS_GMC_Gas_Series_V2:ctrl_tanker_truck,0.03356567
148.6365,PROPS_GMC_Gas_Series_V2:ctrl_tanker_truck,0.04255353
148.6477,PROPS_GMC_Gas_Series_V2:ctrl_tanker_truck,0.04772288
148.6586,PROPS_GMC_Gas_Series_V2:ctrl_tanker_truck,0.04664023
148.6698,PROPS_GMC_Gas_Series_V2:ctrl_tanker_truck,0.04985091
148.6809,PROPS_GMC_Gas_Series_V2:ctrl_tanker_truck,0.05111872
148.6919,PROPS_GMC_Gas_Series_V2:ctrl_tanker_truck,0.04813918
148.7031,PROPS_GMC_Gas_Series_V2:ctrl_tanker_truck,0.05014882
148.7142,PROPS_GMC_Gas_Series_V2:ctrl_tanker_truck,0.04919847
148.7252,PROPS_GMC_Gas_Series_V2:ctrl_tanker_truck,0.04858791
148.7364,PROPS_GMC_Gas_Series_V2:ctrl_tanker_truck,0.04645415
148.7475,PROPS_GMC_Gas_Series_V2:ctrl_tanker_truck,0.04707678
148.7586,PROPS_GMC_Gas_Series_V2:ctrl_tanker_truck,0.05290692
148.7696,PROPS_GMC_Gas_Series_V2:ctrl_tanker_truck,0.05731847
148.7807,PROPS_GMC_Gas_Series_V2:ctrl_tanker_truck,0.05662118
148.7918,PROPS_GMC_Gas_Series_V2:ctrl_tanker_truck,0.05396801
148.8031,PROPS_GMC_Gas_Series_V2:ctrl_tanker_truck,0.05164495
148.8141,PROPS_GMC_Gas_Series_V2:ctrl_tanker_truck,0.05035403
148.8252,PROPS_GMC_Gas_Series_V2:ctrl_tanker_truck,0.04718285
148.8363,PROPS_GMC_Gas_Series_V2:ctrl_tanker_truck,0.04988665
148.8474,PROPS_GMC_Gas_Series_V2:ctrl_tanker_truck,0.0476077
148.8584,PROPS_GMC_Gas_Series_V2:ctrl_tanker_truck,0.0502092
148.8696,PROPS_GMC_Gas_Series_V2:ctrl_tanker_truck,0.04797912
148.8807,PROPS_GMC_Gas_Series_V2:ctrl_tanker_truck,0.05046179
148.8919,PROPS_GMC_Gas_Series_V2:ctrl_tanker_truck,0.05510169
148.9032,PROPS_GMC_Gas_Series_V2:ctrl_tanker_truck,0.05447396
148.9141,PROPS_GMC_Gas_Series_V2:ctrl_tanker_truck,0.06063631
148.9251,PROPS_GMC_Gas_Series_V2:ctrl_tanker_truck,0.06286871
148.9363,PROPS_GMC_Gas_Series_V2:ctrl_tanker_truck,0.07663171
148.9473,PROPS_GMC_Gas_Series_V2:ctrl_tanker_truck,0.08242693
148.9585,PROPS_GMC_Gas_Series_V2:ctrl_tanker_truck,0.08793983
148.9697,PROPS_GMC_Gas_Series_V2:ctrl_tanker_truck,0.1011204
148.9807,PROPS_GMC_Gas_Series_V2:ctrl_tanker_truck,0.102963
148.9919,PROPS_GMC_Gas_Series_V2:ctrl_tanker_truck,0.1066743
149.003,PROPS_GMC_Gas_Series_V2:ctrl_tanker_truck,0.1120422
149.014,PROPS_GMC_Gas_Series_V2:ctrl_tanker_truck,0.1102548
149.0251,PROPS_GMC_Gas_Series_V2:ctrl_tanker_truck,0.1074179
149.0364,PROPS_GMC_Gas_Series_V2:ctrl_tanker_truck,0.1045456
149.0473,PROPS_GMC_Gas_Series_V2:ctrl_tanker_truck,0.09664215
149.0584,PROPS_GMC_Gas_Series_V2:ctrl_tanker_truck,0.09146369
149.0695,PROPS_GMC_Gas_Series_V2:ctrl_tanker_truck,0.08521429
149.0806,PROPS_GMC_Gas_Series_V2:ctrl_tanker_truck,0.07713232
149.0918,PROPS_GMC_Gas_Series_V2:ctrl_tanker_truck,0.07099637
149.1029,PROPS_GMC_Gas_Series_V2:ctrl_tanker_truck,0.06466665
149.114,PROPS_GMC_Gas_Series_V2:ctrl_tanker_truck,0.05298932
149.1252,PROPS_GMC_Gas_Series_V2:ctrl_tanker_truck,0.05186778
149.1362,PROPS_GMC_Gas_Series_V2:ctrl_tanker_truck,0.04753668
149.1473,PROPS_GMC_Gas_Series_V2:ctrl_tanker_truck,0.04836575
149.1584,PROPS_GMC_Gas_Series_V2:ctrl_tanker_truck,0.04794848
149.1694,PROPS_GMC_Gas_Series_V2:ctrl_tanker_truck,0.04110982
149.1806,PROPS_GMC_Gas_Series_V2:ctrl_tanker_truck,0.03365148
149.1919,PROPS_GMC_Gas_Series_V2:ctrl_tanker_truck,0.03324023
149.203,PROPS_GMC_Gas_Series_V2:ctrl_tanker_truck,0.03290944
149.214,PROPS_GMC_Gas_Series_V2:ctrl_tanker_truck,0.03440364
149.2251,PROPS_GMC_Gas_Series_V2:ctrl_tanker_truck,0.03783279
149.2363,PROPS_GMC_Gas_Series_V2:ctrl_tanker_truck,0.04031672
149.2474,Nullreference,0.04418775
149.2583,Nullreference,0.05357106
149.2695,Nullreference,0.05927776
149.2803,Nullreference,0.06969603
149.2916,Nullreference,0.07520592
149.3026,Nullreference,0.08804585
149.3139,Nullreference,0.08995511
149.325,Nullreference,0.09575681
149.3361,Nullreference,0.09474618
149.347,Nullreference,0.09103253
149.3582,Nullreference,0.1007629
149.3694,Nullreference,0.0983848
149.3804,Nullreference,0.09469468
149.3916,Nullreference,0.08682135
149.4027,Nullreference,0.07732134
149.4139,Nullreference,0.06799358
149.4248,Nullreference,0.05885446
149.436,Nullreference,0.05373833
149.4472,Nullreference,0.04712683
149.4582,Nullreference,0.0358551
149.4692,Nullreference,0.03089943
149.4806,Nullreference,0.02785734
149.4916,Nullreference,0.03733354
149.5026,Nullreference,0.04479462
149.5137,Nullreference,0.05002042
149.5248,Nullreference,0.0604433
149.5359,Nullreference,0.06281675
149.547,Nullreference,0.06436356
149.558,Nullreference,0.06914977
149.5694,Nullreference,0.06704644
149.5805,Nullreference,0.06799168
149.5914,Nullreference,0.06375893
149.6027,Nullreference,0.05605792
149.6135,Nullreference,0.05688447
149.6247,Nullreference,0.05209365
149.6358,Nullreference,0.05777403
149.6471,Nullreference,0.05442752
149.6581,Nullreference,0.06261318
149.6691,Nullreference,0.07110298
149.6801,Nullreference,0.07451798
149.6914,Nullreference,0.08171588
149.7025,Nullreference,0.09309446
149.7136,Nullreference,0.09459344
149.7248,Nullreference,0.09987405
149.7359,Nullreference,0.1012476
149.7469,Nullreference,0.09831968
149.7581,Nullreference,0.09908674
149.7691,Nullreference,0.1009465
149.7802,Nullreference,0.09545938
149.7914,Nullreference,0.09429473
149.8025,Nullreference,0.08999911
149.8137,Nullreference,0.08357174
149.8248,Nullreference,0.08868017
149.8359,Nullreference,0.08734819
149.8469,Nullreference,0.08844859
149.8579,Nullreference,0.08635006
149.8691,Nullreference,0.0859179
149.8803,Nullreference,0.08943639
149.8914,Nullreference,0.09208176
149.9024,Nullreference,0.09267728
149.9137,Nullreference,0.09605473
149.9247,Nullreference,0.09844008
149.9359,Nullreference,0.09861113
149.9468,Nullreference,0.1017368
149.958,Nullreference,0.1008501
149.9692,Nullreference,0.09953427
149.9802,Nullreference,0.1008248
149.9917,Nullreference,0.09837846
150.0025,Nullreference,0.09683689
150.0134,Nullreference,0.09468241
150.0246,Nullreference,0.1005415
150.0361,Nullreference,0.1041641
150.0468,Nullreference,0.1107896
150.058,Nullreference,0.1061327
150.0691,Nullreference,0.1115741
150.0801,Nullreference,0.1172575
150.0913,Nullreference,0.1261301
150.1024,Nullreference,0.1268682
150.1134,Nullreference,0.1330163
150.1246,Nullreference,0.1352183
150.1356,Nullreference,0.1366047
150.1468,Nullreference,0.1406106
150.1579,Nullreference,0.1421573
150.169,Nullreference,0.1418943
150.1801,Nullreference,0.1405619
150.1912,Nullreference,0.1413936
150.2024,Nullreference,0.1453101
150.2137,Nullreference,0.1546032
150.2245,Nullreference,0.1613036
150.2357,Nullreference,0.1627074
150.2468,Nullreference,0.1603568
150.2579,Nullreference,0.1554805
150.2688,Nullreference,0.1417867
150.2801,Nullreference,0.1312488
150.2915,Nullreference,0.1268685
150.3023,Nullreference,0.1286448
150.3134,Nullreference,0.1319319
150.3245,Nullreference,0.1348806
150.3356,Nullreference,0.1471412
150.3467,Nullreference,0.1595482
150.3578,Nullreference,0.1794737
150.3689,Nullreference,0.2046243
150.3801,Nullreference,0.2243562
150.391,Nullreference,0.2360052
150.4023,Nullreference,0.248133
150.4138,Nullreference,0.2506988
150.4245,Nullreference,0.2543877
150.4358,Nullreference,0.2542964
150.4468,Nullreference,0.2576971
150.4582,Nullreference,0.2634977
150.4691,Nullreference,0.2572618
150.4801,Nullreference,0.2579304
150.4911,Nullreference,0.2524341
150.5023,Nullreference,0.2511386
150.5135,Nullreference,0.2439227
150.5246,Nullreference,0.2567885
150.5357,Nullreference,0.2872549
150.5467,Nullreference,0.3311956
150.5578,Nullreference,0.4061389
150.5691,Nullreference,0.4787629
150.5801,Nullreference,0.5799717
150.5912,Nullreference,0.6806138
150.6026,Nullreference,0.8031292
150.6134,Nullreference,0.9256104
150.6246,Nullreference,1.032233
150.6357,Nullreference,1.175215
150.6467,Nullreference,1.292998
150.6578,Nullreference,1.42075
150.6691,Nullreference,1.52829
150.6801,Collider_Roger_Body,1.620258
150.6913,Collider_Roger_Body,1.715433
150.7023,Nullreference,1.796811
150.7135,Collider_Roger_Body,1.885908
150.7246,Collider_Roger_Body,1.948274
150.7359,Nullreference,2.013084
150.7469,Nullreference,2.055908
150.7579,Nullreference,2.096988
150.7691,Nullreference,2.125682
150.7804,Nullreference,2.144027
150.7911,Nullreference,2.159788
150.8024,PROPS_GMC_Gas_Series_V2:ctrl_tanker_truck,2.169199
150.8134,PROPS_GMC_Gas_Series_V2:ctrl_tanker_truck,2.193686
150.8245,PROPS_GMC_Gas_Series_V2:ctrl_tanker_truck,2.21093
150.8355,PROPS_GMC_Gas_Series_V2:ctrl_tanker_truck,2.221963
150.8469,PROPS_GMC_Gas_Series_V2:ctrl_tanker_truck,2.219415
150.858,PROPS_GMC_Gas_Series_V2:ctrl_tanker_truck,2.215649
150.8688,PROPS_GMC_Gas_Series_V2:ctrl_tanker_truck,2.209071
150.88,PROPS_GMC_Gas_Series_V2:ctrl_tanker_truck,2.206781
150.8911,PROPS_GMC_Gas_Series_V2:ctrl_tanker_truck,2.192914
150.9022,PROPS_GMC_Gas_Series_V2:ctrl_tanker_truck,2.180384
150.9133,PROPS_GMC_Gas_Series_V2:ctrl_tanker_truck,2.169461
150.9245,PROPS_GMC_Gas_Series_V2:ctrl_tanker_truck,2.157936
150.9354,PROPS_GMC_Gas_Series_V2:ctrl_tanker_truck,2.130539
150.9466,PROPS_GMC_Gas_Series_V2:ctrl_tanker_truck,2.094162
150.9576,PROPS_GMC_Gas_Series_V2:ctrl_tanker_truck,2.04282
150.969,PROPS_GMC_Gas_Series_V2:ctrl_tanker_truck,1.953988
150.9801,PROPS_GMC_Gas_Series_V2:ctrl_tanker_truck,1.865047
150.991,PROPS_GMC_Gas_Series_V2:ctrl_tanker_truck,1.74232
151.0021,PROPS_GMC_Gas_Series_V2:ctrl_tanker_truck,1.648829
151.0133,PROPS_GMC_Gas_Series_V2:ctrl_tanker_truck,1.530646
151.0243,PROPS_GMC_Gas_Series_V2:ctrl_tanker_truck,1.424047
151.0354,PROPS_GMC_Gas_Series_V2:ctrl_tanker_truck,1.338649
151.0469,PROPS_GMC_Gas_Series_V2:ctrl_tanker_truck,1.250488
151.0576,PROPS_GMC_Gas_Series_V2:ctrl_tanker_truck,1.157185
151.0687,PROPS_GMC_Gas_Series_V2:ctrl_tanker_truck,1.075144
151.0798,PROPS_GMC_Gas_Series_V2:ctrl_tanker_truck,0.9792716
151.0909,PROPS_GMC_Gas_Series_V2:ctrl_tanker_truck,0.8761434
151.1021,PROPS_GMC_Gas_Series_V2:ctrl_tanker_truck,0.80345
151.1132,PROPS_GMC_Gas_Series_V2:ctrl_tanker_truck,0.7095515
151.1244,PROPS_GMC_Gas_Series_V2:ctrl_tanker_truck,0.640124
151.1355,PROPS_GMC_Gas_Series_V2:ctrl_tanker_truck,0.5578411
151.1467,PROPS_GMC_Gas_Series_V2:ctrl_tanker_truck,0.5044705
151.1576,PROPS_GMC_Gas_Series_V2:ctrl_tanker_truck,0.4540015
151.1689,PROPS_GMC_Gas_Series_V2:ctrl_tanker_truck,0.4034184
151.1799,PROPS_GMC_Gas_Series_V2:ctrl_tanker_truck,0.3505072
151.191,PROPS_GMC_Gas_Series_V2:ctrl_tanker_truck,0.315559
151.202,PROPS_GMC_Gas_Series_V2:ctrl_tanker_truck,0.2737001
151.2133,PROPS_GMC_Gas_Series_V2:ctrl_tanker_truck,0.2416808
151.2243,PROPS_GMC_Gas_Series_V2:ctrl_tanker_truck,0.2075449
151.2354,PROPS_GMC_Gas_Series_V2:ctrl_tanker_truck,0.1848704
151.2464,PROPS_GMC_Gas_Series_V2:ctrl_tanker_truck,0.1711561
151.2576,PROPS_GMC_Gas_Series_V2:ctrl_tanker_truck,0.1671887
151.2686,PROPS_GMC_Gas_Series_V2:ctrl_tanker_truck,0.1701696
151.28,PROPS_GMC_Gas_Series_V2:ctrl_tanker_truck,0.1745237
151.291,PROPS_GMC_Gas_Series_V2:ctrl_tanker_truck,0.1684673
151.3019,PROPS_GMC_Gas_Series_V2:ctrl_tanker_truck,0.1536545
151.3134,PROPS_GMC_Gas_Series_V2:ctrl_tanker_truck,0.1326929
151.3241,PROPS_GMC_Gas_Series_V2:ctrl_tanker_truck,0.1188123
151.3353,PROPS_GMC_Gas_Series_V2:ctrl_tanker_truck,0.1140434
151.3464,PROPS_GMC_Gas_Series_V2:ctrl_tanker_truck,0.1041394
151.3581,PROPS_GMC_Gas_Series_V2:ctrl_tanker_truck,0.1048807
151.3686,PROPS_GMC_Gas_Series_V2:ctrl_tanker_truck,0.1058065
151.3797,PROPS_GMC_Gas_Series_V2:ctrl_tanker_truck,0.1275347
151.3907,PROPS_GMC_Gas_Series_V2:ctrl_tanker_truck,0.1546539
151.4019,PROPS_GMC_Gas_Series_V2:ctrl_tanker_truck,0.1679316
151.413,PROPS_GMC_Gas_Series_V2:ctrl_tanker_truck,0.1658497
151.4241,PROPS_GMC_Gas_Series_V2:ctrl_tanker_truck,0.1525265
151.4355,PROPS_GMC_Gas_Series_V2:ctrl_tanker_truck,0.1433735
151.4463,PROPS_GMC_Gas_Series_V2:ctrl_tanker_truck,0.1345296
151.4576,Collider_Roger_State_action,0.130223
151.4687,Collider_Roger_State_action,0.1355975
151.4801,Collider_Roger_State_action,0.1515703
151.4909,Collider_Roger_State_action,0.1709479
151.5022,Collider_Roger_State_action,0.1925494
151.5133,Collider_Roger_State_action,0.2057951
151.5245,Collider_Roger_State_action,0.206878
151.5355,Collider_Roger_State_action,0.1975532
151.5467,Collider_Roger_State_action,0.1876371
151.5576,Collider_Roger_State_action,0.1642413
151.5688,Collider_Roger_State_action,0.1446155
151.5798,Collider_Roger_State_action,0.1245103
151.5908,Collider_Roger_State_action,0.109564
151.6021,Collider_Roger_State_action,0.08032888
151.613,Collider_Roger_State_action,0.05989437
151.6242,Collider_Roger_State_action,0.05844639
151.6353,Collider_Roger_State_action,0.06616381
151.6463,Collider_Roger_State_action,0.08707415
151.6574,Collider_Roger_State_action,0.1087931
151.6685,Collider_Roger_State_action,0.130537
151.6796,Collider_Roger_State_action,0.1439258
151.6907,Collider_Roger_State_action,0.1664616
151.7019,Collider_Roger_State_action,0.1826111
151.713,Collider_Roger_State_action,0.2006259
151.724,Collider_Roger_State_action,0.2213654
151.7352,Collider_Roger_State_action,0.2382894
151.7462,Collider_Roger_State_action,0.2511697
151.7575,Collider_Roger_State_action,0.2566384
151.7685,Collider_Roger_State_action,0.2554918
151.7798,Collider_Roger_State_action,0.2613545
151.7907,Collider_Roger_State_action,0.3331997
151.8019,Collider_Roger_State_action,0.4252496
151.813,Collider_Roger_State_action,0.5542164
151.8239,Collider_Roger_State_action,0.657323
151.8353,Collider_Roger_State_action,0.7690416
151.8464,Nullreference,0.8798356
151.8575,Nullreference,0.976275
151.8687,Nullreference,1.09077
151.8796,Nullreference,1.184256
151.8907,Nullreference,1.276203
151.9018,PROPS_GMC_Gas_Series_V2:ctrl_tanker_truck,1.374886
151.9129,PROPS_GMC_Gas_Series_V2:ctrl_tanker_truck,1.451562
151.9239,PROPS_GMC_Gas_Series_V2:ctrl_tanker_truck,1.527956
151.935,PROPS_GMC_Gas_Series_V2:ctrl_tanker_truck,1.57257
151.9462,PROPS_GMC_Gas_Series_V2:ctrl_tanker_truck,1.584798
151.9573,PROPS_GMC_Gas_Series_V2:ctrl_tanker_truck,1.58154
151.9685,PROPS_GMC_Gas_Series_V2:ctrl_tanker_truck,1.557986
151.9796,PROPS_GMC_Gas_Series_V2:ctrl_tanker_truck,1.508196
151.9907,PROPS_GMC_Gas_Series_V2:ctrl_tanker_truck,1.447759
152.0017,PROPS_GMC_Gas_Series_V2:ctrl_tanker_truck,1.357211
152.0129,PROPS_GMC_Gas_Series_V2:ctrl_tanker_truck,1.270843
152.0238,PROPS_GMC_Gas_Series_V2:ctrl_tanker_truck,1.192673
152.0351,PROPS_GMC_Gas_Series_V2:ctrl_tanker_truck,1.112573
152.0462,PROPS_GMC_Gas_Series_V2:ctrl_tanker_truck,1.040522
152.0573,PROPS_GMC_Gas_Series_V2:ctrl_tanker_truck,0.9645224
152.0684,PROPS_GMC_Gas_Series_V2:ctrl_tanker_truck,0.9009499
152.0794,PROPS_GMC_Gas_Series_V2:ctrl_tanker_truck,0.8418158
152.0909,PROPS_GMC_Gas_Series_V2:ctrl_tanker_truck,0.7630714
152.1018,PROPS_GMC_Gas_Series_V2:ctrl_tanker_truck,0.6985969
152.1128,PROPS_GMC_Gas_Series_V2:ctrl_tanker_truck,0.6193531
152.124,PROPS_GMC_Gas_Series_V2:ctrl_tanker_truck,0.553072
152.1351,PROPS_GMC_Gas_Series_V2:ctrl_tanker_truck,0.4700262
152.1461,PROPS_GMC_Gas_Series_V2:ctrl_tanker_truck,0.4069693
152.1572,PROPS_GMC_Gas_Series_V2:ctrl_tanker_truck,0.3471378
152.1682,PROPS_GMC_Gas_Series_V2:ctrl_tanker_truck,0.2946546
152.1795,PROPS_GMC_Gas_Series_V2:ctrl_tanker_truck,0.2741819
152.1905,PROPS_GMC_Gas_Series_V2:ctrl_tanker_truck,0.2494762
152.2016,PROPS_GMC_Gas_Series_V2:ctrl_tanker_truck,0.239781
152.2127,PROPS_GMC_Gas_Series_V2:ctrl_tanker_truck,0.2377263
152.2239,PROPS_GMC_Gas_Series_V2:ctrl_tanker_truck,0.2270436
152.235,PROPS_GMC_Gas_Series_V2:ctrl_tanker_truck,0.2213428
152.2463,PROPS_GMC_Gas_Series_V2:ctrl_tanker_truck,0.209928
152.257,PROPS_GMC_Gas_Series_V2:ctrl_tanker_truck,0.2035702
152.2682,PROPS_GMC_Gas_Series_V2:ctrl_tanker_truck,0.2027927
152.2794,PROPS_GMC_Gas_Series_V2:ctrl_tanker_truck,0.2047869
152.2904,PROPS_GMC_Gas_Series_V2:ctrl_tanker_truck,0.2140569
152.3015,PROPS_GMC_Gas_Series_V2:ctrl_tanker_truck,0.2164672
152.3126,PROPS_GMC_Gas_Series_V2:ctrl_tanker_truck,0.2083192
152.3237,PROPS_GMC_Gas_Series_V2:ctrl_tanker_truck,0.2016706
152.3348,PROPS_GMC_Gas_Series_V2:ctrl_tanker_truck,0.2021671
152.3461,PROPS_GMC_Gas_Series_V2:ctrl_tanker_truck,0.2066476
152.3571,PROPS_GMC_Gas_Series_V2:ctrl_tanker_truck,0.2154712
152.3682,PROPS_GMC_Gas_Series_V2:ctrl_tanker_truck,0.2246046
152.3792,PROPS_GMC_Gas_Series_V2:ctrl_tanker_truck,0.2381273
152.3904,PROPS_GMC_Gas_Series_V2:ctrl_tanker_truck,0.25886
152.4016,PROPS_GMC_Gas_Series_V2:ctrl_tanker_truck,0.2788418
152.4126,PROPS_GMC_Gas_Series_V2:ctrl_tanker_truck,0.2947421
152.4236,PROPS_GMC_Gas_Series_V2:ctrl_tanker_truck,0.3108266
152.4349,PROPS_GMC_Gas_Series_V2:ctrl_tanker_truck,0.3265648
152.4459,PROPS_GMC_Gas_Series_V2:ctrl_tanker_truck,0.3376376
152.4571,PROPS_GMC_Gas_Series_V2:ctrl_tanker_truck,0.3345468
152.4681,PROPS_GMC_Gas_Series_V2:ctrl_tanker_truck,0.3321506
152.4792,PROPS_GMC_Gas_Series_V2:ctrl_tanker_truck,0.3332281
152.4904,PROPS_GMC_Gas_Series_V2:ctrl_tanker_truck,0.330341
152.5015,PROPS_GMC_Gas_Series_V2:ctrl_tanker_truck,0.3303407
152.5126,PROPS_GMC_Gas_Series_V2:ctrl_tanker_truck,0.3344649
152.5236,PROPS_GMC_Gas_Series_V2:ctrl_tanker_truck,0.3427486
152.5349,PROPS_GMC_Gas_Series_V2:ctrl_tanker_truck,0.3497596
152.546,PROPS_GMC_Gas_Series_V2:ctrl_tanker_truck,0.3506896
152.5573,PROPS_GMC_Gas_Series_V2:ctrl_tanker_truck,0.3608213
152.5682,PROPS_GMC_Gas_Series_V2:ctrl_tanker_truck,0.3622929
152.5792,PROPS_GMC_Gas_Series_V2:ctrl_tanker_truck,0.3569177
152.5902,PROPS_GMC_Gas_Series_V2:ctrl_tanker_truck,0.3496769
152.6014,PROPS_GMC_Gas_Series_V2:ctrl_tanker_truck,0.3383652
152.6125,PROPS_GMC_Gas_Series_V2:ctrl_tanker_truck,0.317729
152.6236,PROPS_GMC_Gas_Series_V2:ctrl_tanker_truck,0.3031603
152.6348,PROPS_GMC_Gas_Series_V2:ctrl_tanker_truck,0.2772953
152.6459,PROPS_GMC_Gas_Series_V2:ctrl_tanker_truck,0.262798
152.6569,PROPS_GMC_Gas_Series_V2:ctrl_tanker_truck,0.2523796
152.668,PROPS_GMC_Gas_Series_V2:ctrl_tanker_truck,0.2333237
152.6792,PROPS_GMC_Gas_Series_V2:ctrl_tanker_truck,0.2218639
152.6903,PROPS_GMC_Gas_Series_V2:ctrl_tanker_truck,0.2160827
152.7016,PROPS_GMC_Gas_Series_V2:ctrl_tanker_truck,0.2050396
152.7124,PROPS_GMC_Gas_Series_V2:ctrl_tanker_truck,0.2005453
152.7235,PROPS_GMC_Gas_Series_V2:ctrl_tanker_truck,0.2044486
152.7348,PROPS_GMC_Gas_Series_V2:ctrl_tanker_truck,0.1915879
152.7458,PROPS_GMC_Gas_Series_V2:ctrl_tanker_truck,0.1871621
152.7571,PROPS_GMC_Gas_Series_V2:ctrl_tanker_truck,0.1803713
152.7679,PROPS_GMC_Gas_Series_V2:ctrl_tanker_truck,0.1734882
152.7791,PROPS_GMC_Gas_Series_V2:ctrl_tanker_truck,0.1603072
152.7905,PROPS_GMC_Gas_Series_V2:ctrl_tanker_truck,0.1541196
152.8013,PROPS_GMC_Gas_Series_V2:ctrl_tanker_truck,0.1452634
152.8124,PROPS_GMC_Gas_Series_V2:ctrl_tanker_truck,0.1385551
152.8236,PROPS_GMC_Gas_Series_V2:ctrl_tanker_truck,0.1320653
152.8346,PROPS_GMC_Gas_Series_V2:ctrl_tanker_truck,0.1336994
152.8457,PROPS_GMC_Gas_Series_V2:ctrl_tanker_truck,0.1280157
152.8569,PROPS_GMC_Gas_Series_V2:ctrl_tanker_truck,0.1297125
152.868,PROPS_GMC_Gas_Series_V2:ctrl_tanker_truck,0.1240169
152.8791,PROPS_GMC_Gas_Series_V2:ctrl_tanker_truck,0.1240697
152.8901,PROPS_GMC_Gas_Series_V2:ctrl_tanker_truck,0.1318416
152.9013,PROPS_GMC_Gas_Series_V2:ctrl_tanker_truck,0.1432125
152.9123,PROPS_GMC_Gas_Series_V2:ctrl_tanker_truck,0.1572052
152.9234,PROPS_GMC_Gas_Series_V2:ctrl_tanker_truck,0.176884
152.9345,PROPS_GMC_Gas_Series_V2:ctrl_tanker_truck,0.193221
152.9457,PROPS_GMC_Gas_Series_V2:ctrl_tanker_truck,0.2164644
152.9568,PROPS_GMC_Gas_Series_V2:ctrl_tanker_truck,0.2320831
152.9679,PROPS_GMC_Gas_Series_V2:ctrl_tanker_truck,0.2439412
152.9794,PROPS_GMC_Gas_Series_V2:ctrl_tanker_truck,0.2564944
152.9902,PROPS_GMC_Gas_Series_V2:ctrl_tanker_truck,0.2618701
153.0013,PROPS_GMC_Gas_Series_V2:ctrl_tanker_truck,0.2747775
153.0124,PROPS_GMC_Gas_Series_V2:ctrl_tanker_truck,0.2833579
153.0234,PROPS_GMC_Gas_Series_V2:ctrl_tanker_truck,0.3037235
153.0345,PROPS_GMC_Gas_Series_V2:ctrl_tanker_truck,0.3172677
153.0456,PROPS_GMC_Gas_Series_V2:ctrl_tanker_truck,0.336656
153.0568,PROPS_GMC_Gas_Series_V2:ctrl_tanker_truck,0.3488186
153.0678,PROPS_GMC_Gas_Series_V2:ctrl_tanker_truck,0.3655422
153.0789,PROPS_GMC_Gas_Series_V2:ctrl_tanker_truck,0.3762968
153.0901,PROPS_GMC_Gas_Series_V2:ctrl_tanker_truck,0.3954912
153.1014,PROPS_GMC_Gas_Series_V2:ctrl_tanker_truck,0.4159169
153.1123,PROPS_GMC_Gas_Series_V2:ctrl_tanker_truck,0.4338151
153.1236,PROPS_GMC_Gas_Series_V2:ctrl_tanker_truck,0.4448708
153.1346,PROPS_GMC_Gas_Series_V2:ctrl_tanker_truck,0.4571452
153.1456,PROPS_GMC_Gas_Series_V2:ctrl_tanker_truck,0.467985
153.1568,PROPS_GMC_Gas_Series_V2:ctrl_tanker_truck,0.4843513
153.1678,PROPS_GMC_Gas_Series_V2:ctrl_tanker_truck,0.4938768
153.1789,PROPS_GMC_Gas_Series_V2:ctrl_tanker_truck,0.4931762
153.1904,PROPS_GMC_Gas_Series_V2:ctrl_tanker_truck,0.4947216
153.2016,PROPS_GMC_Gas_Series_V2:ctrl_tanker_truck,0.4969646
153.2123,PROPS_GMC_Gas_Series_V2:ctrl_tanker_truck,0.4948924
153.2237,PROPS_GMC_Gas_Series_V2:ctrl_tanker_truck,0.4991347
153.2345,PROPS_GMC_Gas_Series_V2:ctrl_tanker_truck,0.499626
153.2457,PROPS_GMC_Gas_Series_V2:ctrl_tanker_truck,0.4947649
153.2567,PROPS_GMC_Gas_Series_V2:ctrl_tanker_truck,0.4929406
153.2678,PROPS_GMC_Gas_Series_V2:ctrl_tanker_truck,0.4780083
153.2788,PROPS_GMC_Gas_Series_V2:ctrl_tanker_truck,0.4661325
153.2903,PROPS_GMC_Gas_Series_V2:ctrl_tanker_truck,0.4472704
153.3013,PROPS_GMC_Gas_Series_V2:ctrl_tanker_truck,0.4274002
153.3124,PROPS_GMC_Gas_Series_V2:ctrl_tanker_truck,0.4094165
153.3233,PROPS_GMC_Gas_Series_V2:ctrl_tanker_truck,0.3907042
153.3344,PROPS_GMC_Gas_Series_V2:ctrl_tanker_truck,0.3726798
153.3456,PROPS_GMC_Gas_Series_V2:ctrl_tanker_truck,0.3672178
153.3567,PROPS_GMC_Gas_Series_V2:ctrl_tanker_truck,0.355282
153.3678,Nullreference,0.347907
153.3789,Nullreference,0.337412
153.39,Nullreference,0.3307533
153.4011,Nullreference,0.3173545
153.4121,Nullreference,0.3004711
153.4234,Nullreference,0.2823831
153.4345,Nullreference,0.2574593
153.4456,Nullreference,0.2353672
153.4566,Nullreference,0.2163549
153.4678,Nullreference,0.1966461
153.4789,Nullreference,0.1756281
153.4899,Nullreference,0.1646667
153.501,Nullreference,0.1605944
153.5123,Nullreference,0.167294
153.5232,Nullreference,0.1733469
153.5342,Nullreference,0.1809363
153.5455,Nullreference,0.1924439
153.5565,Nullreference,0.1994206
153.5676,Nullreference,0.2046631
153.5788,Nullreference,0.2059865
153.5904,Nullreference,0.2055122
153.601,Nullreference,0.1983836
153.6122,Nullreference,0.1915353
153.6232,Nullreference,0.1858344
153.6345,Nullreference,0.1707795
153.6454,Nullreference,0.1729885
153.6565,Nullreference,0.1572712
153.6675,Nullreference,0.1037057
153.6788,Nullreference,0.05501089
153.6898,Nullreference,0.05087805
153.7009,Nullreference,0.07211439
153.712,Nullreference,0.09231483
153.7233,Nullreference,0.1112915
153.7343,Collider_Roger_State_action,0.1249223
153.7454,Collider_Roger_State_action,0.1537314
153.7565,Collider_Roger_State_action,0.1829682
153.7677,Collider_Roger_State_action,0.2173971
153.7787,Collider_Roger_State_action,0.2425382
153.7898,Collider_Roger_State_action,0.2562748
153.8008,Collider_Roger_State_action,0.2655756
153.812,Collider_Roger_State_action,0.2630116
153.8231,Collider_Roger_State_action,0.259036
153.8342,Collider_Roger_State_action,0.2520249
153.8452,Collider_Roger_State_action,0.2469988
153.8564,Collider_Roger_State_action,0.2473521
153.8675,Collider_Roger_State_action,0.255265
153.8786,Collider_Roger_State_action,0.2718841
153.8897,Collider_Roger_State_action,0.2972095
153.9007,Collider_Roger_State_action,0.3212697
153.9118,Collider_Roger_State_action,0.3477736
153.9229,Collider_Roger_State_action,0.3593741
153.9341,Collider_Roger_State_action,0.3680831
153.9452,Collider_Roger_State_action,0.3463008
153.9565,Collider_Roger_State_action,0.3175803
153.9675,Collider_Roger_State_action,0.2789051
153.9785,Collider_Roger_State_action,0.2423414
153.9897,Collider_Roger_State_action,0.2094677
154.0007,Collider_Roger_State_action,0.1896264
154.0118,Collider_Roger_State_action,0.1847524
154.023,Collider_Roger_State_action,0.1950485
154.0341,Collider_Roger_State_action,0.22264
154.0451,Collider_Roger_State_action,0.2530524
154.0563,Collider_Roger_State_action,0.2788709
154.0673,Collider_Roger_State_action,0.2966961
154.0786,Collider_Roger_State_action,0.2911881
154.0897,Collider_Roger_State_action,0.2750552
154.1006,Collider_Roger_State_action,0.2459753
154.1117,Collider_Roger_State_action,0.2237906
154.1228,Collider_Roger_State_action,0.202883
154.1339,Collider_Roger_State_action,0.1847493
154.1451,Collider_Roger_State_action,0.159447
154.1562,Collider_Roger_State_action,0.1367601
154.1674,Collider_Roger_State_action,0.1252914
154.1784,Collider_Roger_State_action,0.1150331
154.1895,Collider_Roger_State_action,0.113227
154.2006,Collider_Roger_State_action,0.1293648
154.2119,Collider_Roger_State_action,0.1495753
154.2227,Collider_Roger_State_action,0.1715614
154.2342,Collider_Roger_State_action,0.196065
154.2452,Collider_Roger_State_action,0.2031167
154.2561,Collider_Roger_State_action,0.210901
154.2672,Collider_Roger_State_action,0.21646
154.2784,Collider_Roger_State_action,0.2030244
154.2895,Collider_Roger_State_action,0.1933376
154.3006,Collider_Roger_State_action,0.1678511
154.3119,Collider_Roger_State_action,0.1452333
154.3228,Collider_Roger_State_action,0.1315859
154.3338,Collider_Roger_State_action,0.1214978
154.3451,Collider_Roger_State_action,0.1190532
154.3561,Collider_Roger_State_action,0.1225408
154.3675,Collider_Roger_State_action,0.1305882
154.3783,Collider_Roger_State_action,0.141325
154.3898,Collider_Roger_State_action,0.160431
154.4006,Collider_Roger_State_action,0.181316
154.4116,Collider_Roger_State_action,0.1965321
154.4229,Collider_Roger_State_action,0.2061127
154.4338,Collider_Roger_State_action,0.2140817
154.4451,Collider_Roger_State_action,0.2127946
154.4561,Collider_Roger_State_action,0.2174049
154.4671,Collider_Roger_State_action,0.2082216
154.4784,Collider_Roger_State_action,0.1970325
154.4894,Collider_Roger_State_action,0.1940546
154.5006,Collider_Roger_State_action,0.199686
154.5119,Collider_Roger_State_action,0.2135911
154.5231,Collider_Roger_State_action,0.2362411
154.5338,Collider_Roger_State_action,0.2711942
154.545,Collider_Roger_State_action,0.2995936
154.5562,Collider_Roger_State_action,0.3428751
154.5674,Collider_Roger_State_action,0.3806717
154.5782,Collider_Roger_State_action,0.4163925
154.5894,Collider_Roger_State_action,0.4529558
154.6004,Collider_Roger_State_action,0.4861572
154.6117,Collider_Roger_State_action,0.5243319
154.6227,Collider_Roger_State_action,0.5459166
154.6337,Collider_Roger_State_action,0.5745061
154.6449,Collider_Roger_State_action,0.590241
154.6559,Collider_Roger_State_action,0.5953662
154.6672,Collider_Roger_State_action,0.6008995
154.6781,Collider_Roger_State_action,0.601118
154.6893,Collider_Roger_State_action,0.5937967
154.7006,Collider_Roger_State_action,0.5900291
154.7117,Collider_Roger_State_action,0.5750338
154.7227,Collider_Roger_State_action,0.5558704
154.7337,Collider_Roger_State_action,0.5419232
154.7449,Collider_Roger_State_action,0.5234503
154.756,Collider_Roger_State_action,0.5077614
154.767,Collider_Roger_State_action,0.4855949
154.7781,Collider_Roger_State_action,0.4668045
154.7892,Collider_Roger_State_action,0.442196
154.8003,Collider_Roger_State_action,0.4238986
154.8114,Collider_Roger_State_action,0.4022606
154.8226,Collider_Roger_State_action,0.3848219
154.8336,Collider_Roger_State_action,0.3626177
154.8447,Collider_Roger_State_action,0.3514189
154.8559,Collider_Roger_State_action,0.3478255
154.8671,Collider_Roger_State_action,0.3378574
154.8783,Collider_Roger_State_action,0.3324995
154.8893,Collider_Roger_State_action,0.3312105
154.9004,Collider_Roger_State_action,0.3196047
154.9115,Collider_Roger_State_action,0.3136835
154.9226,Collider_Roger_State_action,0.3135211
154.9335,Collider_Roger_State_action,0.3375865
154.9447,Collider_Roger_State_action,0.3795021
154.9558,Collider_Roger_State_action,0.4376233
154.9669,Collider_Roger_State_action,0.4848786
154.978,Collider_Roger_State_action,0.5347586
154.9892,Collider_Roger_State_action,0.5728182
155.0002,Collider_Roger_State_action,0.6061628
155.0114,Collider_Roger_State_action,0.6344955
155.0225,Collider_Roger_State_action,0.641676
155.0336,Collider_Roger_State_action,0.647771
155.0454,Collider_Roger_State_action,0.6441007
155.0557,Collider_Roger_State_action,0.6385168
155.0671,Collider_Roger_State_action,0.6321509
155.078,Collider_Roger_State_action,0.6257148
155.0892,Collider_Roger_State_action,0.6157358
155.1003,Collider_Roger_State_action,0.6150318
155.1113,Collider_Roger_State_action,0.626316
155.1224,Collider_Roger_State_action,0.6403062
155.1335,Collider_Roger_State_action,0.6568612
155.1447,Collider_Roger_State_action,0.6847025
155.1557,Collider_Roger_State_action,0.7099705
155.1668,Collider_Roger_State_action,0.7389695
155.1779,Collider_Roger_State_action,0.7705771
155.1893,Collider_Roger_State_action,0.8149297
155.2002,Collider_Roger_State_action,0.8530421
155.2113,Collider_Roger_State_action,0.9004811
155.2224,Collider_Roger_State_action,0.9432737
155.234,Collider_Roger_State_action,0.9879847
155.2446,Collider_Roger_State_action,1.021569
155.2558,Collider_Roger_State_action,1.049013
155.267,Collider_Roger_State_action,1.067228
155.2781,Collider_Roger_State_action,1.075482
155.2892,Collider_Roger_State_action,1.081676
155.3002,Collider_Roger_State_action,1.080939
155.3113,Collider_Roger_State_action,1.074707
155.3226,Collider_Roger_State_action,1.058473
155.3337,Collider_Roger_State_action,1.055955
155.3446,Collider_Roger_State_action,1.043599
155.3557,Collider_Roger_State_action,1.039994
155.3668,Collider_Roger_State_action,1.037071
155.3783,Collider_Roger_State_action,1.037825
155.3891,Collider_Roger_State_action,1.046556
155.4004,Collider_Roger_State_action,1.061325
155.4113,Nullreference,1.073702
155.4223,Nullreference,1.104503
155.4335,Nullreference,1.141002
155.4446,Nullreference,1.174221
155.4558,Nullreference,1.205349
155.4668,Nullreference,1.236066
155.478,Nullreference,1.252799
155.489,Nullreference,1.262374
155.5001,Nullreference,1.270104
155.5113,Nullreference,1.264747
155.5223,Nullreference,1.257095
155.5338,Nullreference,1.245169
155.5446,Nullreference,1.225619
155.5556,Nullreference,1.190987
155.5668,Nullreference,1.15571
155.5779,Nullreference,1.112531
155.5889,Nullreference,1.061483
155.6,Nullreference,1.013623
155.6114,Nullreference,0.9561254
155.6223,Nullreference,0.9138663
155.6335,Nullreference,0.8587766
155.6456,Nullreference,0.8070891
155.6555,Nullreference,0.7618474
155.6668,Nullreference,0.7161006
155.6781,Nullreference,0.6781483
155.6889,Nullreference,0.6464483
155.7001,Nullreference,0.6055692
155.7112,Nullreference,0.5744146
155.7223,Nullreference,0.5375139
155.7334,Nullreference,0.515424
155.7448,Nullreference,0.4898431
155.7556,Nullreference,0.4631642
155.7666,Nullreference,0.4317686
155.7777,Nullreference,0.4060201
155.7888,Nullreference,0.3845708
155.7999,Nullreference,0.3460609
155.8111,Nullreference,0.3177527
155.8221,Nullreference,0.2908433
155.8333,Nullreference,0.2635443
155.8443,Collider_Roger_Body,0.2502507
155.8555,Collider_Roger_Body,0.2452354
155.8668,Collider_Roger_Body,0.2583551
155.8777,Collider_Roger_Body,0.2822052
155.8893,Collider_Roger_Body,0.3184927
155.9001,Collider_Roger_Body,0.3610767
155.9111,Collider_Roger_Body,0.3984559
155.9221,Collider_Roger_Body,0.4231319
155.9333,Collider_Roger_Body,0.4300218
155.9444,Collider_Roger_Body,0.4235463
155.9555,Collider_Roger_Body,0.4007237
155.9667,Collider_Roger_Body,0.3734842
155.9778,Collider_Roger_Body,0.3435776
155.9888,Collider_Roger_Body,0.3223672
155.9998,Collider_Roger_Body,0.3043906
156.0109,Collider_Roger_Body,0.2783501
156.0221,Collider_Roger_Body,0.2387844
156.0335,Collider_Roger_Body,0.2140557
156.0442,Collider_Roger_Body,0.1936262
156.0556,Collider_Roger_Body,0.1704716
156.0664,Collider_Roger_Body,0.1538389
156.0776,Collider_Roger_Body,0.1402473
156.0888,Collider_Roger_Body,0.1411246
156.0998,Collider_Roger_Body,0.1439769
156.1111,Collider_Roger_Body,0.136206
156.1221,Collider_Roger_Body,0.1275562
156.1331,Collider_Roger_Body,0.1190587
156.1445,Collider_Roger_Body,0.1087743
156.1555,Collider_Roger_Body,0.09670921
156.1664,Collider_Roger_Body,0.1021543
156.1776,Collider_Roger_Body,0.1077478
156.1888,Collider_Roger_Body,0.1163455
156.1999,Collider_Roger_Body,0.1358518
156.2109,Collider_Roger_Body,0.1444839
156.222,Collider_Roger_Body,0.1564737
156.2334,Collider_Roger_Body,0.1673822
156.2445,Collider_Roger_Body,0.1776619
156.2554,Collider_Roger_Body,0.1894257
156.2665,Collider_Roger_Body,0.1989228
156.2776,Collider_Roger_Body,0.2145323
156.2887,Collider_Roger_Body,0.2266204
156.3005,Collider_Roger_Body,0.2395996
156.311,Collider_Roger_Body,0.2516319
156.322,Collider_Roger_Body,0.2583041
156.3331,Collider_Roger_Body,0.2593922
156.3442,Collider_Roger_Body,0.2537222
156.3553,Collider_Roger_Body,0.246671
156.3665,Collider_Roger_Body,0.2283077
156.3778,Collider_Roger_Body,0.2159113
156.3886,Collider_Roger_Body,0.1967906
156.3997,Collider_Roger_Body,0.1826101
156.4109,Collider_Roger_Body,0.168651
156.4221,Collider_Roger_Body,0.1575693
156.4331,Collider_Roger_Body,0.1531756
156.4441,Collider_Roger_Body,0.1504728
156.4552,Collider_Roger_Body,0.1540442
156.4664,Collider_Roger_Body,0.1518924
156.4775,Collider_Roger_Body,0.1517557
156.4887,Collider_Roger_Body,0.1615223
156.4996,Collider_Roger_Body,0.160451
156.5108,Collider_Roger_Body,0.1580197
156.522,Collider_Roger_Body,0.1596317
156.533,Collider_Roger_Body,0.1610003
156.5443,Collider_Roger_Body,0.1635801
156.5552,Collider_Roger_Body,0.1629282
156.5664,Collider_Roger_Body,0.1658978
156.5775,Collider_Roger_Body,0.1694939
156.5885,Collider_Roger_Body,0.165644
156.5997,Collider_Roger_Body,0.1658053
156.6107,Collider_Roger_Body,0.1665204
156.6218,Collider_Roger_Body,0.1620964
156.633,Collider_Roger_Body,0.1585467
156.6442,Collider_Roger_Body,0.1493941
156.6551,Collider_Roger_Body,0.1376069
156.6665,Collider_Roger_Body,0.1275452
156.6774,Collider_Roger_Body,0.1211437
156.6885,Collider_Roger_Body,0.1151167
156.6996,Collider_Roger_Body,0.1050055
156.7107,Collider_Roger_Body,0.1080709
156.7219,Collider_Roger_Body,0.1015641
156.733,Collider_Roger_Body,0.09489837
156.744,Collider_Roger_Body,0.09795962
156.7554,Collider_Roger_Body,0.09821434
156.7662,Collider_Roger_Body,0.1013854
156.7773,Collider_Roger_Body,0.1126077
156.7884,Collider_Roger_Body,0.1170757
156.7996,Collider_Roger_Body,0.1132171
156.8107,Collider_Roger_Body,0.1078838
156.8217,Collider_Roger_Body,0.09978402
156.8327,Collider_Roger_Body,0.0932197
156.8439,Collider_Roger_Body,0.08763351
156.8551,Collider_Roger_Body,0.0861496
156.8663,Collider_Roger_Body,0.08739924
156.8773,Collider_Roger_Body,0.08238326
156.8885,Collider_Roger_Body,0.07457078
156.8996,Collider_Roger_Body,0.06181665
156.9107,Collider_Roger_Body,0.05479615
156.9217,Collider_Roger_Body,0.04703099
156.9327,Collider_Roger_Body,0.03715169
156.9439,Collider_Roger_Body,0.03315555
156.955,Collider_Roger_Body,0.0349689
156.9662,Collider_Roger_Body,0.04727169
156.9772,Collider_Roger_Body,0.05451594
156.9884,Collider_Roger_Body,0.0691828
156.9994,Collider_Roger_Body,0.07295073
157.0108,Collider_Roger_Body,0.07954067
157.0216,Collider_Roger_Body,0.07889626
157.0327,Collider_Roger_Body,0.0753948
157.0439,Collider_Roger_Body,0.07451464
157.0553,Collider_Roger_Body,0.06964584
157.066,Collider_Roger_Body,0.0708093
157.0771,Collider_Roger_Body,0.06925523
157.0885,Collider_Roger_Body,0.06752347
157.0994,Collider_Roger_Body,0.06197719
157.1106,Collider_Roger_Body,0.06299783
157.1217,Collider_Roger_Body,0.05732315
157.1326,Collider_Roger_Body,0.05351587
157.1438,Collider_Roger_Body,0.05653552
157.1551,Collider_Roger_Body,0.05805603
157.1659,Collider_Roger_Body,0.05847805
157.1774,Collider_Roger_Body,0.06793863
157.1882,Collider_Roger_Body,0.070828
157.1995,Collider_Roger_Body,0.07489656
157.2106,Collider_Roger_Body,0.07441836
157.2216,Collider_Roger_Body,0.07422707
157.2327,Collider_Roger_Body,0.06981947
157.2444,Collider_Roger_Body,0.06656275
157.2551,Collider_Roger_Body,0.06689984
157.266,Collider_Roger_Body,0.06759851
157.2771,Collider_Roger_Body,0.06061574
157.2882,Collider_Roger_Body,0.05549733
157.2993,Collider_Roger_Body,0.05452922
157.3106,Collider_Roger_Body,0.05018815
157.3215,Collider_Roger_Body,0.04285652
157.3326,Collider_Roger_Body,0.03541614
157.3438,Collider_Roger_Body,0.03249587
157.3549,Collider_Roger_Body,0.0280211
157.366,Collider_Roger_Body,0.02903919
157.377,Collider_Roger_Body,0.03139155
157.3886,Collider_Roger_Body,0.03303012
157.3992,Collider_Roger_Body,0.03520903
157.4104,Collider_Roger_Body,0.03262286
157.4215,Collider_Roger_Body,0.03160578
157.4327,Collider_Roger_Body,0.02277036
157.4437,Collider_Roger_Body,0.0226232
157.4548,Collider_Roger_Body,0.01453915
157.4659,Collider_Roger_Body,0.01613495
157.4769,Collider_Roger_Body,0.02452157
157.4883,Collider_Roger_Body,0.03163616
157.4992,Collider_Roger_Body,0.0336743
157.5104,Collider_Roger_Body,0.03212838
157.5214,Collider_Roger_Body,0.02972932
157.5326,Collider_Roger_Body,0.03559987
157.5439,Collider_Roger_Body,0.04099581
157.5547,Collider_Roger_Body,0.04547667
157.5658,Collider_Roger_Body,0.04775153
157.5773,Collider_Roger_Body,0.04278438
157.5881,Collider_Roger_Body,0.04291264
157.5992,Collider_Roger_Body,0.04402768
157.6104,Collider_Roger_Body,0.04443412
157.6214,Collider_Roger_Body,0.04405021
157.6325,Collider_Roger_Body,0.04869118
157.6436,Collider_Roger_Body,0.05268143
157.6549,Collider_Roger_Body,0.05817031
157.666,Collider_Roger_Body,0.05372879
157.6769,Collider_Roger_Body,0.05073372
157.6883,Collider_Roger_Body,0.04720668
157.6991,Collider_Roger_Body,0.04896523
157.7104,Collider_Roger_Body,0.04880776
157.7214,Collider_Roger_Body,0.05084795
157.7324,Collider_Roger_Body,0.05084572
157.7436,Collider_Roger_Body,0.04739405
157.7547,Collider_Roger_Body,0.05435066
157.7657,Collider_Roger_Body,0.05445455
157.7769,Collider_Roger_Body,0.05985561
157.7886,Collider_Roger_Body,0.06081579
157.799,Collider_Roger_Body,0.0573371
157.8104,Collider_Roger_Body,0.05009728
157.8214,Collider_Roger_Body,0.05466288
157.8323,Collider_Roger_Body,0.05384479
157.8436,Collider_Roger_Body,0.052569
157.8546,Collider_Roger_Body,0.04612716
157.866,Collider_Roger_Body,0.04587389
157.8767,Collider_Roger_Body,0.04715677
157.8884,Collider_Roger_Body,0.05194241
157.899,Collider_Roger_Body,0.05051207
157.9101,Collider_Roger_Body,0.060603
157.9213,Collider_Roger_Body,0.06074998
157.9323,Collider_Roger_Body,0.07295321
157.9435,Collider_Roger_Body,0.07088304
157.9547,Collider_Roger_Body,0.0750928
157.9657,Collider_Roger_Body,0.07808325
157.9768,Collider_Roger_Body,0.08337663
157.988,Collider_Roger_Body,0.08657975
157.999,Collider_Roger_Body,0.08775122
158.0101,Collider_Roger_Body,0.09026498
158.0213,Collider_Roger_Body,0.0917352
158.0323,Collider_Roger_Body,0.08907699
158.0436,Collider_Roger_Body,0.0855127
158.0547,Collider_Roger_Body,0.08051372
158.0657,Collider_Roger_Body,0.07887275
158.0768,Collider_Roger_Body,0.06526209
158.0879,Collider_Roger_Body,0.05982539
158.099,Collider_Roger_Body,0.05802027
158.1101,Collider_Roger_Body,0.04790405
158.1212,Collider_Roger_Body,0.04393598
158.1328,Collider_Roger_Body,0.03638181
158.1435,Collider_Roger_Body,0.03588804
158.1545,Collider_Roger_Body,0.03285955
158.1656,Collider_Roger_Body,0.03061022
158.1769,Collider_Roger_Body,0.02853007
158.1879,Collider_Roger_Body,0.02968962
158.199,Collider_Roger_Body,0.02929445
158.21,Collider_Roger_Body,0.02578294
158.2215,Collider_Roger_Body,0.01343772
158.2323,Collider_Roger_Body,0.01473321
158.2433,Collider_Roger_Body,0.01645204
158.2546,Collider_Roger_Body,0.02684856
158.2659,Collider_Roger_Body,0.03534481
158.2769,Collider_Roger_Body,0.04193582
158.2878,Collider_Roger_Body,0.05215292
158.2991,Collider_Roger_Body,0.05275515
158.3101,Collider_Roger_Body,0.05988527
158.3211,Collider_Roger_Body,0.0578317
158.3322,Collider_Roger_Body,0.05319595
158.3436,Collider_Roger_Body,0.05361236
158.3545,Collider_Roger_Body,0.04713349
158.3656,Collider_Roger_Body,0.03881964
158.3766,Collider_Roger_Body,0.03467258
158.3877,Collider_Roger_Body,0.03250261
158.3988,Collider_Roger_Body,0.02856579
158.41,Collider_Roger_Body,0.03216517
158.4212,Collider_Roger_Body,0.03268259
158.4321,Collider_Roger_Body,0.03347883
158.4433,Collider_Roger_Body,0.03695667
158.4545,Collider_Roger_Body,0.04377488
158.4658,Collider_Roger_Body,0.04910862
158.4766,Collider_Roger_Body,0.05047315
158.4883,Collider_Roger_Body,0.05196299
158.4987,Collider_Roger_Body,0.05288826
158.51,Collider_Roger_Body,0.04790312
158.521,Collider_Roger_Body,0.05278806
158.532,Collider_Roger_Body,0.05182609
158.5433,Collider_Roger_Body,0.04644441
158.5543,Collider_Roger_Body,0.04369488
158.5654,Collider_Roger_Body,0.04300261
158.5764,Collider_Roger_Body,0.04348997
158.5876,Collider_Roger_Body,0.04705321
158.5989,Collider_Roger_Body,0.05139325
158.6099,Collider_Roger_Body,0.05393882
158.6209,Collider_Roger_Body,0.05501841
158.632,Collider_Roger_Body,0.06028204
158.6432,Collider_Roger_Body,0.06406828
158.6543,Collider_Roger_Body,0.06429757
158.6655,Collider_Roger_Body,0.06521935
158.6765,Collider_Roger_Body,0.06166132
158.6876,Collider_Roger_Body,0.06372123
158.6986,Collider_Roger_Body,0.06056521
158.7098,Collider_Roger_Body,0.05455473
158.721,Collider_Roger_Body,0.05088421
158.7322,Collider_Roger_Body,0.05233758
158.7431,Collider_Roger_Body,0.05314389
158.7543,Collider_Roger_Body,0.05252211
158.7653,Collider_Roger_Body,0.05069175
158.7765,Collider_Roger_Body,0.05050404
158.7875,Collider_Roger_Body,0.04998731
158.7986,Collider_Roger_Body,0.0501194
158.8098,Collider_Roger_Body,0.04465234
158.8209,Collider_Roger_Body,0.04535655
158.832,Collider_Roger_Body,0.04301627
158.8431,Collider_Roger_Body,0.0435625
158.8542,Collider_Roger_Body,0.04496696
158.8654,Collider_Roger_Body,0.04430892
158.8764,Collider_Roger_Body,0.04741546
158.8875,Collider_Roger_Body,0.04733567
158.8986,Collider_Roger_Body,0.04936996
158.91,Collider_Roger_Body,0.05654173
158.9209,Collider_Roger_Body,0.0601106
158.932,Collider_Roger_Body,0.06126337
158.9435,Collider_Roger_Body,0.06423505
158.9542,Collider_Roger_Body,0.06331697
158.9652,Collider_Roger_Body,0.05998527
158.9765,Collider_Roger_Body,0.05295578
158.9874,Collider_Roger_Body,0.04625728
158.9986,Collider_Roger_Body,0.04149982
159.0096,Collider_Roger_Body,0.0440416
159.021,Collider_Roger_Body,0.05327461
159.0319,Collider_Roger_Body,0.06192442
159.043,Collider_Roger_Body,0.06211451
159.054,Collider_Roger_Body,0.05567872
159.0654,Collider_Roger_Body,0.04347385
159.0765,Collider_Roger_Body,0.03270594
159.0875,Collider_Roger_Body,0.03310182
159.0986,Collider_Roger_Body,0.02577422
159.1097,Collider_Roger_Body,0.02614703
159.1206,Collider_Roger_Body,0.02341944
159.132,Collider_Roger_Body,0.01912552
159.1433,Collider_Roger_Body,0.01697458
159.154,Collider_Roger_Body,0.01827844
159.1652,Collider_Roger_Body,0.02301766
159.1763,Collider_Roger_Body,0.02596674
159.1876,Collider_Roger_Body,0.02872665
159.1986,Collider_Roger_Body,0.02725623
159.2095,Collider_Roger_Body,0.02605088
159.2207,Collider_Roger_Body,0.02082207
159.2317,Collider_Roger_Body,0.0198412
159.2429,Collider_Roger_Body,0.01547723
159.2541,Collider_Roger_Body,0.01688356
159.2651,Collider_Roger_Body,0.01925481
159.2761,Collider_Roger_Body,0.02345048
159.2873,Collider_Roger_Body,0.02248137
159.2986,Collider_Roger_Body,0.02188079
159.3095,Collider_Roger_Body,0.02058288
159.3206,Collider_Roger_Body,0.02136657
159.3317,Collider_Roger_Body,0.02324489
159.3432,Collider_Roger_Body,0.01978803
159.3539,Collider_Roger_Body,0.02018798
159.3652,Collider_Roger_Body,0.01824369
159.3764,Collider_Roger_Body,0.01940688
159.3873,Collider_Roger_Body,0.02396836
159.3983,Collider_Roger_Body,0.02861324
159.4096,Collider_Roger_Body,0.03115401
159.4207,Collider_Roger_Body,0.03599805
159.4316,Collider_Roger_Body,0.03731421
159.4427,Collider_Roger_Body,0.03216572
159.454,Collider_Roger_Body,0.03398323
159.465,Collider_Roger_Body,0.03704077
159.4764,Collider_Roger_Body,0.03737424
159.4872,Collider_Roger_Body,0.04064794
159.4985,Collider_Roger_Body,0.036982
159.5097,Collider_Roger_Body,0.03716927
159.5205,Collider_Roger_Body,0.03552736
159.5316,Collider_Roger_Body,0.03198252
159.5428,Collider_Roger_Body,0.03497183
159.5539,Collider_Roger_Body,0.03168059
159.5649,Collider_Roger_Body,0.02684641
159.5761,Collider_Roger_Body,0.02843704
159.5873,Collider_Roger_Body,0.0316326
159.5981,Collider_Roger_Body,0.02896629
159.6093,Collider_Roger_Body,0.02734262
159.6205,Collider_Roger_Body,0.02600809
159.6316,Collider_Roger_Body,0.02493857
159.6428,Collider_Roger_Body,0.02760752
159.654,Collider_Roger_Body,0.02507068
159.6649,Collider_Roger_Body,0.02627034
159.6761,Collider_Roger_Body,0.02809007
159.6871,Collider_Roger_Body,0.02364755
159.6984,Collider_Roger_Body,0.0170017
159.7096,Collider_Roger_Body,0.01805309
159.7203,Collider_Roger_Body,0.01467656
159.7316,Collider_Roger_Body,0.01623419
159.7426,Collider_Roger_Body,0.01454744
159.7541,Collider_Roger_Body,0.02417847
159.7648,Collider_Roger_Body,0.03586987
159.7759,Collider_Roger_Body,0.04261564
159.787,Collider_Roger_Body,0.05135257
159.7981,Collider_Roger_Body,0.05200431
159.8093,Collider_Roger_Body,0.05309615
159.8206,Collider_Roger_Body,0.05191862
159.8315,Collider_Roger_Body,0.04849549
159.8426,Collider_Roger_Body,0.0482633
159.8536,Collider_Roger_Body,0.04671702
159.8649,Collider_Roger_Body,0.04431212
159.8758,Collider_Roger_Body,0.03992604
159.8872,Collider_Roger_Body,0.03516635
159.8982,Collider_Roger_Body,0.03776693
159.9093,Collider_Roger_Body,0.03542849
159.9204,Collider_Roger_Body,0.03364322
159.9314,Collider_Roger_Body,0.03473051
159.9426,Collider_Roger_Body,0.03249807
159.9537,Collider_Roger_Body,0.03292635
159.9647,Collider_Roger_Body,0.0286964
159.9758,Collider_Roger_Body,0.02616455
159.9869,Collider_Roger_Body,0.03040133
159.9982,Collider_Roger_Body,0.03342725
160.0092,Collider_Roger_Body,0.0367476
160.0202,Collider_Roger_Body,0.03342143
160.0314,Collider_Roger_Body,0.02868596
160.0427,Collider_Roger_Body,0.02443616
160.0536,Collider_Roger_Body,0.02475632
160.0646,Collider_Roger_Body,0.02174228
160.0757,Collider_Roger_Body,0.0151946
160.087,Collider_Roger_Body,0.01221846
160.098,Collider_Roger_Body,0.008971427
160.1092,Collider_Roger_Body,0.009912173
160.1202,Collider_Roger_Body,0.01299293
160.1314,Collider_Roger_Body,0.02001731
160.1423,Collider_Roger_Body,0.02704704
160.1537,Collider_Roger_Body,0.02749424
160.1646,Collider_Roger_Body,0.033253
160.1757,Collider_Roger_Body,0.03787582
160.1868,Collider_Roger_Body,0.03992699
160.198,Collider_Roger_Body,0.03669392
160.209,Collider_Roger_Body,0.03387031
160.2201,Collider_Roger_Body,0.03405451
160.2312,Collider_Roger_Body,0.03328922
160.2425,Collider_Roger_Body,0.02309593
160.2534,Collider_Roger_Body,0.01946726
160.2655,Collider_Roger_Body,0.01312665
160.2765,Collider_Roger_Body,0.008257798
160.2867,Collider_Roger_Body,0.006479366
160.298,Collider_Roger_Body,0.006169851
160.3093,Collider_Roger_Body,0.006703021
160.3201,Collider_Roger_Body,0.01275632
160.3311,Collider_Roger_Body,0.02106725
160.3424,Collider_Roger_Body,0.02304599
160.3534,Collider_Roger_Body,0.02563767
160.3646,Collider_Roger_Body,0.0238619
160.3757,Collider_Roger_Body,0.02301227
160.3868,Collider_Roger_Body,0.02974474
160.3979,Collider_Roger_Body,0.02655614
160.4089,Collider_Roger_Body,0.0272438
160.4201,Collider_Roger_Body,0.03332012
160.4311,Collider_Roger_Body,0.03346633
160.4423,Collider_Roger_Body,0.03312029
160.4535,Collider_Roger_Body,0.0345196
160.465,Collider_Roger_Body,0.02843679
160.4757,Collider_Roger_Body,0.02460632
160.4874,Collider_Roger_Body,0.01448608
160.4977,Collider_Roger_Body,0.01088469
160.5089,Collider_Roger_Body,0.0242107
160.52,Collider_Roger_Body,0.03205353
160.5311,Collider_Roger_Body,0.04007667
160.5422,Collider_Roger_Body,0.0532935
160.5533,Collider_Roger_Body,0.05905884
160.5645,Collider_Roger_Body,0.0680135
160.5757,Collider_Roger_Body,0.08213279
160.5867,Collider_Roger_Body,0.09912787
160.5977,Collider_Roger_Body,0.1153378
160.6089,Collider_Roger_Body,0.1290308
160.6205,Collider_Roger_Body,0.1465887
160.6315,Collider_Roger_Body,0.1646506
160.6423,Collider_Roger_Body,0.2015036
160.6533,Collider_Roger_Body,0.2416866
160.6644,Collider_Roger_Body,0.2836742
160.6756,Collider_Roger_Body,0.3360748
160.6866,Collider_Roger_Body,0.3783629
160.6978,Collider_Roger_Body,0.413384
160.7089,Collider_Roger_Body,0.4462579
160.7199,Collider_Roger_Body,0.4664278
160.731,Collider_Roger_Body,0.4916532
160.7421,Collider_Roger_Body,0.5064083
160.7532,Collider_Roger_Body,0.5176648
160.7644,Collider_Roger_Body,0.5237612
160.7755,Collider_Roger_Body,0.5163827
160.8595,Collider_Roger_Body,0.3718798
160.8686,Collider_Roger_Body,0.3453668
160.8752,Nullreference,0.3385656
160.8832,Nullreference,0.3250277
160.8935,Nullreference,0.319378
160.9045,Cube (2),0.3143117
160.9156,Nullreference,0.3182595
160.9267,Nullreference,0.352697
160.9378,Nullreference,0.3907714
160.9489,Cube (2),0.4544546
160.9598,Nullreference,0.5173208
160.971,Nullreference,0.6042638
160.982,Cube (2),0.6838034
160.9932,Cube (2),0.7843789
161.0042,Nullreference,0.8979809
161.0155,Nullreference,0.9902349
161.0265,Nullreference,1.098512
161.0376,Nullreference,1.176585
161.0487,Nullreference,1.231024
161.0598,Nullreference,1.286285
161.0714,Nullreference,1.330737
161.0822,Nullreference,1.374016
161.0932,Nullreference,1.410119
161.1042,Nullreference,1.429347
161.1153,Nullreference,1.448068
161.1265,Nullreference,1.457289
161.1375,Nullreference,1.457328
161.1486,Nullreference,1.455799
161.1599,Nullreference,1.445736
161.1711,Nullreference,1.45109
161.182,Nullreference,1.447812
161.1931,Nullreference,1.451547
161.2041,Nullreference,1.447851
161.2157,Nullreference,1.453888
161.2268,Nullreference,1.450718
161.2382,Nullreference,1.446894
161.2495,Nullreference,1.459112
161.261,Nullreference,1.481561
161.2723,Nullreference,1.518539
161.2836,Nullreference,1.55702
161.2948,Nullreference,1.586117
161.3064,Nullreference,1.608135
161.3175,Nullreference,1.615542
161.3288,Nullreference,1.612924
161.34,Nullreference,1.611331
161.3516,Nullreference,1.611352
161.3627,Nullreference,1.612921
161.3741,Nullreference,1.609414
161.3857,Nullreference,1.612018
161.3967,Nullreference,1.617178
161.408,Nullreference,1.616986
161.4196,Nullreference,1.61057
161.4308,Nullreference,1.599271
161.4417,Nullreference,1.572342
161.4528,Nullreference,1.543245
161.4639,Nullreference,1.508934
161.475,Nullreference,1.492537
161.4861,Nullreference,1.474877
161.4974,Nullreference,1.470054
161.5084,Nullreference,1.476026
161.5199,Nullreference,1.499122
161.5305,Nullreference,1.520829
161.5417,Nullreference,1.548216
161.553,Nullreference,1.547424
161.5639,Nullreference,1.52864
161.5749,Nullreference,1.494743
161.5862,Nullreference,1.465133
161.5972,Nullreference,1.433356
161.6082,Nullreference,1.408488
161.6196,Nullreference,1.390153
161.6305,Nullreference,1.377121
161.6416,Nullreference,1.345396
161.6528,Nullreference,1.322723
161.6638,Nullreference,1.277945
161.675,Nullreference,1.23345
161.686,Nullreference,1.16201
161.697,Nullreference,1.110643
161.7081,Nullreference,1.05822
161.719,Nullreference,1.014926
161.7302,Nullreference,0.9902589
161.7412,Nullreference,0.9651126
161.7522,Nullreference,0.9528786
161.7634,Nullreference,0.9448049
161.7745,Nullreference,0.9235002
161.7856,Nullreference,0.8982246
161.7968,Nullreference,0.8602647
161.8078,Nullreference,0.8259448
161.819,Nullreference,0.7794508
161.83,Nullreference,0.7561716
161.8411,Nullreference,0.7304162
161.8522,Nullreference,0.7088325
161.8634,Nullreference,0.6948357
161.8743,Nullreference,0.6949757
161.8855,Nullreference,0.6898758
161.8968,Nullreference,0.6908547
161.9077,Nullreference,0.6804422
161.919,Nullreference,0.6598188
161.93,Nullreference,0.6441473
161.941,Nullreference,0.6208417
161.9522,Nullreference,0.5953335
161.9633,Nullreference,0.5585721
161.9744,Nullreference,0.5220667
161.9856,Nullreference,0.5001038
161.9967,Nullreference,0.5040156
162.0077,Nullreference,0.5418236
162.019,Nullreference,0.6246802
162.03,Nullreference,0.7258034
162.041,Nullreference,0.8686574
162.0521,Nullreference,1.020671
162.0632,Nullreference,1.190255
162.0744,Nullreference,1.329286
162.0856,Nullreference,1.486868
162.0966,Nullreference,1.667016
162.1079,Nullreference,1.81006
162.1188,Nullreference,1.978303
162.1299,Nullreference,2.108771
162.1411,Nullreference,2.213757
162.1522,Nullreference,2.290404
162.1633,Nullreference,2.338132
162.1744,Nullreference,2.380716
162.1857,Nullreference,2.411339
162.1967,Nullreference,2.434422
162.2077,Nullreference,2.455641
162.2189,Nullreference,2.463111
162.23,Nullreference,2.456292
162.241,Nullreference,2.42655
162.2523,Nullreference,2.39465
162.2633,Nullreference,2.347295
162.2744,Nullreference,2.301771
162.2855,Nullreference,2.253056
162.2971,Nullreference,2.207697
162.3078,Nullreference,2.155534
162.3189,Nullreference,2.085268
162.33,Nullreference,2.023242
162.341,Nullreference,1.954232
162.3522,Nullreference,1.889073
162.3633,Nullreference,1.842674
162.3743,Nullreference,1.775514
162.3856,Nullreference,1.713933
162.3967,Nullreference,1.644144
162.4078,Nullreference,1.564788
162.4188,Nullreference,1.476968
162.4299,Nullreference,1.412223
162.4409,Nullreference,1.340229
162.4522,Nullreference,1.291444
162.4633,Nullreference,1.237472
162.4744,Nullreference,1.184402
162.4857,Nullreference,1.137932
162.497,Nullreference,1.08454
162.5077,Nullreference,1.030041
162.5187,Nullreference,0.9570498
162.5299,Nullreference,0.9004322
162.5409,Nullreference,0.8313314
162.5522,Nullreference,0.7788786
162.5632,Nullreference,0.7236388
162.5765,Nullreference,0.665309
162.5867,Nullreference,0.6217101
162.5979,Nullreference,0.5838395
162.6086,Nullreference,0.5751983
162.6197,Nullreference,0.5902005
162.6308,Nullreference,0.6200135
162.642,Nullreference,0.662736
162.6529,Nullreference,0.7101064
162.664,Nullreference,0.7607268
162.6754,Nullreference,0.824489
162.6865,Nullreference,0.8834018
162.6976,Nullreference,0.9290988
162.7086,Nullreference,0.9803312
162.7195,Nullreference,1.026654
162.7307,Nullreference,1.063112
162.742,Nullreference,1.093035
162.753,Nullreference,1.10262
162.764,Nullreference,1.104184
162.7751,Nullreference,1.097284
162.7862,Nullreference,1.095166
162.7976,Nullreference,1.090006
162.8085,Nullreference,1.084539
162.8196,Nullreference,1.082714
162.8312,Nullreference,1.071504
162.8419,Nullreference,1.049408
162.8531,Nullreference,1.015072
162.8642,Nullreference,0.9656656
162.8754,Nullreference,0.9211353
162.8866,Nullreference,0.8679311
162.8976,Nullreference,0.8002775
162.9089,Nullreference,0.7521602
162.9199,Nullreference,0.6827047
162.9309,Nullreference,0.621152
162.9422,Nullreference,0.5385365
162.9536,Nullreference,0.4689979
162.9646,Nullreference,0.3799744
162.9757,Nullreference,0.3007174
162.9868,Nullreference,0.2370122
162.9982,Nullreference,0.1810169
163.0091,Nullreference,0.1277391
163.0201,Nullreference,0.09305863
163.0312,Nullreference,0.06528524
163.0423,Nullreference,0.05674066
163.0535,Nullreference,0.05944082
163.0646,Nullreference,0.07364087
163.0757,Nullreference,0.09996034
163.088,Nullreference,0.1343431
163.0987,Nullreference,0.1719273
163.1085,Nullreference,0.2130146
163.1198,Nullreference,0.2531078
163.1307,Nullreference,0.2873204
163.142,Nullreference,0.3114284
163.1531,Nullreference,0.34097
163.164,Nullreference,0.36073
163.1753,Nullreference,0.3722281
163.1866,Nullreference,0.3812864
163.1982,Nullreference,0.385764
163.2085,Nullreference,0.3838705
163.2197,Nullreference,0.3743662
163.2307,Nullreference,0.3683322
163.2417,Nullreference,0.3448045
163.253,Nullreference,0.3176422
163.2641,Nullreference,0.2936898
163.2753,Nullreference,0.2742881
163.2871,Nullreference,0.256896
163.2973,Nullreference,0.2663658
163.3086,Nullreference,0.2915155
163.3198,Nullreference,0.3401365
163.3307,Nullreference,0.4294328
163.3417,Nullreference,0.5554541
163.353,Nullreference,0.6828364
163.3642,Nullreference,0.8512884
163.3753,Nullreference,0.9887313
163.3864,Nullreference,1.153218
163.3977,Nullreference,1.282264
163.4085,Nullreference,1.427225
163.4197,Nullreference,1.547231
163.4308,Nullreference,1.646521
163.442,Nullreference,1.75607
163.453,Nullreference,1.845968
163.4647,Nullreference,1.916103
163.4755,Nullreference,1.979421
163.4875,Nullreference,2.031664
163.498,Nullreference,2.068517
163.5088,Nullreference,2.087533
163.5201,Nullreference,2.093341
163.531,Nullreference,2.091994
163.5421,Nullreference,2.07374
163.5531,Nullreference,2.062057
163.5641,Nullreference,2.040681
163.5751,Nullreference,2.021516
163.5864,Nullreference,2.002816
163.5973,Nullreference,1.967373
163.6087,Nullreference,1.94531
163.6196,Nullreference,1.917521
163.6306,Nullreference,1.896877
163.6418,Collider_Roger_Body,1.877911
163.6529,Collider_Roger_Body,1.849398
163.6639,Collider_Roger_Body,1.806819
163.6752,Collider_Roger_Body,1.743503
163.6864,Collider_Roger_Body,1.681343
163.6972,Collider_Roger_Body,1.611194
163.7084,Collider_Roger_Body,1.518323
163.7196,Collider_Roger_Body,1.429735
163.7305,Collider_Roger_Body,1.333425
163.7417,Collider_Roger_Body,1.229589
163.7528,Collider_Roger_Body,1.14674
163.7639,Collider_Roger_Body,1.05706
163.7749,Collider_Roger_Body,0.9791472
163.7861,Collider_Roger_Body,0.8868337
163.7973,Collider_Roger_Body,0.8160067
163.8082,Collider_Roger_Body,0.7367805
163.8193,Collider_Roger_Body,0.6696162
163.8306,Collider_Roger_Body,0.594972
163.8415,Collider_Roger_Body,0.5480756
163.8526,Collider_Roger_Body,0.4989862
163.8639,Collider_Roger_Body,0.4602841
163.8756,Collider_Roger_Body,0.4340655
163.8864,Collider_Roger_Body,0.41424
163.8973,Collider_Roger_Body,0.4008768
163.9084,Collider_Roger_Body,0.3943658
163.9198,Collider_Roger_Body,0.4002072
163.9307,Collider_Roger_Body,0.4120707
163.9418,Collider_Roger_Body,0.4327677
163.9528,Collider_Roger_Body,0.4502416
163.9642,Collider_Roger_Body,0.467756
163.975,Collider_Roger_Body,0.4738011
163.9864,Collider_Roger_Body,0.4671609
163.9972,Collider_Roger_Body,0.4513605
164.0082,Collider_Roger_Body,0.4383193
164.0196,Collider_Roger_Body,0.4288016
164.0307,Collider_Roger_Body,0.4227365
164.0419,Collider_Roger_Body,0.4211698
164.0529,Collider_Roger_Body,0.4252226
164.0639,Collider_Roger_Body,0.4239483
164.0749,Collider_Roger_Body,0.4300079
164.0862,Collider_Roger_Body,0.4283855
164.0972,Collider_Roger_Body,0.4250894
164.1081,Collider_Roger_Body,0.417118
164.1194,Collider_Roger_Body,0.4068531
164.1305,Collider_Roger_Body,0.3929259
164.1416,Collider_Roger_Body,0.3834153
164.1526,Collider_Roger_Body,0.3778132
164.1639,Collider_Roger_Body,0.3790271
164.1749,Collider_Roger_Body,0.3911153
164.1869,Collider_Roger_Body,0.4072346
164.197,Collider_Roger_Body,0.4255374
164.2083,Collider_Roger_Body,0.424942
164.2193,Collider_Roger_Body,0.427306
164.2304,Collider_Roger_Body,0.4141312
164.2415,Collider_Roger_Body,0.4157295
164.2535,Collider_Roger_Body,0.41584
164.2637,Collider_Roger_Body,0.3937357
164.2747,Collider_Roger_Body,0.3557772
164.2858,Collider_Roger_Body,0.3416899
164.2971,Collider_Roger_Body,0.3517075
164.3082,Collider_Roger_Body,0.3797274
164.3194,Collider_Roger_Body,0.426266
164.3302,Collider_Roger_Body,0.4581987
164.3414,Collider_Roger_Body,0.4851677
164.3528,Collider_Roger_Body,0.4937114
164.3635,Collider_Roger_Body,0.4862683
164.3751,Collider_Roger_Body,0.455294
164.3858,Collider_Roger_Body,0.4017425
164.3969,Collider_Roger_Body,0.351677
164.4081,Collider_Roger_Body,0.2903967
164.4194,Collider_Roger_Body,0.2448072
164.4302,Collider_Roger_Body,0.2009683
164.4413,Collider_Roger_Body,0.1568696
164.4524,Collider_Roger_Body,0.1215187
164.4643,Collider_Roger_Body,0.10136
164.4748,Collider_Roger_Body,0.1126125
164.4858,Collider_Roger_Body,0.1501866
164.4972,Collider_Roger_Body,0.193935
164.5085,Collider_Roger_Body,0.2224599
164.519,Collider_Roger_Body,0.242865
164.5302,Collider_Roger_Body,0.2463304
164.5413,Collider_Roger_Body,0.2428965
164.5525,Collider_Roger_Body,0.2264139
164.5634,Collider_Roger_Body,0.2175994
164.5747,Collider_Roger_Body,0.2067354
164.5864,Collider_Roger_Body,0.2090973
164.5972,Collider_Roger_Body,0.2215473
164.608,Collider_Roger_Body,0.2299961
164.619,Collider_Roger_Body,0.2312554
164.6301,Collider_Roger_Body,0.2328759
164.6413,Collider_Roger_Body,0.2273508
164.6523,Collider_Roger_Body,0.2143075
164.6634,Collider_Roger_Body,0.2072824
164.6746,Collider_Roger_Body,0.2014267
164.6857,Collider_Roger_Body,0.1955252
164.6966,Collider_Roger_Body,0.1896595
164.7079,Collider_Roger_Body,0.196316
164.7189,Collider_Roger_Body,0.1952055
164.7301,Collider_Roger_Body,0.198792
164.7411,Collider_Roger_Body,0.1945886
164.7522,Collider_Roger_Body,0.1941202
164.7634,Collider_Roger_Body,0.2052989
164.7744,Collider_Roger_Body,0.2134259
164.7856,Collider_Roger_Body,0.2253504
164.7969,Collider_Roger_Body,0.2334542
164.8078,Collider_Roger_Body,0.2421901
164.8188,Collider_Roger_Body,0.2477836
164.8299,Collider_Roger_Body,0.2534874
164.8412,Collider_Roger_Body,0.2577308
164.8521,Collider_Roger_Body,0.2638173
164.8638,Collider_Roger_Body,0.271403
164.8744,Collider_Roger_Body,0.2647948
164.8855,Collider_Roger_Body,0.2612865
164.8965,Collider_Roger_Body,0.256437
164.9077,Collider_Roger_Body,0.2571368
164.9188,Collider_Roger_Body,0.2546529
164.9299,Collider_Roger_Body,0.2577007
164.941,Collider_Roger_Body,0.2708324
164.9523,Collider_Roger_Body,0.2878448
164.9638,Collider_Roger_Body,0.3227572
164.9743,Collider_Roger_Body,0.369487
164.9855,Collider_Roger_Body,0.4121747
164.9966,Collider_Roger_Body,0.4647937
165.0076,Collider_Roger_Body,0.4967542
165.0187,Collider_Roger_Body,0.5286331
165.0297,Collider_Roger_Body,0.5457371
165.0409,Collider_Roger_Body,0.5556658
165.052,Collider_Roger_Body,0.5474317
165.063,Collider_Roger_Body,0.5382476
165.0744,Collider_Roger_Body,0.5249038
165.0853,Collider_Roger_Body,0.5065849
165.0965,Collider_Roger_Body,0.4872854
165.1077,Collider_Roger_Body,0.4633254
165.1186,Collider_Roger_Body,0.4448442
165.1299,Collider_Roger_Body,0.4258772
165.1408,Collider_Roger_Body,0.4112265
165.1519,Collider_Roger_Body,0.3934588
165.1631,Collider_Roger_Body,0.3915474
165.1741,Collider_Roger_Body,0.4071282
165.1853,Collider_Roger_Body,0.4261943
165.1964,Collider_Roger_Body,0.4405947
165.2076,Collider_Roger_Body,0.4389201
165.219,Collider_Roger_Body,0.4384436
165.2301,Collider_Roger_Body,0.4294666
165.2409,Collider_Roger_Body,0.4173843
165.252,Collider_Roger_Body,0.4023084
165.2632,Collider_Roger_Body,0.3910841
165.2747,Collider_Roger_Body,0.3811159
165.2852,Collider_Roger_Body,0.3795462
165.2962,Collider_Roger_Body,0.3806761
165.3074,Collider_Roger_Body,0.38506
165.3186,Collider_Roger_Body,0.384309
165.3296,Collider_Roger_Body,0.3869644
165.3406,Collider_Roger_Body,0.3889952
165.3519,Collider_Roger_Body,0.4000664
165.3629,Collider_Roger_Body,0.4120678
165.374,Collider_Roger_Body,0.4218761
165.3853,Collider_Roger_Body,0.4277242
165.3963,Collider_Roger_Body,0.4263307
165.4072,Collider_Roger_Body,0.4191837
165.4186,Collider_Roger_Body,0.4063595
165.4297,Collider_Roger_Body,0.4002997
165.4407,Collider_Roger_Body,0.3818502
165.4519,Collider_Roger_Body,0.3625433
165.4628,Collider_Roger_Body,0.3354719
165.474,Collider_Roger_Body,0.3198662
165.485,Collider_Roger_Body,0.3040423
165.4963,Collider_Roger_Body,0.2752946
165.5072,Collider_Roger_Body,0.2419351
165.5196,Collider_Roger_Body,0.2307511
165.5299,Collider_Roger_Body,0.2561749
165.5406,Collider_Roger_Body,0.2876077
165.5518,Collider_Roger_Body,0.3272593
165.5629,Collider_Roger_Body,0.3478412
165.5738,Collider_Roger_Body,0.3731129
165.5851,Collider_Roger_Body,0.4215501
165.5961,Collider_Roger_Body,0.4442111
165.6071,Collider_Roger_Body,0.4523745
165.6184,Collider_Roger_Body,0.4467478
165.6295,Collider_Roger_Body,0.4375533
165.6405,Collider_Roger_Body,0.4240322
165.6516,Collider_Roger_Body,0.4002937
165.6626,Collider_Roger_Body,0.3665826
165.6737,Collider_Roger_Body,0.3346103
165.6849,Collider_Roger_Body,0.3069585
165.6965,Collider_Roger_Body,0.2857113
165.7072,Collider_Roger_Body,0.2734217
165.7182,Collider_Roger_Body,0.27113
165.7292,Collider_Roger_Body,0.2691011
165.7405,Collider_Roger_Body,0.2651671
165.7516,Collider_Roger_Body,0.2598778
165.7626,Collider_Roger_Body,0.2578454
165.7737,Collider_Roger_Body,0.2609876
165.7848,Collider_Roger_Body,0.2742101
165.7959,Collider_Roger_Body,0.2811396
165.8071,Collider_Roger_Body,0.2876324
165.818,Collider_Roger_Body,0.2955055
165.8299,Collider_Roger_Body,0.298952
165.8401,Collider_Roger_Body,0.2972623
165.8512,Collider_Roger_Body,0.2989937
165.8624,Collider_Roger_Body,0.3069371
165.8735,Collider_Roger_Body,0.3162785
165.8847,Collider_Roger_Body,0.3260439
165.8959,Collider_Roger_Body,0.3439132
165.907,Collider_Roger_Body,0.3575486
165.9179,Collider_Roger_Body,0.3731457
165.929,Collider_Roger_Body,0.3866
165.9402,Collider_Roger_Body,0.3953632
165.9512,Collider_Roger_Body,0.4013012
165.9667,Collider_Roger_Body,0.4022518
165.9742,Collider_Roger_Body,0.4059985
165.9819,Collider_Roger_Body,0.4053704
165.993,Collider_Roger_Body,0.4096776
166.004,Collider_Roger_Body,0.4185314
166.0152,Collider_Roger_Body,0.4258577
166.0264,Collider_Roger_Body,0.4306811
166.0374,Collider_Roger_Body,0.4360746
166.0485,Collider_Roger_Body,0.4308883
166.0598,Collider_Roger_Body,0.4096977
166.0708,Collider_Roger_Body,0.3880495
166.0819,Collider_Roger_Body,0.3435453
166.093,Collider_Roger_Body,0.306609
166.1041,Collider_Roger_Body,0.2639288
166.1152,Collider_Roger_Body,0.2332903
166.1264,Collider_Roger_Body,0.2244131
166.1374,Collider_Roger_Body,0.2254841
166.1485,Collider_Roger_Body,0.2250767
166.1596,Collider_Roger_Body,0.2136377
166.1707,Collider_Roger_Body,0.1916254
166.1818,Collider_Roger_Body,0.1693951
166.1929,Collider_Roger_Body,0.1501122
166.204,Collider_Roger_Body,0.124268
166.215,Collider_Roger_Body,0.1021715
166.2261,Collider_Roger_Body,0.07790435
166.2373,Collider_Roger_Body,0.05559156
166.2486,Collider_Roger_Body,0.0275802
166.2596,Collider_Roger_Body,0.02205594
166.2707,Collider_Roger_Body,0.0341983
166.2818,Collider_Roger_Body,0.05852985
166.2929,Collider_Roger_Body,0.08049728
166.3039,Collider_Roger_Body,0.09534818
166.315,Collider_Roger_Body,0.1139784
166.3264,Collider_Roger_Body,0.1298212
166.3377,Collider_Roger_Body,0.152923
166.349,Collider_Roger_Body,0.1793662
166.3602,Collider_Roger_Body,0.2097892
166.3716,Collider_Roger_Body,0.2491936
166.3827,Collider_Roger_Body,0.2908909
166.394,Collider_Roger_Body,0.3170142
166.4052,Collider_Roger_Body,0.3452062
166.4166,Collider_Roger_Body,0.3767797
166.4277,Collider_Roger_Body,0.3959004
166.4391,Collider_Roger_Body,0.4139966
166.4504,Collider_Roger_Body,0.4276805
166.4617,Collider_Roger_Body,0.4302519
166.4729,Collider_Roger_Body,0.4248201
166.4843,Collider_Roger_Body,0.4166191
166.4954,Collider_Roger_Body,0.4100139
166.5065,Collider_Roger_Body,0.4009643
166.5175,Collider_Roger_Body,0.4051982
166.529,Collider_Roger_Body,0.4104293
166.5398,Collider_Roger_Body,0.4155909
166.5509,Collider_Roger_Body,0.4236658
166.5619,Collider_Roger_Body,0.4248324
166.5731,Collider_Roger_Body,0.4317613
166.5845,Collider_Roger_Body,0.4363572
166.5954,Collider_Roger_Body,0.4445564
166.6064,Collider_Roger_Body,0.446665
166.6176,Collider_Roger_Body,0.4420044
166.6287,Collider_Roger_Body,0.422339
166.6399,Collider_Roger_Body,0.4031648
166.6509,Collider_Roger_Body,0.3880095
166.6619,Collider_Roger_Body,0.3644742
166.673,Collider_Roger_Body,0.3458111
166.6842,Collider_Roger_Body,0.3300573
166.6954,Collider_Roger_Body,0.3035116
166.7066,Collider_Roger_Body,0.2712401
166.7178,Collider_Roger_Body,0.230983
166.7286,Collider_Roger_Body,0.1728271
166.7398,Collider_Roger_Body,0.117035
166.7508,Collider_Roger_Body,0.08853792
166.7621,Collider_Roger_Body,0.1204691
166.7732,Collider_Roger_Body,0.1528513
166.7841,Collider_Roger_Body,0.1699427
166.7953,Collider_Roger_Body,0.1764517
166.8062,Collider_Roger_Body,0.1758571
166.8175,Collider_Roger_Body,0.1712617
166.8285,Collider_Roger_Body,0.173701
166.8396,Collider_Roger_Body,0.1907621
166.851,Collider_Roger_Body,0.2022747
166.8618,Collider_Roger_Body,0.213922
166.873,Collider_Roger_Body,0.2123306
166.8842,Collider_Roger_Body,0.2059397
166.8951,Collider_Roger_Body,0.1961356
166.9063,Collider_Roger_Body,0.1888486
166.9174,Collider_Roger_Body,0.1909378
166.9286,Collider_Roger_Body,0.1726038
166.9395,Collider_Roger_Body,0.1492914
166.9508,Collider_Roger_Body,0.1260158
166.9618,Collider_Roger_Body,0.1083281
166.9728,Collider_Roger_Body,0.1043716
166.984,Collider_Roger_Body,0.0986359
166.9952,Collider_Roger_Body,0.09944914
167.0062,Collider_Roger_Body,0.1095722
167.0173,Collider_Roger_Body,0.118352
167.0285,Collider_Roger_Body,0.1161598
167.0396,Collider_Roger_Body,0.1023914
167.0508,Collider_Roger_Body,0.09727617
167.0617,Collider_Roger_Body,0.1294122
167.0729,Collider_Roger_Body,0.1689552
167.0839,Collider_Roger_Body,0.2087774
167.095,Collider_Roger_Body,0.2418019
167.1062,Collider_Roger_Body,0.2707222
167.1174,Collider_Roger_Body,0.2914681
167.1285,Collider_Roger_Body,0.2864694
167.1395,Collider_Roger_Body,0.2886563
167.1507,Collider_Roger_Body,0.2983956
167.1616,Collider_Roger_Body,0.2945524
167.173,Collider_Roger_Body,0.2796039
167.1839,Collider_Roger_Body,0.2719016
167.1952,Collider_Roger_Body,0.2776815
167.206,Collider_Roger_Body,0.2632139
167.2173,Collider_Roger_Body,0.2465873
167.2283,Collider_Roger_Body,0.2458008
167.2396,Collider_Roger_Body,0.2448166
167.2507,Collider_Roger_Body,0.2437002
167.2618,Collider_Roger_Body,0.235866
167.2728,Collider_Roger_Body,0.2385524
167.2839,Collider_Roger_Body,0.2381833
167.295,Collider_Roger_Body,0.2338915
167.3062,Collider_Roger_Body,0.2309811
167.3175,Collider_Roger_Body,0.2262283
167.3284,Collider_Roger_Body,0.2282313
167.3394,Collider_Roger_Body,0.2387274
167.3505,Collider_Roger_Body,0.2476343
167.3618,Collider_Roger_Body,0.2522294
167.3727,Collider_Roger_Body,0.243939
167.384,Collider_Roger_Body,0.2325137
167.3949,Collider_Roger_Body,0.2159564
167.4064,Collider_Roger_Body,0.1988261
167.4174,Collider_Roger_Body,0.182543
167.4284,Collider_Roger_Body,0.1744913
167.4394,Collider_Roger_Body,0.1616108
167.4505,Collider_Roger_Body,0.1528961
167.4617,Collider_Roger_Body,0.1479828
167.4728,Collider_Roger_Body,0.150457
167.4837,Collider_Roger_Body,0.1528714
167.4948,Collider_Roger_Body,0.1548754
167.5061,Collider_Roger_Body,0.1590538
167.5171,Collider_Roger_Body,0.155161
167.5282,Collider_Roger_Body,0.1473531
167.5392,Collider_Roger_Body,0.1351
167.5505,Collider_Roger_Body,0.1314726
167.5615,Collider_Roger_Body,0.1220498
167.5726,Collider_Roger_Body,0.1032438
167.5838,Collider_Roger_Body,0.1020365
167.5947,Collider_Roger_Body,0.1052563
167.6059,Collider_Roger_Body,0.1201173
167.6178,Collider_Roger_Body,0.1513572
167.6281,Collider_Roger_Body,0.1856477
167.6392,Collider_Roger_Body,0.21958
167.6504,Collider_Roger_Body,0.2486578
167.6615,Collider_Roger_Body,0.2804896
167.6725,Collider_Roger_Body,0.3120446
167.6844,Collider_Roger_Body,0.3432785
167.6947,Collider_Roger_Body,0.3809598
167.7058,Collider_Roger_Body,0.4196208
167.7168,Collider_Roger_Body,0.4468567
167.7279,Collider_Roger_Body,0.4675599
167.7391,Collider_Roger_Body,0.4832565
167.7505,Collider_Roger_Body,0.4907802
167.7615,Collider_Roger_Body,0.4856221
167.7725,Collider_Roger_Body,0.4683271
167.7834,Collider_Roger_Body,0.4417095
167.7948,Collider_Roger_Body,0.4045545
167.8058,Collider_Roger_Body,0.3572496
167.8169,Collider_Roger_Body,0.3108776
167.8279,Collider_Roger_Body,0.2587672
167.839,Collider_Roger_Body,0.2193852
167.8501,Collider_Roger_Body,0.1750527
167.8612,Collider_Roger_Body,0.1501354
167.8723,Collider_Roger_Body,0.1570802
167.8835,Collider_Roger_Body,0.1763071
167.8945,Collider_Roger_Body,0.1991112
167.9055,Collider_Roger_Body,0.2117533
167.9167,Collider_Roger_Body,0.2139196
167.9278,Collider_Roger_Body,0.2149523
167.9389,Collider_Roger_Body,0.2031874
167.9505,Collider_Roger_Body,0.179693
167.9611,Collider_Roger_Body,0.1665605
167.9722,Collider_Roger_Body,0.1549494
167.9833,Collider_Roger_Body,0.1735141
167.9946,Collider_Roger_Body,0.1999545
168.0056,Collider_Roger_Body,0.2407838
168.0167,Collider_Roger_Body,0.2878394
168.028,Collider_Roger_Body,0.3304974
168.0388,Collider_Roger_Body,0.3771722
168.05,Collider_Roger_Body,0.4096832
168.0611,Collider_Roger_Body,0.4405745
168.0721,Collider_Roger_Body,0.479018
168.0836,Collider_Roger_Body,0.5094278
168.0944,Collider_Roger_Body,0.5471668
168.1055,Collider_Roger_Body,0.5743958
168.1166,Collider_Roger_Body,0.5960729
168.1278,Collider_Roger_Body,0.601163
168.1397,Collider_Roger_Body,0.6032692
168.1502,Collider_Roger_Body,0.6091748
168.1612,Collider_Roger_Body,0.6113722
168.1722,Collider_Roger_Body,0.6231024
168.1833,Collider_Roger_Body,0.6377801
168.1944,Collider_Roger_Body,0.6441634
168.2055,Collider_Roger_Body,0.6372237
168.2166,Collider_Roger_Body,0.6122394
168.2277,Collider_Roger_Body,0.5863544
168.2393,Collider_Roger_Body,0.5585434
168.25,Collider_Roger_Body,0.533716
168.2611,Collider_Roger_Body,0.5137008
168.2722,Collider_Roger_Body,0.4930108
168.2832,Collider_Roger_Body,0.4565396
168.2944,Collider_Roger_Body,0.4191901
168.3056,Collider_Roger_Body,0.3592993
168.3167,Collider_Roger_Body,0.3048249
168.3276,Collider_Roger_Body,0.238001
168.3395,Collider_Roger_Body,0.1897144
168.35,Collider_Roger_Body,0.1758667
168.361,Collider_Roger_Body,0.1589403
168.3721,Collider_Roger_Body,0.1129097
168.3831,Collider_Roger_Body,0.08470199
168.3943,Collider_Roger_Body,0.07775746
168.4057,Collider_Roger_Body,0.08546499
168.4164,Collider_Roger_Body,0.09159109
168.4275,Collider_Roger_Body,0.08926845
168.4388,Collider_Roger_Body,0.1317081
168.4499,Collider_Roger_Body,0.1852537
168.4609,Collider_Roger_Body,0.2668846
168.472,Collider_Roger_Body,0.335403
168.4831,Collider_Roger_Body,0.3969941
168.4945,Collider_Roger_Body,0.4103664
168.5053,Collider_Roger_Body,0.3848706
168.5166,Collider_Roger_Body,0.2966627
168.5277,Collider_Roger_Body,0.1808029
168.5387,Collider_Roger_Body,0.1033474
168.5501,Collider_Roger_Body,0.2460337
168.5609,Collider_Roger_Body,0.4007095
168.572,Collider_Roger_Body,0.4696497
168.5832,Collider_Roger_Body,0.4988368
168.5942,Collider_Roger_Body,0.4996978
168.6054,Collider_Roger_Body,0.5056437
168.6164,Collider_Roger_Body,0.5339654
168.6275,Collider_Roger_Body,0.5493772
168.6388,Collider_Roger_Body,0.5378181
168.6498,Collider_Roger_Body,0.5030711
168.6608,Collider_Roger_Body,0.4470066
168.6719,Collider_Roger_Body,0.4118125
168.6831,Collider_Roger_Body,0.3825718
168.6944,Collider_Roger_Body,0.3757451
168.7054,Collider_Roger_Body,0.3844239
168.7164,Collider_Roger_Body,0.4066597
168.7276,Collider_Roger_Body,0.4367397
168.7386,Collider_Roger_Body,0.4603922
168.7497,Collider_Roger_Body,0.4718036
168.7609,Collider_Roger_Body,0.467731
168.7719,Collider_Roger_Body,0.4472957
168.7832,Collider_Roger_Body,0.4019928
168.7941,Collider_Roger_Body,0.3618331
168.8055,Collider_Roger_Body,0.3090655
168.8163,Collider_Roger_Body,0.2594957
168.8275,Collider_Roger_Body,0.2092576
168.8387,Collider_Roger_Body,0.162967
168.8499,Collider_Roger_Body,0.1510056
168.861,Collider_Roger_Body,0.1669456
168.8718,Collider_Roger_Body,0.193103
168.8829,Collider_Roger_Body,0.2210498
168.8941,Collider_Roger_Body,0.254671
168.9052,Collider_Roger_Body,0.2907279
168.9164,Collider_Roger_Body,0.3254378
168.9274,Collider_Roger_Body,0.3374913
168.9385,Collider_Roger_Body,0.349135
168.9496,Collider_Roger_Body,0.3558759
168.9608,Collider_Roger_Body,0.3586283
168.9719,Collider_Roger_Body,0.3464081
168.983,Collider_Roger_Body,0.3304396
168.994,Collider_Roger_Body,0.3008256
169.0052,Collider_Roger_Body,0.2957084
169.0163,Collider_Roger_Body,0.2939042
169.0274,Collider_Roger_Body,0.3045664
169.0388,Collider_Roger_Body,0.3166383
169.0499,Collider_Roger_Body,0.3315376
169.061,Collider_Roger_Body,0.3491356
169.0718,Collider_Roger_Body,0.379142
169.0833,Collider_Roger_Body,0.4103276
169.0941,Collider_Roger_Body,0.4488242
169.1051,Collider_Roger_Body,0.4834452
169.1164,Collider_Roger_Body,0.5060093
169.1276,Collider_Roger_Body,0.520266
169.1386,Collider_Roger_Body,0.5194303
169.1496,Collider_Roger_Body,0.5085788
169.1609,Collider_Roger_Body,0.4945454
169.1718,Collider_Roger_Body,0.4737242
169.183,Collider_Roger_Body,0.4539128
169.194,Collider_Roger_Body,0.4427445
169.2051,Collider_Roger_Body,0.4327015
169.2162,Collider_Roger_Body,0.4205932
169.2272,Collider_Roger_Body,0.4016527
169.2383,Collider_Roger_Body,0.4071405
169.2494,Collider_Roger_Body,0.4227899
169.2606,Collider_Roger_Body,0.4347488
169.2726,Collider_Roger_Body,0.4260611
169.2829,Collider_Roger_Body,0.3915781
169.2939,Collider_Roger_Body,0.3552139
169.3051,Collider_Roger_Body,0.3059745
169.3163,Collider_Roger_Body,0.2710391
169.3273,Collider_Roger_Body,0.2462794
169.3384,Collider_Roger_Body,0.2279675
169.3495,Collider_Roger_Body,0.2169884
169.3606,Collider_Roger_Body,0.2100475
169.3717,Collider_Roger_Body,0.2075454
169.383,Collider_Roger_Body,0.2183363
169.394,Collider_Roger_Body,0.244657
169.405,Collider_Roger_Body,0.2847492
169.4162,Collider_Roger_Body,0.3363244
169.4272,Collider_Roger_Body,0.3884446
169.4384,Collider_Roger_Body,0.4762721
169.4494,Collider_Roger_Body,0.5761389
169.4605,Collider_Roger_Body,0.6701244
169.4716,Collider_Roger_Body,0.7969759
169.4828,Collider_Roger_Body,0.9118356
169.4939,Collider_Roger_Body,1.060915
169.505,Collider_Roger_Body,1.191231
169.516,Collider_Roger_Body,1.349291
169.5272,Collider_Roger_Body,1.503061
169.5383,Collider_Roger_Body,1.620819
169.5493,Collider_Roger_Body,1.753542
169.5605,Collider_Roger_Body,1.890312
169.5715,Collider_Roger_Body,2.002636
169.5826,Collider_Roger_Body,2.121574
169.5938,Collider_Roger_Body,2.181129
169.6049,Collider_Roger_Body,2.153922
169.6159,Collider_Roger_Body,2.013769
169.627,Collider_Roger_Body,1.798395
169.6382,Collider_Roger_Body,1.57359
169.6493,Collider_Roger_Body,1.378149
169.6604,Collider_Roger_Body,1.170883
169.6714,Collider_Roger_Body,1.024861
169.6826,Collider_Roger_Body,0.8684527
169.6939,Collider_Roger_Body,0.7420686
169.7049,Collider_Roger_Body,0.6492541
169.7161,Collider_Roger_Body,0.5379682
169.7269,Collider_Roger_Body,0.4518242
169.7381,Collider_Roger_Body,0.3783593
169.7493,Collider_Roger_Body,0.3299978
169.7604,Collider_Roger_Body,0.2970338
169.7716,Collider_Roger_Body,0.2795413
169.7827,Collider_Roger_Body,0.2682796
169.7938,Collider_Roger_Body,0.270279
169.8047,Collider_Roger_Body,0.2798503
169.816,Collider_Roger_Body,0.2787818
169.827,Collider_Roger_Body,0.2651962
169.8381,Collider_Roger_Body,0.2412782
169.8492,Collider_Roger_Body,0.211811
169.8603,Collider_Roger_Body,0.1751897
169.8715,Collider_Roger_Body,0.1489269
169.8825,Collider_Roger_Body,0.1332799
169.8937,Collider_Roger_Body,0.1365946
169.9047,Collider_Roger_Body,0.1595192
169.916,Collider_Roger_Body,0.1956382
169.9268,Collider_Roger_Body,0.2488045
169.938,Collider_Roger_Body,0.2885229
169.95,Nullreference,0.3356819
169.9595,Nullreference,0.37419
169.9706,Nullreference,0.4027807
169.9817,Nullreference,0.4297225
169.9928,Nullreference,0.4447045
170.0039,Nullreference,0.4567868
170.0167,Nullreference,0.4649491
170.0278,Nullreference,0.4725058
170.0388,Nullreference,0.4784081
170.0498,Nullreference,0.4691429
170.061,Nullreference,0.4440703
170.0721,Nullreference,0.4135185
170.0833,Nullreference,0.3724147
170.0943,Nullreference,0.3283382
170.1056,Nullreference,0.2858837
170.1165,Nullreference,0.2401271
170.1278,Nullreference,0.1944576
170.1388,Nullreference,0.1272891
170.1499,Nullreference,0.07582374
170.1609,Nullreference,0.0407075
170.1719,Nullreference,0.04377228
170.1831,Nullreference,0.02786086
170.1942,Nullreference,0.03858018
170.2053,Nullreference,0.1317609
170.2164,Nullreference,0.2830168
170.2276,Nullreference,0.4302566
170.2387,Nullreference,0.5977243
170.2497,Nullreference,0.7367903
170.2608,Nullreference,0.8451738
170.2725,Nullreference,0.9400753
170.2832,Nullreference,1.007391
170.2941,Nullreference,1.065076
170.3052,Nullreference,1.096469
170.3164,Nullreference,1.122694
170.3274,Nullreference,1.123955
170.3385,Nullreference,1.120332
170.3498,Nullreference,1.107942
170.3608,Nullreference,1.097145
170.3718,Nullreference,1.077028
170.383,Nullreference,1.04106
170.3941,Nullreference,1.016565
170.4053,Nullreference,1.00356
170.4163,Nullreference,1.023399
170.4274,Nullreference,1.071809
170.4385,Nullreference,1.135163
170.4497,Nullreference,1.223712
170.4609,Nullreference,1.335904
170.4718,Nullreference,1.432511
170.4832,Nullreference,1.550658
170.4941,Nullreference,1.64732
170.5053,Nullreference,1.762718
170.5165,Nullreference,1.857439
170.5278,Nullreference,1.985567
170.5389,Nullreference,2.093002
170.5501,Nullreference,2.194686
170.5613,Nullreference,2.297693
170.5724,Nullreference,2.38267
170.5835,Nullreference,2.504657
170.5945,Nullreference,2.610748
170.6055,Nullreference,2.76651
170.6169,Nullreference,2.892899
170.6278,Nullreference,3.026394
170.6392,Nullreference,3.134926
170.6501,Nullreference,3.213943
170.661,Nullreference,3.313053
170.6725,Nullreference,3.39225
170.6833,Nullreference,3.447899
170.6944,Nullreference,3.479918
170.7057,Nullreference,3.478472
170.7167,Nullreference,3.46802
170.7278,Nullreference,3.448568
170.7389,Nullreference,3.441062
170.75,Nullreference,3.446939
170.7612,Nullreference,3.448788
170.7721,Nullreference,3.435373
170.7832,Nullreference,3.381562
170.7943,Nullreference,3.277057
170.8056,Nullreference,3.159188
170.8166,Nullreference,3.045298
170.8276,Nullreference,2.899652
170.8387,Nullreference,2.76985
170.8498,Nullreference,2.67605
170.8608,Nullreference,2.5587
170.8719,Nullreference,2.469958
170.8831,Nullreference,2.376037
170.8943,Nullreference,2.297383
170.9053,Nullreference,2.246442
170.9164,Nullreference,2.210478
170.9272,Nullreference,2.196491
170.9385,Collider_Roger_Body,2.165374
170.9493,Collider_Roger_Body,2.124087
170.9605,Collider_Roger_Body,2.058331
170.9717,Collider_Roger_Body,1.979
170.9826,Collider_Roger_Body,1.887539
170.9937,Collider_Roger_Body,1.773353
171.0048,Collider_Roger_Body,1.682484
171.0159,Collider_Roger_Body,1.546209
171.027,Collider_Roger_Body,1.425506
171.0382,Collider_Roger_Body,1.279591
171.0492,Collider_Roger_Body,1.133718
171.0604,Collider_Roger_Body,1.02563
171.0715,Collider_Roger_Body,0.9147056
171.0824,Collider_Roger_Body,0.8078435
171.0934,Collider_Roger_Body,0.7185425
171.1046,Collider_Roger_Body,0.6449548
171.1157,Collider_Roger_Body,0.5723037
171.1268,Collider_Roger_Body,0.5069733
171.138,Collider_Roger_Body,0.4510899
171.149,Collider_Roger_Body,0.4135651
171.1602,Collider_Roger_Body,0.3763417
171.1711,Collider_Roger_Body,0.3555157
171.1824,Collider_Roger_Body,0.3476576
171.1936,Collider_Roger_Body,0.3405652
171.2045,Collider_Roger_Body,0.3380971
171.2156,Collider_Roger_Body,0.3445767
171.2268,Collider_Roger_Body,0.3456881
171.2378,Collider_Roger_Body,0.3541437
171.2489,Collider_Roger_Body,0.3528598
171.26,Collider_Roger_Body,0.3417254
171.2711,Collider_Roger_Body,0.339923
171.2822,Collider_Roger_Body,0.3241588
171.2934,Collider_Roger_Body,0.29882
171.3045,Collider_Roger_Body,0.2772638
171.3155,Collider_Roger_Body,0.2492762
171.3266,Collider_Roger_Body,0.2266286
171.3377,Collider_Roger_Body,0.1947995
171.3491,Nullreference,0.1791649
171.3605,Nullreference,0.199647
171.3709,Nullreference,0.2408186
171.3821,Nullreference,0.295013
171.3932,Nullreference,0.3626704
171.4043,Nullreference,0.4157197
171.4154,Nullreference,0.4611167
171.4267,Nullreference,0.4983278
171.4376,Nullreference,0.5112965
171.4489,Nullreference,0.5103922
171.4599,Nullreference,0.4961854
171.4711,Nullreference,0.476339
171.4822,Nullreference,0.4468887
171.4932,Nullreference,0.4026916
171.5046,Nullreference,0.3556629
171.5155,Nullreference,0.3112672
171.5266,Nullreference,0.2802568
171.5377,Nullreference,0.2686501
171.5493,Nullreference,0.2682769
171.5599,Nullreference,0.2763711
171.5711,Nullreference,0.2897713
171.5822,Nullreference,0.2993855
171.5932,Nullreference,0.2927565
171.6045,Nullreference,0.2886876
171.6155,Nullreference,0.2670426
171.6267,Nullreference,0.2506142
171.6378,Nullreference,0.2330752
171.6493,Nullreference,0.214952
171.6601,Nullreference,0.1979391
171.671,Nullreference,0.1982469
171.6822,Nullreference,0.2096401
171.6932,Nullreference,0.224697
171.7043,Nullreference,0.264497
171.7156,Nullreference,0.2990184
171.7267,Nullreference,0.3519923
171.7377,Nullreference,0.4107612
171.749,Nullreference,0.4731298
171.76,Nullreference,0.5253093
171.7712,Nullreference,0.5775362
171.7821,Nullreference,0.6065648
171.7933,Nullreference,0.6274438
171.8045,Nullreference,0.6453565
171.816,Nullreference,0.6542664
171.8268,Nullreference,0.6651175
171.8381,Nullreference,0.6660726
171.8488,Nullreference,0.6782771
171.86,Nullreference,0.6975906
171.8711,Nullreference,0.7335294
171.8822,Nullreference,0.7734465
171.8933,Nullreference,0.8240101
171.9045,Nullreference,0.8632847
171.9162,Nullreference,0.91312
171.9267,Nullreference,0.9501266
171.9378,Nullreference,0.9890327
171.949,Nullreference,1.016208
171.9606,Nullreference,1.028503
171.9712,Nullreference,1.036172
171.9824,Nullreference,1.039292
171.9936,Nullreference,1.036027
172.0046,Nullreference,1.027291
172.0158,Nullreference,1.011362
172.0268,Nullreference,0.9898908
172.0378,Nullreference,0.963872
172.0491,Nullreference,0.9229002
172.06,Nullreference,0.8863312
172.0713,Nullreference,0.8313677
172.0823,Nullreference,0.7817466
172.0971,Nullreference,0.7384797
172.1045,Nullreference,0.6838375
172.1133,Nullreference,0.6552611
172.1243,Nullreference,0.6152105
172.1354,Nullreference,0.5782129
172.1465,Nullreference,0.5388669
172.1577,Nullreference,0.5042785
172.1686,Nullreference,0.4602416
172.1798,Nullreference,0.4161751
172.1909,Nullreference,0.3684298
172.2021,Nullreference,0.331912
172.2132,Nullreference,0.2871062
172.2243,Nullreference,0.2439482
172.2355,Nullreference,0.2131509
172.2466,Nullreference,0.180354
172.2575,Nullreference,0.1547368
172.2687,Nullreference,0.12427
172.2798,Nullreference,0.1100372
172.291,Nullreference,0.08541884
172.3021,Nullreference,0.06855624
172.3133,Nullreference,0.05926428
172.3242,Nullreference,0.05220614
172.3355,Nullreference,0.04686666
172.3465,Nullreference,0.05080224
172.3575,Nullreference,0.05756475
172.3687,Nullreference,0.06817169
172.3798,Nullreference,0.08161654
172.3909,Nullreference,0.09578536
172.4018,Nullreference,0.1030124
172.413,Nullreference,0.1097475
172.4241,Nullreference,0.1140058
172.4356,Nullreference,0.112218
172.4463,Nullreference,0.1057883
172.4577,Nullreference,0.09621341
172.4691,Nullreference,0.08872785
172.4801,Nullreference,0.07442639
172.4917,Nullreference,0.0599575
172.5028,Nullreference,0.0493428
172.514,Nullreference,0.04938785
172.5254,Nullreference,0.05123734
172.5365,Nullreference,0.06554273
172.5479,Nullreference,0.07853471
172.5593,Nullreference,0.09993757
172.5704,Nullreference,0.1169624
172.5816,Nullreference,0.1317339
172.5929,Nullreference,0.1455393
172.6043,Nullreference,0.1556728
172.6153,Nullreference,0.1592604
172.6275,Nullreference,0.1674254
172.6378,Nullreference,0.1610384
172.649,Nullreference,0.1554517
172.66,Nullreference,0.1495264
172.671,Nullreference,0.1500367
172.6821,Nullreference,0.1470048
172.6933,Nullreference,0.1507748
172.7043,Nullreference,0.158113
172.7153,Nullreference,0.1628742
172.7265,Nullreference,0.1771436
172.7377,Nullreference,0.1968075
172.7488,Nullreference,0.2170679
172.76,Nullreference,0.2451741
172.7709,Nullreference,0.268737
172.7829,Nullreference,0.3022404
172.7931,Nullreference,0.3420096
172.8045,Nullreference,0.3838709
172.8155,Nullreference,0.4284136
172.8265,Nullreference,0.4758435
172.8376,Nullreference,0.5404898
172.8489,Nullreference,0.5990263
172.8604,Nullreference,0.6654723
172.8709,Nullreference,0.7206143
172.8818,Nullreference,0.783208
172.8931,Nullreference,0.8403855
172.9042,Nullreference,0.9151412
172.9153,Nullreference,0.9712371
172.9263,Nullreference,1.046055
172.9375,Nullreference,1.103402
172.9487,Collider_Roger_Body,1.170841
172.9595,Collider_Roger_Body,1.232152
172.9709,Collider_Roger_Body,1.273472
172.9816,Collider_Roger_Body,1.305156
172.9928,Collider_Roger_Body,1.328172
173.004,Collider_Roger_Body,1.336245
173.0154,Collider_Roger_Body,1.33737
173.0261,Collider_Roger_Body,1.335759
173.0371,Collider_Roger_Body,1.32922
173.0484,Collider_Roger_Body,1.325505
173.0594,Collider_Roger_Body,1.317923
173.0704,Collider_Roger_Body,1.310581
173.0816,Collider_Roger_Body,1.312
173.0925,Collider_Roger_Body,1.320144
173.1036,Collider_Roger_Body,1.328402
173.1148,Collider_Roger_Body,1.345767
173.1257,Collider_Roger_Body,1.378189
173.1369,Collider_Roger_Body,1.422191
173.1479,Collider_Roger_Body,1.496564
173.159,Collider_Roger_Body,1.572028
173.1702,Collider_Roger_Body,1.661982
173.1814,Collider_Roger_Body,1.737256
173.1923,Collider_Roger_Body,1.821193
173.2034,Collider_Roger_Body,1.886031
173.2147,Collider_Roger_Body,1.953164
173.2256,Nullreference,2.013199
173.2367,Nullreference,2.054539
173.2479,Nullreference,2.090133
173.2589,Nullreference,2.100716
173.2701,Nullreference,2.084628
173.281,Nullreference,2.040891
173.2922,Nullreference,1.958066
173.3032,Nullreference,1.847079
173.3145,Nullreference,1.704219
173.3256,Nullreference,1.535977
173.3369,Nullreference,1.360966
173.3479,Nullreference,1.175274
173.3589,Nullreference,1.035071
173.3699,Nullreference,0.9227957
173.3811,Nullreference,0.8093445
173.3922,Nullreference,0.7278402
173.4035,Nullreference,0.6429071
173.4145,Nullreference,0.5801122
173.4257,Nullreference,0.548759
173.4366,Nullreference,0.5368329
173.4475,Nullreference,0.5421743
173.4586,Nullreference,0.5726104
173.4696,Nullreference,0.6118377
173.4808,Nullreference,0.6477414
173.4918,Nullreference,0.671939
173.5029,Nullreference,0.6826195
173.5142,Nullreference,0.6868655
173.5252,Nullreference,0.6761941
173.5363,Nullreference,0.6644807
173.5473,Nullreference,0.6624526
173.5586,Nullreference,0.6742661
173.5695,Nullreference,0.6939059
173.5806,Nullreference,0.7293355
173.5917,Nullreference,0.778662
173.6028,Nullreference,0.820749
173.6145,Nullreference,0.8607997
173.6259,Nullreference,0.9020991
173.6361,Nullreference,0.9398804
173.6474,Nullreference,1.000326
173.6584,Nullreference,1.059922
173.6694,Nullreference,1.103681
173.6806,Nullreference,1.134447
173.6916,Nullreference,1.143202
173.7029,Nullreference,1.126826
173.7139,Nullreference,1.09304
173.725,Nullreference,1.066457
173.736,Nullreference,1.026091
173.7471,Nullreference,0.9851066
173.7583,Nullreference,0.9431343
173.7692,Nullreference,0.8959751
173.7805,Nullreference,0.8582729
173.7917,Nullreference,0.8072827
173.8027,Nullreference,0.7593088
173.8137,Nullreference,0.7026829
173.8248,Nullreference,0.6530933
173.836,Nullreference,0.598828
173.8474,Nullreference,0.5612364
173.8586,Nullreference,0.5345313
173.8697,Nullreference,0.5127254
173.8807,Nullreference,0.5036079
173.8922,Nullreference,0.49374
173.903,Nullreference,0.4888654
173.9142,Nullreference,0.4737377
173.9252,Nullreference,0.4519923
173.9363,Nullreference,0.4276612
173.9473,Nullreference,0.4119257
173.9586,Nullreference,0.3912851
173.9697,Nullreference,0.3788983
173.9807,Nullreference,0.3685534
173.9927,Nullreference,0.3663745
174.0028,Nullreference,0.3602287
174.0141,Nullreference,0.3550685
174.0255,Nullreference,0.3577866
174.0362,Nullreference,0.3751591
174.0473,Nullreference,0.4072666
174.0585,Nullreference,0.4456197
174.0696,Nullreference,0.4875851
174.0807,Nullreference,0.5133468
174.0917,Nullreference,0.5235149
174.1028,Nullreference,0.5146624
174.1143,Nullreference,0.4772573
174.1252,Nullreference,0.4196282
174.1362,Nullreference,0.3539286
174.1473,Nullreference,0.2832676
174.1584,Nullreference,0.2297179
174.1726,Nullreference,0.1814585
174.1805,Nullreference,0.1601189
174.1918,Nullreference,0.1625105
174.2027,Nullreference,0.1865051
174.2144,Nullreference,0.2293435
174.2251,Nullreference,0.2576334
174.2362,Nullreference,0.2764113
174.2473,Nullreference,0.286175
174.2583,Nullreference,0.287185
174.2695,Nullreference,0.2817772
174.2804,Nullreference,0.2705863
174.2916,Nullreference,0.2530705
174.3031,Nullreference,0.2340134
174.3139,Nullreference,0.2134397
174.325,Nullreference,0.1957479
174.3361,Nullreference,0.1824345
174.3473,Nullreference,0.1757873
174.3582,Nullreference,0.1796191
174.3693,Nullreference,0.1998255
174.3804,Nullreference,0.2457939
174.3915,Nullreference,0.2884698
174.4026,Nullreference,0.3641707
174.4138,Nullreference,0.4406708
174.425,Nullreference,0.5419326
174.4362,Nullreference,0.646861
174.4474,Collider_Roger_Body,0.7725489
174.4584,Collider_Roger_Body,0.9080415
174.4695,Collider_Roger_Body,1.06517
174.4806,Collider_Roger_Body,1.216868
174.4916,Collider_Roger_Body,1.377376
174.5028,Collider_Roger_Body,1.497213
174.5138,Collider_Roger_Body,1.593673
174.5249,Nullreference,1.625719
174.5362,Nullreference,1.667936
174.5473,Nullreference,1.725167
174.5581,Nullreference,1.760427
174.5693,Nullreference,1.768508
174.5805,Nullreference,1.760542
174.5916,Nullreference,1.73121
174.6026,Nullreference,1.702602
174.6138,Nullreference,1.678815
174.6248,Nullreference,1.669387
174.6358,Nullreference,1.658793
174.6469,Nullreference,1.635381
174.6581,Nullreference,1.612548
174.6691,Nullreference,1.577116
174.6801,Nullreference,1.536574
174.6911,Nullreference,1.500212
174.7024,Nullreference,1.457215
174.7135,Nullreference,1.404474
174.7245,Nullreference,1.343008
174.7355,Nullreference,1.269725
174.7467,Nullreference,1.211737
174.7578,Nullreference,1.141414
174.769,Nullreference,1.092337
174.7802,Nullreference,1.035444
174.791,Nullreference,1.001292
174.8022,Nullreference,0.9642705
174.8132,Nullreference,0.927781
174.8246,Nullreference,0.9093293
174.8355,Nullreference,0.8861613
174.8465,Nullreference,0.8636615
174.8578,Nullreference,0.8360232
174.8689,Nullreference,0.8119248
174.8799,Nullreference,0.788803
174.8909,Nullreference,0.7656131
174.9021,Nullreference,0.7336351
174.9134,Nullreference,0.7065127
174.9244,Nullreference,0.693682
174.9354,Nullreference,0.678946
174.9464,Nullreference,0.6679536
174.9577,Nullreference,0.6584428
174.9688,Nullreference,0.6509452
174.9798,Nullreference,0.6418771
174.9909,Nullreference,0.6317007
175.002,Nullreference,0.6221568
175.0131,Nullreference,0.6166769
175.0242,Nullreference,0.6090373
175.0354,Nullreference,0.6133202
175.0465,Nullreference,0.6052452
175.0578,Nullreference,0.5984572
175.0686,Nullreference,0.5904937
175.0799,Nullreference,0.5832028
175.0909,Nullreference,0.5772057
175.1019,Nullreference,0.5738927
175.113,Nullreference,0.5695084
175.1243,Nullreference,0.5575935
175.1353,Nullreference,0.5530469
175.1464,Nullreference,0.5497869
175.1576,Nullreference,0.5498099
175.1686,Nullreference,0.5495089
175.1797,Nullreference,0.5502283
175.1908,Nullreference,0.5549307
175.2019,Nullreference,0.5536152
175.2131,Nullreference,0.5491956
175.2242,Nullreference,0.5394454
175.2353,Nullreference,0.5250778
175.2464,Nullreference,0.5041813
175.2574,Nullreference,0.4866583
175.2686,Nullreference,0.4700746
175.2797,Nullreference,0.4501868
175.2908,Nullreference,0.4373553
175.3019,Nullreference,0.4205009
175.3131,Nullreference,0.4164011
175.3243,Nullreference,0.411127
175.3351,Nullreference,0.4009964
175.3467,Nullreference,0.3983653
175.3576,Nullreference,0.3829646
175.3685,Nullreference,0.364268
175.3796,Nullreference,0.3476816
175.3908,Nullreference,0.3237592
175.4018,Nullreference,0.3066231
175.4129,Nullreference,0.2799692
175.4242,Nullreference,0.2554171
175.4352,Nullreference,0.2379527
175.4462,Nullreference,0.2062527
175.4574,Nullreference,0.1827073
175.4685,Nullreference,0.1615662
175.4795,Nullreference,0.1503891
175.4907,Nullreference,0.1544629
175.5017,Nullreference,0.1488243
175.5128,Nullreference,0.1516424
175.524,Nullreference,0.1566049
175.5351,Nullreference,0.1641169
175.5462,Nullreference,0.1749244
175.5573,Nullreference,0.1874028
175.5685,Nullreference,0.1985834
175.5795,Nullreference,0.2132861
175.5907,Nullreference,0.2230586
175.6017,Nullreference,0.2202191
175.6128,Nullreference,0.2104343
175.6239,Nullreference,0.2109298
175.6352,Nullreference,0.218157
175.6463,Nullreference,0.2189973
175.6573,Nullreference,0.2353605
175.6683,Nullreference,0.247833
175.6794,Nullreference,0.2650575
175.6906,Nullreference,0.2762453
175.7017,Nullreference,0.288946
175.7128,Nullreference,0.2965362
175.7239,Nullreference,0.2992544
175.7349,Nullreference,0.2998578
175.7461,Nullreference,0.2937662
175.7572,Nullreference,0.2848348
175.7684,Nullreference,0.2783444
175.7793,Nullreference,0.2687052
175.7905,Nullreference,0.2580319
175.8016,Nullreference,0.2510753
175.8127,Nullreference,0.2403903
175.8239,Nullreference,0.2313754
175.835,Nullreference,0.222529
175.846,Nullreference,0.2142231
175.8572,Nullreference,0.2001806
175.8682,Nullreference,0.1909658
175.8793,Nullreference,0.1789587
175.8905,Nullreference,0.1693804
175.9016,Nullreference,0.157953
175.9128,Nullreference,0.1482096
175.9238,Nullreference,0.1457089
175.9353,Nullreference,0.1340789
175.946,Nullreference,0.1336932
175.9571,Nullreference,0.1314774
175.9683,Nullreference,0.1327082
175.9793,Nullreference,0.1304628
175.9904,Nullreference,0.140041
176.0014,Nullreference,0.1324616
176.0127,Nullreference,0.1233411
176.0239,Nullreference,0.1148579
176.0348,Nullreference,0.1086485
176.0459,Nullreference,0.1115373
176.057,Nullreference,0.1230136
176.0681,Nullreference,0.1413536
176.0792,Nullreference,0.1527105
176.0903,Nullreference,0.1600661
176.1015,Nullreference,0.1646131
176.1126,Nullreference,0.1571185
176.1238,Nullreference,0.1580298
176.135,Nullreference,0.1490362
176.1459,Nullreference,0.1423311
176.157,Nullreference,0.1250726
176.1682,Nullreference,0.1076524
176.1792,Nullreference,0.0767686
176.1903,Nullreference,0.06039223
176.2015,Nullreference,0.05136698
176.2124,Nullreference,0.06018659
176.2237,Nullreference,0.07343425
176.2348,Nullreference,0.08659674
176.246,Nullreference,0.1029857
176.2569,Nullreference,0.1124665
176.268,Nullreference,0.1202891
176.2791,Nullreference,0.1254343
176.2902,Nullreference,0.1358645
176.3014,Nullreference,0.138353
176.3124,Nullreference,0.1468775
176.3238,Nullreference,0.1556988
176.3346,Nullreference,0.1600877
176.3458,Nullreference,0.1665401
176.3569,Nullreference,0.1739467
176.3681,Nullreference,0.1758721
176.3791,Nullreference,0.183642
176.3902,Nullreference,0.1881473
176.4014,Nullreference,0.188855
176.4124,Nullreference,0.185939
176.4235,Nullreference,0.1928754
176.4346,Nullreference,0.1983254
176.4459,Nullreference,0.2063281
176.4569,Nullreference,0.2038048
176.4679,Nullreference,0.2073144
176.4791,Nullreference,0.2148245
176.4904,Nullreference,0.2240142
176.5013,Nullreference,0.2462867
176.5125,Nullreference,0.2689761
176.5235,Nullreference,0.3017994
176.5345,Nullreference,0.3265991
176.5457,Nullreference,0.3454832
176.5568,Nullreference,0.3445087
176.568,Nullreference,0.33777
176.5791,Nullreference,0.3105418
176.5901,Nullreference,0.2841603
176.6012,Nullreference,0.2462997
176.6123,Nullreference,0.2252616
176.6234,Nullreference,0.2176955
176.6345,Nullreference,0.2180061
176.6457,Nullreference,0.2231866
176.6567,Nullreference,0.2298041
176.6678,Nullreference,0.2313659
176.679,Nullreference,0.2225735
176.6901,Nullreference,0.2179312
176.7015,Nullreference,0.2131391
176.7123,Nullreference,0.2123955
176.7234,Nullreference,0.2130699
176.7345,Nullreference,0.2198229
176.7456,Nullreference,0.2294349
176.7567,Nullreference,0.2363374
176.768,Nullreference,0.2409716
176.7789,Nullreference,0.2442632
176.79,Nullreference,0.2416673
176.8011,Nullreference,0.228949
176.8123,Nullreference,0.2142397
176.8234,Nullreference,0.1977327
176.8344,Nullreference,0.1889755
176.8455,Nullreference,0.178662
176.8567,Nullreference,0.1692387
176.8678,Nullreference,0.1556939
176.8788,Nullreference,0.1471189
176.8901,Nullreference,0.1355068
176.901,Nullreference,0.1260215
176.9122,Nullreference,0.1192707
176.9233,Nullreference,0.1182607
176.9344,Nullreference,0.1217996
176.9456,Nullreference,0.1355047
176.9569,Nullreference,0.1450723
176.9677,Nullreference,0.1543809
176.9788,Nullreference,0.163553
176.99,Nullreference,0.1630038
177.0013,Nullreference,0.1728166
177.0121,Nullreference,0.1660504
177.0236,Nullreference,0.159668
177.0344,Nullreference,0.1568908
177.0455,Nullreference,0.1491971
177.0565,Nullreference,0.1416197
177.0676,Nullreference,0.1273819
177.0788,Nullreference,0.1159536
177.0899,Nullreference,0.1073391
177.101,Nullreference,0.09165908
177.1121,Nullreference,0.08647415
177.1232,Nullreference,0.08172318
177.1344,Nullreference,0.07885019
177.1455,Nullreference,0.07656948
177.1565,Nullreference,0.07414898
177.1677,Nullreference,0.07174008
177.1787,Nullreference,0.06566002
177.1898,Nullreference,0.06193311
177.2009,Nullreference,0.05751105
177.212,Nullreference,0.06747186
177.2232,Nullreference,0.0849705
177.2343,Nullreference,0.1208432
177.2453,Nullreference,0.1494703
177.2565,Nullreference,0.1870269
177.2675,Nullreference,0.2194673
177.2787,Nullreference,0.2470796
177.2896,Nullreference,0.276228
177.3021,Nullreference,0.3109874
177.3134,Nullreference,0.3440585
177.3243,Nullreference,0.3762383
177.3359,Nullreference,0.3987441
177.3473,Nullreference,0.4250387
177.3576,Nullreference,0.4493808
177.3687,Nullreference,0.4595864
177.3798,Nullreference,0.4741825
177.3911,Nullreference,0.4861491
177.4021,Nullreference,0.5054458
177.4133,Nullreference,0.518779
177.4242,Nullreference,0.5475169
177.4352,Nullreference,0.5713445
177.4465,Nullreference,0.5970645
177.4574,Nullreference,0.6314028
177.4688,Nullreference,0.6584561
177.4796,Nullreference,0.6842495
177.4907,Nullreference,0.7046177
177.5018,Nullreference,0.7260753
177.5129,Nullreference,0.7419741
177.5241,Nullreference,0.7623448
177.5354,Nullreference,0.7907659
177.5462,Nullreference,0.8193212
177.5578,Nullreference,0.8618894
177.5686,Nullreference,0.9013037
177.5796,Nullreference,0.9398305
177.5909,Nullreference,0.971069
177.602,Nullreference,0.9975949
177.6129,Nullreference,1.027631
177.6242,Nullreference,1.057303
177.6353,Nullreference,1.080622
177.6465,Nullreference,1.111109
177.6576,Nullreference,1.133296
177.6687,Nullreference,1.161163
177.68,Nullreference,1.190383
177.691,Nullreference,1.224221
177.7022,Nullreference,1.248256
177.7134,Nullreference,1.287636
177.7245,Nullreference,1.328674
177.7354,Nullreference,1.364491
177.7467,Nullreference,1.402346
177.7579,Nullreference,1.434757
177.7688,Nullreference,1.462363
177.7799,Nullreference,1.493659
177.7912,Nullreference,1.518614
177.8024,Nullreference,1.547701
177.8136,Nullreference,1.587655
177.8244,Nullreference,1.632992
177.8358,Nullreference,1.705437
177.8467,Nullreference,1.774493
177.8578,Nullreference,1.867688
177.8688,Nullreference,1.942406
177.88,Nullreference,2.04292
177.8911,Nullreference,2.128996
177.9021,Nullreference,2.184329
177.9132,Nullreference,2.232828
177.9243,Nullreference,2.255796
177.9354,Nullreference,2.277838
177.9464,Nullreference,2.282848
177.9576,Nullreference,2.282705
177.9687,Nullreference,2.281748
177.9799,Nullreference,2.265385
177.9908,Nullreference,2.249806
178.0019,Nullreference,2.213749
178.013,Nullreference,2.170853
178.0242,Nullreference,2.100685
178.0354,Nullreference,2.036257
178.0464,Nullreference,1.955567
178.0576,Nullreference,1.882942
178.0685,Nullreference,1.812182
178.0797,Nullreference,1.729945
178.0907,Nullreference,1.672343
178.1019,Nullreference,1.613336
178.113,Nullreference,1.557957
178.1242,Nullreference,1.518441
178.1351,Nullreference,1.474724
178.1462,Nullreference,1.437404
178.1574,Nullreference,1.400844
178.1684,Nullreference,1.369335
178.1797,Nullreference,1.333258
178.1917,Nullreference,1.300853
178.2018,Nullreference,1.264421
178.2129,Nullreference,1.237921
178.2239,Nullreference,1.215803
178.2351,Nullreference,1.189531
178.2462,Nullreference,1.168589
178.2574,Nullreference,1.144576
178.2703,Nullreference,1.117427
178.2794,Nullreference,1.088747
178.2906,Nullreference,1.054745
178.3017,Nullreference,1.02324
178.3128,Nullreference,0.9928203
178.3239,Nullreference,0.9765798
178.3349,Nullreference,0.9610041
178.3473,Nullreference,0.9609625
178.3572,Nullreference,0.9675171
178.3683,Nullreference,0.9716105
178.3797,Nullreference,0.9806095
178.3905,Nullreference,0.9882106
178.4015,Nullreference,0.9878191
178.4127,Nullreference,0.9846569
178.4238,Nullreference,0.9759509
178.4349,Nullreference,0.9635456
178.446,Nullreference,0.9417402
178.4576,Nullreference,0.9225412
178.4682,Nullreference,0.8926284
178.4792,Nullreference,0.8614241
178.4904,Nullreference,0.8270859
178.5014,Nullreference,0.7969444
178.5127,Nullreference,0.7617908
178.5239,Nullreference,0.7169611
178.5348,Nullreference,0.6876455
178.5458,Nullreference,0.6711359
178.5575,Nullreference,0.6576146
178.5684,Nullreference,0.5963758
178.5802,Nullreference,0.5014972
178.5901,Nullreference,0.4436317
178.6015,Nullreference,0.4106043
178.6124,Nullreference,0.3969223
178.6235,Nullreference,0.3792696
178.6347,Nullreference,0.3654973
178.6457,Nullreference,0.3628806
178.657,Nullreference,0.3816953
178.6683,Nullreference,0.4049746
178.6792,Nullreference,0.4241733
178.6903,Nullreference,0.4509379
178.7014,Nullreference,0.4799055
178.7123,Nullreference,0.5018075
178.7234,Nullreference,0.5130576
178.7346,Nullreference,0.5089125
178.7457,Nullreference,0.4988302
178.7568,Nullreference,0.4795002
178.7681,Nullreference,0.4781457
178.779,Nullreference,0.4877383
178.7903,Nullreference,0.5177568
178.8011,Nullreference,0.5472632
178.8122,Nullreference,0.5875613
178.8233,Nullreference,0.6299356
178.8345,Nullreference,0.6733741
178.8456,Nullreference,0.7153329
178.8567,Nullreference,0.7712278
178.8679,Nullreference,0.8246357
178.8787,Nullreference,0.8991418
178.8899,Nullreference,0.9775313
178.901,Nullreference,1.065348
178.912,Nullreference,1.141025
178.9231,Nullreference,1.227315
178.9342,Nullreference,1.302444
178.9453,Nullreference,1.392703
178.9563,Nullreference,1.496254
178.9676,Nullreference,1.58459
178.9786,Nullreference,1.678883
178.9897,Nullreference,1.770556
179.0007,Collider_Roger_Body,1.850157
179.0118,Collider_Roger_Body,1.941329
179.0231,Collider_Roger_Body,2.018774
179.034,Collider_Roger_Body,2.112445
179.045,Collider_Roger_Body,2.186882
179.0561,Nullreference,2.275303
179.0676,Nullreference,2.367756
179.0783,Nullreference,2.440096
179.0896,Nullreference,2.499639
179.1005,Nullreference,2.565993
179.1116,Nullreference,2.611036
179.1227,Nullreference,2.661811
179.1337,Nullreference,2.693217
179.1447,Nullreference,2.72562
179.1557,Nullreference,2.748173
179.1668,Nullreference,2.753044
179.1779,Nullreference,2.757951
179.1891,Nullreference,2.757582
179.2001,Nullreference,2.748248
179.2111,Nullreference,2.731414
179.2224,Nullreference,2.692508
179.2335,Nullreference,2.643338
179.2446,Nullreference,2.596942
179.2556,Nullreference,2.526372
179.2667,Nullreference,2.466079
179.278,Nullreference,2.397807
179.2892,Nullreference,2.334994
179.3,Nullreference,2.256566
179.3111,Nullreference,2.170501
179.3223,Nullreference,2.084471
179.3333,Nullreference,1.982498
179.3445,Nullreference,1.898159
179.3556,Nullreference,1.778858
179.3666,Nullreference,1.673145
179.3777,Nullreference,1.547787
179.3889,Nullreference,1.425113
179.3999,Nullreference,1.304526
179.411,Nullreference,1.192769
179.4222,Nullreference,1.073685
179.4334,Nullreference,0.9812082
179.4443,Nullreference,0.8901172
179.4555,Nullreference,0.8171465
179.4667,Nullreference,0.7904483
179.4776,Nullreference,0.775315
179.4888,Nullreference,0.7823281
179.5001,Nullreference,0.80786
179.511,Nullreference,0.8412602
179.5221,Nullreference,0.8989772
179.5332,Nullreference,0.9716805
179.5443,Nullreference,1.062175
179.5555,Nullreference,1.14036
179.5665,Nullreference,1.249981
179.5776,Nullreference,1.344722
179.5887,Nullreference,1.442718
179.5998,Nullreference,1.533733
179.6108,Nullreference,1.615836
179.6221,Nullreference,1.712304
179.6331,Nullreference,1.764444
179.6442,Nullreference,1.798924
179.6555,Nullreference,1.804662
179.6667,Nullreference,1.788778
179.6776,Nullreference,1.747227
179.6886,Nullreference,1.70461
179.7,Nullreference,1.672291
179.7109,Nullreference,1.640421
179.722,Nullreference,1.637583
179.7331,Nullreference,1.647768
179.7443,Nullreference,1.687683
179.7553,Nullreference,1.736797
179.7663,Nullreference,1.810103
179.7775,Nullreference,1.873768
179.7886,Nullreference,1.921936
179.7998,Nullreference,1.947336
179.8108,Nullreference,1.940253
179.822,Nullreference,1.911287
179.8331,Nullreference,1.862646
179.8441,Nullreference,1.831939
179.8554,Nullreference,1.82166
179.8664,Nullreference,1.819673
179.8775,Nullreference,1.81013
179.8885,Nullreference,1.77313
179.8997,Nullreference,1.724505
179.9108,Nullreference,1.662064
179.9219,Nullreference,1.599765
179.9329,Nullreference,1.564241
179.944,Nullreference,1.529308
179.9552,Nullreference,1.508538
179.9663,Nullreference,1.486791
179.9774,Nullreference,1.460745
179.9887,Nullreference,1.414138
179.9996,Nullreference,1.349198
180.0108,Nullreference,1.291569
180.0221,Nullreference,1.231833
180.0329,Nullreference,1.179736
180.044,Nullreference,1.129405
180.0552,Nullreference,1.088424
180.0663,Nullreference,1.048576
180.0774,Nullreference,1.000876
180.0884,Nullreference,0.9318651
180.0997,Nullreference,0.8140467
180.1107,Nullreference,0.7016041
180.1218,Nullreference,0.5657983
180.1329,Nullreference,0.4611383
180.1444,Nullreference,0.417508
180.1552,Nullreference,0.466111
180.1662,Nullreference,0.5805085
180.1773,Nullreference,0.6781091
180.1885,Nullreference,0.7769707
180.1995,Nullreference,0.8514916
180.2107,Nullreference,0.9083768
180.2217,Nullreference,0.9227422
180.2328,Nullreference,0.9302857
180.244,Nullreference,0.9176633
180.2554,Nullreference,0.9060073
180.2663,Nullreference,0.859517
180.2774,Collider_Roger_Body,0.8079397
180.2884,Collider_Roger_Body,0.7700858
180.2995,Collider_Roger_Body,0.7572242
180.3107,Collider_Roger_Body,0.7534295
180.3218,Collider_Roger_Body,0.7453199
180.3328,Collider_Roger_Body,0.7347165
180.3439,Collider_Roger_Body,0.7137702
180.3551,Collider_Roger_Body,0.6865099
180.3664,Collider_Roger_Body,0.6685283
180.3776,Collider_Roger_Body,0.6599404
180.3885,Collider_Roger_Body,0.6627686
180.3996,Collider_Roger_Body,0.6646739
180.4106,Collider_Roger_Body,0.6684749
180.4217,Collider_Roger_Body,0.6807184
180.4328,Collider_Roger_Body,0.684191
180.444,Collider_Roger_Body,0.6771392
180.455,Collider_Roger_Body,0.6771639
180.4663,Collider_Roger_Body,0.6721593
180.4774,Collider_Roger_Body,0.6778148
180.4884,Collider_Roger_Body,0.6948479
180.4995,Collider_Roger_Body,0.7159143
180.5106,Collider_Roger_Body,0.7396609
180.5218,Collider_Roger_Body,0.7739462
180.5328,Collider_Roger_Body,0.807804
180.544,Collider_Roger_Body,0.8460316
180.5552,Collider_Roger_Body,0.8846722
180.5662,Collider_Roger_Body,0.9101753
180.5773,Collider_Roger_Body,0.947033
180.5884,Collider_Roger_Body,0.9806535
180.5995,Collider_Roger_Body,1.018821
180.6106,Collider_Roger_Body,1.053557
180.6217,Collider_Roger_Body,1.084703
180.6328,Collider_Roger_Body,1.120889
180.644,Collider_Roger_Body,1.162035
180.6551,Collider_Roger_Body,1.210416
180.6663,Collider_Roger_Body,1.251713
180.6776,Collider_Roger_Body,1.292277
180.6887,Collider_Roger_Body,1.326097
180.6999,Collider_Roger_Body,1.366269
180.711,Collider_Roger_Body,1.391646
180.7221,Collider_Roger_Body,1.406131
180.7331,Collider_Roger_Body,1.412254
180.7444,Collider_Roger_Body,1.416761
180.7554,Collider_Roger_Body,1.408308
180.7664,Collider_Roger_Body,1.399345
180.7775,Collider_Roger_Body,1.393029
180.7888,Collider_Roger_Body,1.377476
180.7997,Collider_Roger_Body,1.35329
180.8109,Collider_Roger_Body,1.329902
180.8221,Collider_Roger_Body,1.294064
180.8331,Collider_Roger_Body,1.260986
180.8442,Collider_Roger_Body,1.222607
180.8555,Collider_Roger_Body,1.176843
180.8667,Collider_Roger_Body,1.120009
180.8776,Collider_Roger_Body,1.057678
180.889,Collider_Roger_Body,0.9668435
180.8997,Collider_Roger_Body,0.8911095
180.9114,Collider_Roger_Body,0.7981998
180.9222,Collider_Roger_Body,0.738611
180.933,Collider_Roger_Body,0.6889194
180.9442,Collider_Roger_Body,0.6531231
180.9553,Collider_Roger_Body,0.632602
180.9665,Collider_Roger_Body,0.6074638
180.9776,Collider_Roger_Body,0.5862535
180.9887,Collider_Roger_Body,0.5671651
180.9997,Collider_Roger_Body,0.558248
181.0108,Collider_Roger_Body,0.5367292
181.022,Collider_Roger_Body,0.5178591
181.0329,Collider_Roger_Body,0.4959177
181.0441,Collider_Roger_Body,0.4791648
181.0554,Collider_Roger_Body,0.4687198
181.0663,Collider_Roger_Body,0.4624683
181.0774,Collider_Roger_Body,0.4564861
181.0886,Collider_Roger_Body,0.4588783
181.0997,Collider_Roger_Body,0.4420778
181.1109,Collider_Roger_Body,0.4236366
181.1224,Collider_Roger_Body,0.4055954
181.1328,Collider_Roger_Body,0.385681
181.1441,Collider_Roger_Body,0.3694151
181.1552,Collider_Roger_Body,0.3577519
181.1661,Collider_Roger_Body,0.3466901
181.1772,Collider_Roger_Body,0.3360391
181.1884,Collider_Roger_Body,0.3197413
181.1994,Collider_Roger_Body,0.3064857
181.2107,Collider_Roger_Body,0.2905167
181.2216,Collider_Roger_Body,0.2749651
181.2331,Collider_Roger_Body,0.2525969
181.2438,Collider_Roger_Body,0.2313523
181.2552,Collider_Roger_Body,0.2071192
181.2661,Collider_Roger_Body,0.1929477
181.2771,Collider_Roger_Body,0.1768984
181.2884,Collider_Roger_Body,0.1700472
181.2994,Collider_Roger_Body,0.1694877
181.3105,Collider_Roger_Body,0.1713234
181.3216,Collider_Roger_Body,0.1855206
181.3327,Collider_Roger_Body,0.1960578
181.3439,Collider_Roger_Body,0.2318813
181.355,Collider_Roger_Body,0.2489386
181.366,Collider_Roger_Body,0.2689157
181.3775,Collider_Roger_Body,0.2966622
181.3883,Collider_Roger_Body,0.3201417
181.3993,Collider_Roger_Body,0.3345198
181.4104,Collider_Roger_Body,0.3551736
181.4216,Collider_Roger_Body,0.3598447
181.4328,Collider_Roger_Body,0.3698532
181.4439,Collider_Roger_Body,0.3852484
181.455,Collider_Roger_Body,0.3945207
181.466,Collider_Roger_Body,0.412034
181.4771,Collider_Roger_Body,0.4223672
181.4883,Collider_Roger_Body,0.4353141
181.4993,Collider_Roger_Body,0.4565031
181.5103,Collider_Roger_Body,0.4747303
181.5215,Collider_Roger_Body,0.4972194
181.5327,Collider_Roger_Body,0.5130454
181.5436,Collider_Roger_Body,0.5138658
181.5549,Collider_Roger_Body,0.4985833
181.5659,Collider_Roger_Body,0.4596893
181.5771,Collider_Roger_Body,0.4213604
181.5886,Collider_Roger_Body,0.4012716
181.5994,Collider_Roger_Body,0.4049494
181.6103,Collider_Roger_Body,0.426751
181.6215,Collider_Roger_Body,0.500913
181.6326,Collider_Roger_Body,0.5988675
181.6437,Collider_Roger_Body,0.729134
181.6548,Nullreference,0.8614434
181.6658,Nullreference,0.9673018
181.677,Nullreference,1.090719
181.6881,Nullreference,1.19141
181.6991,Nullreference,1.287445
181.7104,Nullreference,1.392052
181.7214,Nullreference,1.483641
181.7324,Nullreference,1.579422
181.7435,Nullreference,1.672318
181.7547,Nullreference,1.734436
181.7659,Nullreference,1.805248
181.777,Nullreference,1.849128
181.7883,Nullreference,1.881072
181.7991,Nullreference,1.896138
181.8103,Nullreference,1.894801
181.8215,Nullreference,1.877925
181.8325,Nullreference,1.843967
181.8436,Nullreference,1.798954
181.8547,Nullreference,1.757602
181.8658,Nullreference,1.694087
181.8769,Nullreference,1.647313
181.888,Nullreference,1.578488
181.8992,Nullreference,1.511455
181.9102,Nullreference,1.44147
181.9214,Nullreference,1.358055
181.9323,Nullreference,1.283541
181.9435,Nullreference,1.188518
181.9545,Nullreference,1.115527
181.9657,Nullreference,1.018648
181.9771,Nullreference,0.9252828
181.988,Nullreference,0.853384
181.9991,Nullreference,0.7851703
182.01,Nullreference,0.7121803
182.0213,Nullreference,0.6507119
182.0323,Nullreference,0.6053965
182.0435,Nullreference,0.5668055
182.0546,Nullreference,0.5431036
182.0656,Nullreference,0.5182402
182.0768,Nullreference,0.5041621
182.0881,Nullreference,0.4809133
182.099,Nullreference,0.4704786
182.11,Nullreference,0.4583689
182.1214,Nullreference,0.4443851
182.1324,Nullreference,0.4356599
182.1434,Nullreference,0.4291959
182.1545,Nullreference,0.4327258
182.1656,Nullreference,0.4364769
182.1768,Nullreference,0.4450916
182.1879,Nullreference,0.4574561
182.199,Nullreference,0.4716858
182.21,Nullreference,0.4794515
182.2211,Nullreference,0.4832459
182.2323,Nullreference,0.4795577
182.2434,Nullreference,0.4701911
182.2545,Nullreference,0.4553416
182.2656,Nullreference,0.4415816
182.2766,Nullreference,0.4245079
182.2879,Nullreference,0.4078608
182.2989,Nullreference,0.3794785
182.31,Nullreference,0.3448946
182.3211,Nullreference,0.2984082
182.3322,Nullreference,0.2629166
182.3433,Nullreference,0.2090676
182.3544,Nullreference,0.1759745
182.3656,Nullreference,0.1431661
182.3767,Nullreference,0.1480136
182.3878,Nullreference,0.1614949
182.3989,Nullreference,0.1826533
182.4101,Nullreference,0.1961425
182.421,Nullreference,0.2151877
182.4323,Nullreference,0.2343088
182.4433,Nullreference,0.2746839
182.4544,Nullreference,0.3188387
182.4655,Nullreference,0.389751
182.4767,Nullreference,0.480484
182.4878,Nullreference,0.5683241
182.4989,Nullreference,0.6789361
182.5098,Nullreference,0.7959042
182.521,Nullreference,0.9007424
182.532,Nullreference,1.031381
182.5437,Nullreference,1.142388
182.5544,Nullreference,1.279736
182.5654,Nullreference,1.417945
182.5767,Nullreference,1.539048
182.5878,Nullreference,1.639051
182.5987,Nullreference,1.754737
182.61,Nullreference,1.86637
182.621,Nullreference,1.945954
182.6321,Nullreference,2.037699
182.6432,Nullreference,2.10956
182.6544,Collider_Roger_Body,2.18424
182.6655,Nullreference,2.232215
182.6766,Nullreference,2.2691
182.6877,Nullreference,2.304734
182.699,Collider_Roger_Body,2.327631
182.7098,Collider_Roger_Body,2.340548
182.7209,Collider_Roger_Body,2.338329
182.7321,Collider_Roger_Body,2.332929
182.7433,Collider_Roger_Body,2.324403
182.7544,Collider_Roger_Body,2.312238
182.7654,Collider_Roger_Body,2.29026
182.7766,Collider_Roger_Body,2.272778
182.7875,Collider_Roger_Body,2.2563
182.7988,Collider_Roger_Body,2.219487
182.8097,Collider_Roger_Body,2.16969
182.8209,Collider_Roger_Body,2.108454
182.8321,Collider_Roger_Body,2.039577
182.8432,Collider_Roger_Body,1.965091
182.8544,Collider_Roger_Body,1.904182
182.8654,Collider_Roger_Body,1.833704
182.8767,Collider_Roger_Body,1.772441
182.8877,Collider_Roger_Body,1.719597
182.8987,Collider_Roger_Body,1.664775
182.9103,Collider_Roger_Body,1.615182
182.9211,Collider_Roger_Body,1.549448
182.932,Collider_Roger_Body,1.48034
182.9431,Collider_Roger_Body,1.421619
182.9542,Collider_Roger_Body,1.349222
182.9655,Collider_Roger_Body,1.292949
182.9765,Collider_Roger_Body,1.235155
182.9874,Collider_Roger_Body,1.192966
182.9985,Collider_Roger_Body,1.157063
183.0097,Collider_Roger_Body,1.160914
183.0208,Collider_Roger_Body,1.217521
183.0318,Collider_Roger_Body,1.328103
183.043,Collider_Roger_Body,1.535492
183.0542,Collider_Roger_Body,1.757894
183.0652,Collider_Roger_Body,2.049704
183.0764,Nullreference,2.321945
183.0877,Nullreference,2.515773
183.0984,Nullreference,2.725157
183.1096,Nullreference,2.876073
183.1209,Collider_Roger_Body,3.079957
183.1318,Nullreference,3.257989
183.1429,Nullreference,3.40128
183.154,Nullreference,3.421885
183.1653,Nullreference,3.350123
183.1764,Nullreference,3.186274
183.1876,Nullreference,3.036315
183.1984,Nullreference,2.874799
183.2095,Nullreference,2.75472
183.2206,Nullreference,2.6028
183.2317,Nullreference,2.458347
183.2429,Nullreference,2.344563
183.2539,Nullreference,2.213419
183.2651,Nullreference,2.114712
183.2762,Nullreference,2.001393
183.2873,Nullreference,1.890705
183.2984,Nullreference,1.795442
183.3095,Nullreference,1.69803
183.3207,Nullreference,1.6271
183.3317,Nullreference,1.535668
183.3428,Nullreference,1.463777
183.354,Nullreference,1.409825
183.3653,Nullreference,1.354426
183.3762,Nullreference,1.312574
183.3873,Nullreference,1.270308
183.3984,Nullreference,1.239289
183.4096,Nullreference,1.20046
183.4209,Nullreference,1.155701
183.4317,Nullreference,1.115645
183.4428,Nullreference,1.061299
183.454,Nullreference,1.028334
183.465,Nullreference,0.9794352
183.4761,Nullreference,0.9411694
183.4873,Nullreference,0.9022821
183.4984,Nullreference,0.8634948
183.5093,Nullreference,0.8136942
183.5206,Nullreference,0.7576351
183.5316,Nullreference,0.6997933
183.5427,Nullreference,0.6210255
183.554,Nullreference,0.5530023
183.5649,Nullreference,0.4703189
183.5761,Nullreference,0.3970875
183.5871,Nullreference,0.3408617
183.5983,Nullreference,0.281716
183.6093,Nullreference,0.2417928
183.6204,Nullreference,0.1961334
183.6316,Nullreference,0.1582162
183.6426,Nullreference,0.1280112
183.6539,Nullreference,0.1214695
183.6648,Nullreference,0.1444298
183.676,Nullreference,0.1935298
183.6871,Nullreference,0.2321946
183.6981,Nullreference,0.2834564
183.7094,Nullreference,0.3390039
183.7204,Nullreference,0.3832253
183.7314,Nullreference,0.4196954
183.7425,Nullreference,0.4678145
183.7538,Nullreference,0.5050522
183.7648,Nullreference,0.55441
183.7758,Nullreference,0.6105397
183.7871,Nullreference,0.6533006
183.798,Nullreference,0.7034599
183.8092,Collider_Roger_Body,0.7413167
183.8203,Collider_Roger_Body,0.7822171
183.8315,Collider_Roger_Body,0.8088173
183.8425,Collider_Roger_Body,0.8328357
183.8537,Collider_Roger_Body,0.8738028
183.8647,Collider_Roger_Body,0.9167815
183.876,Collider_Roger_Body,0.9582897
183.887,Collider_Roger_Body,1.00147
183.8981,Collider_Roger_Body,1.049083
183.9093,Collider_Roger_Body,1.085033
183.9203,Collider_Roger_Body,1.131034
183.9315,Collider_Roger_Body,1.160567
183.9426,Collider_Roger_Body,1.207261
183.9536,Collider_Roger_Body,1.245583
183.9648,Collider_Roger_Body,1.290359
183.9758,Collider_Roger_Body,1.344884
183.9869,Collider_Roger_Body,1.397527
183.998,Collider_Roger_Body,1.446103
184.0091,Collider_Roger_Body,1.509112
184.0202,Collider_Roger_Body,1.565876
184.0313,Collider_Roger_Body,1.64281
184.0424,Collider_Roger_Body,1.707073
184.0536,Collider_Roger_Body,1.791901
184.0649,Collider_Roger_Body,1.869676
184.0792,Collider_Roger_Body,1.938581
184.0868,Collider_Roger_Body,2.036355
184.0979,Collider_Roger_Body,2.129544
184.1088,Collider_Roger_Body,2.259404
184.1199,Collider_Roger_Body,2.3629
184.1311,Collider_Roger_Body,2.455514
184.1422,Collider_Roger_Body,2.515844
184.1535,Nullreference,2.544145
184.1654,Nullreference,2.553696
184.1766,Nullreference,2.569827
184.1884,Nullreference,2.596766
184.1987,Nullreference,2.636625
184.2099,Nullreference,2.691762
184.2208,Nullreference,2.750125
184.232,Nullreference,2.798849
184.2431,Nullreference,2.823072
184.2542,Nullreference,2.836773
184.2651,Nullreference,2.837522
184.2759,Nullreference,2.832969
184.2871,Nullreference,2.82043
184.2981,Nullreference,2.794941
184.3096,Nullreference,2.743179
184.3204,Nullreference,2.690315
184.3313,Nullreference,2.60471
184.3424,Nullreference,2.50895
184.3537,Nullreference,2.432993
184.3646,Nullreference,2.350267
184.3757,Nullreference,2.281698
184.3868,Nullreference,2.194129
184.3978,Nullreference,2.122638
184.409,Nullreference,2.009372
184.4206,Nullreference,1.906457
184.4312,Nullreference,1.794504
184.4422,Nullreference,1.656281
184.4534,Nullreference,1.531512
184.4645,Nullreference,1.41312
184.4756,Nullreference,1.302075
184.4867,Nullreference,1.19788
184.4977,Nullreference,1.125646
184.5089,Nullreference,1.04819
184.5201,Nullreference,0.9918655
184.5309,Nullreference,0.9361098
184.5421,Nullreference,0.8956728
184.5533,Nullreference,0.8666133
184.5644,Nullreference,0.8477531
184.5755,Nullreference,0.8368882
184.5866,Nullreference,0.8248918
184.5977,Nullreference,0.819574
184.6088,Nullreference,0.8201714
184.6198,Nullreference,0.8236835
184.631,Nullreference,0.8165179
184.642,Nullreference,0.8103981
184.6531,Nullreference,0.8025247
184.6645,Nullreference,0.7938783
184.6754,Nullreference,0.7835621
184.6865,Nullreference,0.7641191
184.6976,Nullreference,0.7479952
184.7088,Nullreference,0.7230159
184.7198,Nullreference,0.6914169
184.731,Nullreference,0.6489198
184.7422,Nullreference,0.6071814
184.7531,Nullreference,0.5618671
184.7641,Nullreference,0.5259348
184.7753,Nullreference,0.4831025
184.7864,Nullreference,0.4515431
184.7975,Nullreference,0.4072437
184.8087,Nullreference,0.3754871
184.8197,Nullreference,0.3437482
184.8308,Nullreference,0.3081251
184.8419,Nullreference,0.2874234
184.8531,Nullreference,0.2816614
184.8641,Nullreference,0.2990565
184.8753,Cube (7),0.3325314
184.8863,Nullreference,0.3625336
184.8974,Nullreference,0.3980289
184.9085,Nullreference,0.4456991
184.9198,Nullreference,0.5072087
184.9308,Nullreference,0.5773759
184.9418,Nullreference,0.6286576
184.9534,Nullreference,0.6886938
184.9641,Nullreference,0.7420902
184.9753,Nullreference,0.7821212
184.9864,Nullreference,0.8193519
184.9975,Nullreference,0.8550792
185.0085,Nullreference,0.9182912
185.0197,Nullreference,0.9838565
185.0308,Nullreference,1.043396
185.0419,Nullreference,1.086821
185.053,Nullreference,1.113501
185.064,Nullreference,1.150402
185.0753,Nullreference,1.187115
185.0864,Nullreference,1.224883
185.0974,Nullreference,1.254918
185.1086,Nullreference,1.286962
185.1201,Nullreference,1.316663
185.1308,Nullreference,1.334401
185.1421,Nullreference,1.348212
185.1531,Nullreference,1.361134
185.1642,Nullreference,1.368989
185.1754,Nullreference,1.37383
185.1865,Nullreference,1.371395
185.1976,Nullreference,1.359988
185.2088,Nullreference,1.345525
185.2198,Nullreference,1.319697
185.2308,Nullreference,1.275862
185.2421,Nullreference,1.241789
185.2531,Nullreference,1.195602
185.2643,Nullreference,1.141728
185.2754,Nullreference,1.075095
185.2865,Nullreference,1.012694
185.2976,Nullreference,0.9545929
185.3087,Nullreference,0.8932685
185.32,Nullreference,0.8422542
185.3309,Nullreference,0.7800047
185.3422,Nullreference,0.7186164
185.3534,Nullreference,0.6379231
185.3643,Nullreference,0.5624893
185.3755,Nullreference,0.492043
185.3865,Nullreference,0.4199505
185.3979,Nullreference,0.3648143
185.4087,Nullreference,0.3186193
185.4198,Nullreference,0.2831213
185.431,Nullreference,0.2415978
185.442,Nullreference,0.2155008
185.4532,Nullreference,0.1879988
185.4644,Nullreference,0.168202
185.4755,Nullreference,0.1624458
185.4865,Nullreference,0.1903449
185.4976,Nullreference,0.2260423
185.5089,Nullreference,0.2884731
185.5197,Nullreference,0.3468055
185.5308,Nullreference,0.4162649
185.542,Nullreference,0.4691468
185.5531,Nullreference,0.522795
185.5641,Nullreference,0.5614226
185.5753,Nullreference,0.6108714
185.5866,Nullreference,0.6592548
185.5976,Nullreference,0.7034721
185.6086,Nullreference,0.7374197
185.6199,Nullreference,0.7667575
185.6309,Nullreference,0.7968968
185.6422,Nullreference,0.8227707
185.6533,Nullreference,0.8438556
185.6643,Nullreference,0.8638574
185.6753,Nullreference,0.8700722
185.6867,Nullreference,0.8668587
185.6975,Nullreference,0.8582067
185.7088,Nullreference,0.8479241
185.7201,Nullreference,0.8320822
185.7311,Nullreference,0.8191139
185.7422,Nullreference,0.7941941
185.7533,Nullreference,0.7723041
185.7644,Nullreference,0.7506374
185.7753,Nullreference,0.7365785
185.7865,Nullreference,0.7310921
185.7977,Nullreference,0.7221974
185.8088,Nullreference,0.7184935
185.8201,Nullreference,0.7127427
185.831,Nullreference,0.7061924
185.8423,Nullreference,0.6957294
185.8533,Nullreference,0.671406
185.8645,Nullreference,0.6434714
185.8756,Nullreference,0.6192787
185.8867,Nullreference,0.5921493
185.8979,Nullreference,0.5657336
185.9088,Nullreference,0.5398634
185.9201,Nullreference,0.5200885
185.9312,Nullreference,0.5069246
185.9421,Nullreference,0.4943758
185.9534,Nullreference,0.4766643
185.9645,Nullreference,0.4599211
185.9757,Nullreference,0.435564
185.9869,Nullreference,0.4166449
185.9979,Nullreference,0.4018776
186.009,Nullreference,0.3931032
186.0203,Nullreference,0.3793869
186.0318,Nullreference,0.3653246
186.0424,Nullreference,0.3532954
186.0534,Nullreference,0.3371113
186.0645,Nullreference,0.3212395
186.0756,Nullreference,0.3105013
186.0868,Nullreference,0.3045031
186.0977,Nullreference,0.2952644
186.1089,Nullreference,0.2907188
186.1203,Nullreference,0.2838576
186.1312,Nullreference,0.2780829
186.1423,Nullreference,0.2736838
186.1535,Nullreference,0.2656399
186.1646,Nullreference,0.2577007
186.1755,Nullreference,0.2503762
186.1872,Nullreference,0.2424336
186.1978,Nullreference,0.239189
186.2088,Nullreference,0.236259
186.2202,Nullreference,0.2308209
186.2313,Nullreference,0.2232323
186.2422,Nullreference,0.2147689
186.2533,Nullreference,0.2069262
186.2644,Nullreference,0.2025394
186.2756,Nullreference,0.1957425
186.2868,Nullreference,0.1900044
186.2977,Nullreference,0.1896138
186.3088,Nullreference,0.1833232
186.3201,Nullreference,0.1808161
186.331,Nullreference,0.1758635
186.3422,Nullreference,0.1753401
186.3535,Nullreference,0.1708377
186.3644,Nullreference,0.1684203
186.3755,Nullreference,0.1672208
186.3868,Nullreference,0.1705204
186.3978,Nullreference,0.1802577
186.4088,Nullreference,0.2025228
186.42,Nullreference,0.2423477
186.431,Nullreference,0.2844465
186.4422,Nullreference,0.3242933
186.4536,Nullreference,0.3675186
186.4645,Nullreference,0.4002088
186.4754,Nullreference,0.4187699
186.4874,Nullreference,0.4299599
186.4975,Nullreference,0.4410101
186.5087,Nullreference,0.4410737
186.5199,Nullreference,0.4470691
186.531,Nullreference,0.4506083
186.5421,Nullreference,0.4599456
186.5532,Nullreference,0.4646173
186.5643,Nullreference,0.4758346
186.5754,Nullreference,0.4925614
186.5871,Nullreference,0.5137338
186.5977,Nullreference,0.5289772
186.6088,Nullreference,0.5487121
186.6199,Nullreference,0.5493908
186.6309,Nullreference,0.5475203
186.642,Nullreference,0.5327759
186.6531,Nullreference,0.5194247
186.6643,Nullreference,0.4982278
186.6754,Nullreference,0.4845569
186.687,Nullreference,0.4706771
186.6979,Nullreference,0.4854477
186.7088,Nullreference,0.4674384
186.7199,Nullreference,0.4153305
186.7308,Nullreference,0.3696569
186.742,Nullreference,0.3986561
186.7533,Nullreference,0.4651267
186.7643,Nullreference,0.5064507
186.7754,Nullreference,0.5348048
186.7874,Nullreference,0.5509249
186.7975,Nullreference,0.5785992
186.8086,Nullreference,0.6061777
186.8198,Nullreference,0.6190509
186.8308,Nullreference,0.6223426
186.8421,Nullreference,0.6063331
186.8534,Nullreference,0.5827609
186.8642,Nullreference,0.5509607
186.8752,Nullreference,0.5211058
186.8865,Nullreference,0.4987079
186.8975,Nullreference,0.4829479
186.9085,Nullreference,0.4830114
186.9203,Nullreference,0.4919006
186.9312,Nullreference,0.5026872
186.9419,Nullreference,0.5232388
186.9535,Nullreference,0.5406912
186.9642,Nullreference,0.5527791
186.9753,Nullreference,0.5536435
186.9866,Nullreference,0.5459461
186.9975,Nullreference,0.5260298
187.0085,Nullreference,0.4973377
187.0197,Nullreference,0.4613531
187.0309,Nullreference,0.4013442
187.042,Nullreference,0.3437785
187.0532,Nullreference,0.2850425
187.0643,Nullreference,0.2247445
187.0753,Nullreference,0.1766437
187.0866,Nullreference,0.1393172
187.0975,Nullreference,0.103017
187.1086,Nullreference,0.08871672
187.1199,Nullreference,0.09046298
187.1308,Nullreference,0.1105265
187.142,Nullreference,0.1358304
187.153,Nullreference,0.1704256
187.164,Nullreference,0.2288435
187.1753,Nullreference,0.2916611
187.1867,Nullreference,0.3703221
187.1975,Nullreference,0.4356534
187.2084,Nullreference,0.5206794
187.2197,Nullreference,0.6033215
187.2307,Nullreference,0.6847166
187.2419,Nullreference,0.7638685
187.2534,Nullreference,0.8289537
187.2641,Nullreference,0.9184983
187.2752,Nullreference,0.9696766
187.2863,Nullreference,1.037742
187.2975,Nullreference,1.090921
187.3087,Nullreference,1.14094
187.3199,Nullreference,1.179239
187.331,Nullreference,1.212537
187.3422,Nullreference,1.245647
187.3538,Nullreference,1.272994
187.3646,Nullreference,1.306152
187.3755,Nullreference,1.345589
187.3868,Nullreference,1.380748
187.3978,Nullreference,1.422379
187.409,Nullreference,1.456896
187.4202,Nullreference,1.4925
187.4311,Nullreference,1.525027
187.4424,Nullreference,1.549521
187.4537,Nullreference,1.575759
187.4651,Nullreference,1.590902
187.4756,Nullreference,1.61357
187.4872,Nullreference,1.610048
187.4981,Nullreference,1.607456
187.5091,Nullreference,1.596228
187.5204,Nullreference,1.592636
187.5311,Nullreference,1.586501
187.5421,Nullreference,1.580086
187.5534,Nullreference,1.573461
187.5643,Nullreference,1.57064
187.5755,Nullreference,1.564215
187.5868,Nullreference,1.565933
187.5977,Nullreference,1.562253
187.6091,Nullreference,1.567408
187.6202,Nullreference,1.581424
187.6314,Nullreference,1.586263
187.6421,Nullreference,1.589884
187.6532,Nullreference,1.586302
187.6643,Nullreference,1.58506
187.6755,Nullreference,1.581536
187.6868,Nullreference,1.581844
187.6978,Nullreference,1.577551
187.7088,Nullreference,1.572888
187.7198,Nullreference,1.560757
187.7308,Nullreference,1.545352
187.7421,Nullreference,1.522618
187.7531,Nullreference,1.474377
187.7642,Nullreference,1.429591
187.7752,Nullreference,1.354525
187.7865,Nullreference,1.28732
187.7979,Nullreference,1.218324
187.8086,Nullreference,1.133986
187.8206,Nullreference,1.038493
187.831,Nullreference,0.9597258
187.8419,Nullreference,0.8612388
187.8531,Nullreference,0.7840853
187.8641,Nullreference,0.6911444
187.8752,Nullreference,0.6112877
187.8874,Nullreference,0.5319685
187.8974,Nullreference,0.4432186
187.9086,Nullreference,0.3589541
187.9197,Nullreference,0.2663639
187.9308,Nullreference,0.2025936
187.9417,Nullreference,0.2006962
187.9529,Nullreference,0.2856849
187.9641,Nullreference,0.3835537
187.9751,Nullreference,0.5195022
187.9864,Nullreference,0.661674
187.9974,Nullreference,0.7889417
188.0084,Nullreference,0.9562045
188.0196,Nullreference,1.099598
188.0306,Nullreference,1.276335
188.0408,Collider_Roger_Body,1.44307
188.0524,Collider_Roger_Body,1.581482
188.063,Collider_Roger_Body,1.743469
188.0743,Collider_Roger_Body,1.878379
188.0853,Collider_Roger_Body,2.027571
188.0964,Collider_Roger_Body,2.160482
188.1076,Collider_Roger_Body,2.28643
188.1187,Nullreference,2.398836
188.1297,Nullreference,2.50995
188.141,Nullreference,2.5938
188.1519,Nullreference,2.686992
188.163,Nullreference,2.755889
188.174,Nullreference,2.799291
188.1853,Nullreference,2.833898
188.196,Nullreference,2.857931
188.207,Nullreference,2.866524
188.2182,Nullreference,2.877362
188.2292,Nullreference,2.878337
188.2403,Nullreference,2.862803
188.2515,Nullreference,2.836355
188.2626,Nullreference,2.79934
188.2738,Nullreference,2.74495
188.2849,Nullreference,2.692126
188.296,Nullreference,2.611648
188.307,Nullreference,2.540252
188.3182,Nullreference,2.446613
188.3292,Nullreference,2.353651
188.3405,Nullreference,2.272655
188.3515,Nullreference,2.174635
188.3625,Nullreference,2.104782
188.3736,Nullreference,2.014734
188.3848,Nullreference,1.933711
188.3959,Nullreference,1.832744
188.407,Nullreference,1.702343
188.4181,Nullreference,1.578214
188.4292,Nullreference,1.425174
188.4402,Nullreference,1.296171
188.4514,Nullreference,1.160658
188.4625,Nullreference,1.05696
188.4737,Nullreference,0.8957734
188.4847,Nullreference,0.6967396
188.4958,Nullreference,0.521894
188.5069,Nullreference,0.3503379
188.518,Nullreference,0.264991
188.5292,Nullreference,0.2143921
188.5402,Nullreference,0.2172252
188.5514,Nullreference,0.2696459
188.5624,Nullreference,0.331404
188.5736,Nullreference,0.4111412
188.5846,Nullreference,0.5141442
188.5958,Nullreference,0.599249
188.6069,Nullreference,0.7116897
188.618,Nullreference,0.8194978
188.6291,Nullreference,0.9197199
188.6404,Nullreference,1.021934
188.6516,Nullreference,1.095438
188.6624,Nullreference,1.170942
188.6736,Nullreference,1.220406
188.6846,Nullreference,1.268111
188.6957,Nullreference,1.299665
188.7068,Nullreference,1.318313
188.7179,Nullreference,1.332097
188.7292,Nullreference,1.328242
188.7402,Nullreference,1.302257
188.7514,Nullreference,1.243651
188.7624,Nullreference,1.163981
188.7735,Nullreference,1.086076
188.7846,Nullreference,0.9902732
188.7999,Nullreference,0.8979344
188.8067,Nullreference,0.8201781
188.8159,Nullreference,0.7469215
188.827,Nullreference,0.6616027
188.8381,Nullreference,0.5544773
188.8493,Nullreference,0.4649356
188.8603,Nullreference,0.371799
188.8714,Nullreference,0.2778269
188.8826,Nullreference,0.2068454
188.8937,Nullreference,0.1420665
188.9048,Nullreference,0.1039025
188.916,Nullreference,0.09116095
188.927,Nullreference,0.1103757
188.9382,Nullreference,0.1514019
188.9493,Nullreference,0.188541
188.9606,Nullreference,0.2226309
188.9714,Nullreference,0.242878
188.9825,Nullreference,0.2613706
188.9936,Nullreference,0.2679255
189.0047,Nullreference,0.2724713
189.0158,Nullreference,0.2797418
189.027,Nullreference,0.2805436
189.0381,Nullreference,0.2787414
189.0492,Nullreference,0.2775776
189.0603,Nullreference,0.2798143
189.0714,Nullreference,0.2799098
189.0825,Nullreference,0.2779812
189.0937,Nullreference,0.2732141
189.1047,Nullreference,0.2724602
189.116,Nullreference,0.270776
189.1269,Nullreference,0.2621009
189.1381,Nullreference,0.252692
189.1491,Nullreference,0.2398904
189.1605,Nullreference,0.2196992
189.1716,Nullreference,0.2034388
189.1829,Nullreference,0.1707644
189.1943,Nullreference,0.1374719
189.2056,Nullreference,0.1042631
189.2166,Nullreference,0.07095679
189.228,Nullreference,0.09270639
189.2392,Nullreference,0.1598672
189.2505,Nullreference,0.2593941
189.2617,Nullreference,0.360683
189.2729,Nullreference,0.4564002
189.2841,Nullreference,0.5721241
189.2958,Nullreference,0.6984081
189.3066,Nullreference,0.8257901
189.3177,Nullreference,0.9380339
189.3288,Nullreference,1.063418
189.3399,Nullreference,1.18308
189.3511,Nullreference,1.302644
189.3621,Nullreference,1.452693
189.3733,Nullreference,1.589837
189.3846,Nullreference,1.753747
189.3955,Nullreference,1.885984
189.4067,Nullreference,2.046236
189.4181,Nullreference,2.191067
189.4289,Nullreference,2.316748
189.44,Collider_Roger_Body,2.437948
189.4512,Collider_Roger_Body,2.542633
189.4623,Collider_Roger_Body,2.66991
189.4737,Collider_Roger_Body,2.783148
189.4849,Collider_Roger_Body,2.867472
189.4958,Collider_Roger_Body,2.956786
189.507,Collider_Roger_Body,3.014193
189.518,Collider_Roger_Body,3.074166
189.5291,Nullreference,3.121043
189.5402,Nullreference,3.155929
189.5517,Nullreference,3.182195
189.5626,Nullreference,3.202561
189.5736,Nullreference,3.211408
189.5849,Nullreference,3.214112
189.5958,Nullreference,3.210279
189.6068,Nullreference,3.186252
189.6179,Nullreference,3.161683
189.629,Nullreference,3.136096
189.6402,Nullreference,3.106218
189.6512,Nullreference,3.075661
189.6627,Nullreference,3.053271
189.6735,Nullreference,3.028312
189.6845,Nullreference,3.011023
189.6958,Nullreference,2.995076
189.7068,Nullreference,2.982489
189.7178,Nullreference,2.980639
189.7289,Nullreference,2.976361
189.7401,Nullreference,2.966701
189.7512,Nullreference,2.947673
189.7623,Nullreference,2.927362
189.7735,Nullreference,2.897336
189.7845,Nullreference,2.873175
189.7965,Nullreference,2.8252
189.8067,Nullreference,2.766097
189.8179,Nullreference,2.708109
189.8288,Nullreference,2.63093
189.8399,Nullreference,2.561755
189.8515,Nullreference,2.468029
189.8623,Nullreference,2.385626
189.8733,Nullreference,2.282584
189.8844,Nullreference,2.180655
189.8956,Nullreference,2.067708
189.9065,Nullreference,1.976483
189.9177,Nullreference,1.872927
189.9288,Nullreference,1.760015
189.94,Nullreference,1.666065
189.951,Nullreference,1.553101
189.9622,Nullreference,1.460472
189.9733,Nullreference,1.347517
189.9843,Nullreference,1.248816
189.9958,Nullreference,1.131913
190.0069,Nullreference,1.018445
190.0176,Nullreference,0.888335
190.0287,Nullreference,0.7816182
190.0398,Nullreference,0.648077
190.0521,Nullreference,0.5412647
190.063,Nullreference,0.4116711
190.074,Nullreference,0.2907077
190.0854,Nullreference,0.181125
190.0968,Nullreference,0.05299
190.1074,Nullreference,0.06677348
190.1185,Nullreference,0.1967427
190.1297,Nullreference,0.32266
190.1407,Nullreference,0.4263296
190.1518,Nullreference,0.5446432
190.163,Nullreference,0.6415266
190.1741,Nullreference,0.761445
190.1851,Nullreference,0.8658934
190.1969,Nullreference,0.9805214
190.2073,Nullreference,1.135616
190.2183,Nullreference,1.304024
190.2302,Nullreference,1.464703
190.2404,Nullreference,1.592795
190.2516,Nullreference,1.706479
190.2634,Nullreference,1.833141
190.2738,Nullreference,1.926479
190.285,Nullreference,2.015056
190.2964,Nullreference,2.075246
190.3069,Nullreference,2.109013
190.3182,Nullreference,2.120914
190.3294,Nullreference,2.103214
190.3401,Nullreference,2.06852
190.3512,Nullreference,2.014909
190.3624,Nullreference,1.951455
190.3734,Nullreference,1.862492
190.3844,Nullreference,1.784708
190.3956,Nullreference,1.679838
190.4067,Nullreference,1.594366
190.418,Nullreference,1.484002
190.4289,Nullreference,1.370876
190.44,Nullreference,1.26912
190.451,Nullreference,1.155059
190.4624,Nullreference,1.052246
190.4732,Nullreference,0.9298146
190.4846,Nullreference,0.82375
190.4956,Nullreference,0.7093028
190.5066,Nullreference,0.604264
190.5176,Nullreference,0.521494
190.5288,Nullreference,0.4339311
190.5399,Nullreference,0.3598999
190.5511,Nullreference,0.283599
190.562,Nullreference,0.2263083
190.5734,Nullreference,0.1748611
190.5844,Nullreference,0.1411359
190.5956,Nullreference,0.1320456
190.6065,Nullreference,0.1430877
190.6175,Nullreference,0.1654589
190.6288,Nullreference,0.2009573
190.6399,Nullreference,0.2385069
190.6509,Nullreference,0.2702623
190.6621,Nullreference,0.3066689
190.6732,Nullreference,0.3354597
190.6846,Nullreference,0.367873
190.6954,Nullreference,0.3936556
190.7065,Nullreference,0.4303883
190.7175,Nullreference,0.4564788
190.7286,Nullreference,0.4838252
190.7397,Nullreference,0.5090687
190.751,Nullreference,0.5345201
190.7621,Nullreference,0.5588318
190.7731,Nullreference,0.5774457
190.7843,Nullreference,0.5998942
190.7953,Nullreference,0.6271479
190.8067,Nullreference,0.6523129
190.8179,Nullreference,0.6776266
190.8288,Nullreference,0.6949108
190.8399,Nullreference,0.7081672
190.851,Nullreference,0.7235025
190.8621,Nullreference,0.7379695
190.8732,Nullreference,0.753755
190.8844,Nullreference,0.7760891
190.8957,Nullreference,0.7958857
190.9066,Nullreference,0.8218167
190.9178,Nullreference,0.8413824
190.9288,Nullreference,0.8668986
190.9399,Nullreference,0.8871496
190.9516,Nullreference,0.9033597
190.9621,Nullreference,0.9216115
190.9734,Nullreference,0.9348691
190.9845,Nullreference,0.9464151
190.9957,Nullreference,0.9626714
191.0066,Nullreference,0.9681066
191.0178,Nullreference,0.9740352
191.029,Nullreference,0.970119
191.04,Nullreference,0.9644012
191.0511,Nullreference,0.9582409
191.0624,Nullreference,0.9475803
191.0736,Nullreference,0.933652
191.0846,Nullreference,0.9144266
191.0957,Nullreference,0.90004
191.107,Nullreference,0.8878431
191.118,Nullreference,0.8740537
191.129,Nullreference,0.8664153
191.1401,Nullreference,0.8581752
191.1512,Nullreference,0.842265
191.1632,Nullreference,0.8263656
191.1734,Nullreference,0.8172721
191.1848,Nullreference,0.7954761
191.1956,Nullreference,0.7698317
191.2068,Nullreference,0.744784
191.2179,Nullreference,0.7227441
191.2289,Nullreference,0.6924984
191.2401,Nullreference,0.6630511
191.2512,Nullreference,0.6433342
191.2625,Nullreference,0.6236281
191.2735,Nullreference,0.6106362
191.2845,Nullreference,0.5934646
191.2956,Nullreference,0.569791
191.3068,Nullreference,0.5496032
191.318,Nullreference,0.5266577
191.3291,Nullreference,0.4899293
191.3409,Nullreference,0.458151
191.3512,Nullreference,0.4165923
191.3622,Nullreference,0.3705617
191.3733,Nullreference,0.3271677
191.3845,Nullreference,0.2943512
191.3962,Nullreference,0.2658798
191.4067,Nullreference,0.2471249
191.4179,Nullreference,0.2396116
191.429,Nullreference,0.2399856
191.4402,Nullreference,0.2413166
191.4517,Nullreference,0.2436731
191.4623,Nullreference,0.2350072
191.4735,Nullreference,0.2266866
191.4844,Nullreference,0.2089722
191.4967,Nullreference,0.1878344
191.5066,Nullreference,0.1723277
191.5179,Nullreference,0.1669776
191.529,Nullreference,0.1674882
191.54,Nullreference,0.1638818
191.5517,Nullreference,0.1543948
191.5623,Nullreference,0.1350916
191.5733,Nullreference,0.1203832
191.5844,Nullreference,0.09963649
191.5954,Nullreference,0.08221707
191.6065,Nullreference,0.07100151
191.6176,Nullreference,0.07947478
191.6293,Nullreference,0.09852595
191.64,Nullreference,0.1105317
191.6509,Nullreference,0.1260115
191.6622,Nullreference,0.1419157
191.6732,Nullreference,0.1591644
191.6843,Nullreference,0.1783336
191.696,Nullreference,0.1976887
191.7066,Nullreference,0.2231182
191.7177,Nullreference,0.2406675
191.729,Nullreference,0.2537477
191.7398,Nullreference,0.2539439
191.751,Nullreference,0.2479173
191.7621,Nullreference,0.2418729
191.7733,Nullreference,0.227662
191.7842,Nullreference,0.2148274
191.7956,Nullreference,0.2142317
191.8067,Nullreference,0.2087346
191.8176,Nullreference,0.2063457
191.8287,Nullreference,0.1859264
191.84,Nullreference,0.1715232
191.851,Nullreference,0.1534112
191.8619,Nullreference,0.1419696
191.8732,Nullreference,0.1376299
191.8844,Nullreference,0.1322516
191.8956,Nullreference,0.1285545
191.9066,Nullreference,0.1250207
191.9176,Nullreference,0.1248568
191.9287,Nullreference,0.1273189
191.9398,Nullreference,0.1372877
191.9509,Nullreference,0.1452648
191.9622,Nullreference,0.1564562
191.9731,Nullreference,0.168037
191.985,Nullreference,0.1788566
191.9961,Nullreference,0.1986103
192.0065,Nullreference,0.2143153
192.0175,Nullreference,0.2270382
192.0291,Nullreference,0.24498
192.0396,Nullreference,0.2580479
192.0508,Nullreference,0.2696137
192.0619,Nullreference,0.2724206
192.073,Nullreference,0.2800683
192.0843,Nullreference,0.2782454
192.0953,Nullreference,0.2746621
192.1064,Nullreference,0.2618696
192.1174,Nullreference,0.2564474
192.1285,Nullreference,0.2397687
192.1397,Nullreference,0.2278373
192.1509,Nullreference,0.20276
192.1619,Nullreference,0.1798375
192.1731,Nullreference,0.1576326
192.1845,Nullreference,0.1277199
192.1954,Nullreference,0.1090561
192.2064,Nullreference,0.09408896
192.2175,Nullreference,0.08895446
192.2287,Nullreference,0.09903421
192.24,Nullreference,0.1105428
192.2509,Nullreference,0.1225098
192.2618,Nullreference,0.1269178
192.2729,Nullreference,0.1268833
192.2842,Nullreference,0.1356058
192.2951,Nullreference,0.1537675
192.3062,Nullreference,0.1709579
192.3179,Nullreference,0.1970308
192.3284,Nullreference,0.212027
192.3395,Nullreference,0.2172628
192.3508,Nullreference,0.2222799
192.3619,Nullreference,0.2231323
192.3729,Nullreference,0.227044
192.3842,Nullreference,0.2356623
192.3954,Nullreference,0.2393349
192.4064,Nullreference,0.2451576
192.4174,Nullreference,0.256903
192.4284,Nullreference,0.2672365
192.4397,Nullreference,0.2760511
192.4505,Nullreference,0.2791129
192.4622,Nullreference,0.2770768
192.4729,Nullreference,0.2674356
192.4841,Nullreference,0.2517262
192.4951,Nullreference,0.2258468
192.5066,Nullreference,0.2071448
192.5173,Nullreference,0.2014031
192.5285,Nullreference,0.2075531
192.5394,Nullreference,0.2246254
192.5507,Nullreference,0.245853
192.5618,Nullreference,0.2656732
192.5727,Nullreference,0.2806309
192.5838,Nullreference,0.2904845
192.5958,Nullreference,0.2885736
192.6061,Nullreference,0.286537
192.6173,Nullreference,0.2714424
192.6283,Nullreference,0.2523839
192.6393,Nullreference,0.2308246
192.6508,Nullreference,0.2207044
192.6616,Nullreference,0.2154894
192.6728,Nullreference,0.2101389
192.6839,Nullreference,0.1993775
192.695,Nullreference,0.1867819
192.7061,Nullreference,0.1704027
192.7171,Nullreference,0.1544796
192.7282,Nullreference,0.1493966
192.7393,Nullreference,0.1527465
192.7505,Nullreference,0.1566926
192.7616,Nullreference,0.1617033
192.7726,Nullreference,0.1667807
192.7837,Nullreference,0.1706893
192.795,Nullreference,0.175349
192.8061,Nullreference,0.1859737
192.817,Nullreference,0.1821135
192.8282,Nullreference,0.1824208
192.8393,Nullreference,0.1812369
192.8504,Nullreference,0.179151
192.8615,Nullreference,0.1785115
192.8726,Nullreference,0.1763724
192.8837,Nullreference,0.1776851
192.8949,Nullreference,0.1790887
192.9061,Nullreference,0.1828414
192.9171,Nullreference,0.1952646
192.9281,Nullreference,0.193875
192.9392,Nullreference,0.1909111
192.9504,Nullreference,0.187786
192.9615,Nullreference,0.2001845
192.9726,Nullreference,0.2103911
192.9836,Nullreference,0.2151645
192.9952,Nullreference,0.2026372
193.006,Nullreference,0.1915797
193.0172,Nullreference,0.1903454
193.0281,Nullreference,0.1822917
193.039,Nullreference,0.1778035
193.0502,Nullreference,0.1731249
193.0614,Nullreference,0.1623885
193.0727,Nullreference,0.1468447
193.0836,Nullreference,0.1370586
193.0947,Nullreference,0.130339
193.1058,Nullreference,0.1321617
193.1176,Nullreference,0.1299129
193.1281,Nullreference,0.1308796
193.1391,Nullreference,0.1279935
193.1501,Nullreference,0.1252572
193.1618,Nullreference,0.1257011
193.1726,Nullreference,0.1258031
193.184,Nullreference,0.1328402
193.1951,Nullreference,0.135572
193.2059,Nullreference,0.1343414
193.2168,Nullreference,0.1400948
193.2283,Nullreference,0.1375262
193.2391,Nullreference,0.1437663
193.2503,Nullreference,0.1496939
193.2613,Nullreference,0.1431812
193.2727,Nullreference,0.1415482
193.2835,Nullreference,0.1312971
193.2946,Nullreference,0.1274026
193.3059,Nullreference,0.1228441
193.3169,Nullreference,0.1218671
193.3286,Nullreference,0.1151649
193.3393,Nullreference,0.116933
193.3501,Nullreference,0.1113386
193.3613,Nullreference,0.10512
193.3724,Nullreference,0.09836996
193.3837,Nullreference,0.09338336
193.3947,Nullreference,0.08937196
193.4059,Nullreference,0.08856909
193.4168,Nullreference,0.08408382
193.4282,Nullreference,0.07433951
193.4389,Nullreference,0.0765176
193.4502,Nullreference,0.07745132
193.4615,Nullreference,0.07769921
193.4724,Nullreference,0.07182817
193.4834,Nullreference,0.06957769
193.4952,Nullreference,0.07314968
193.506,Nullreference,0.07667694
193.5167,Nullreference,0.08165044
193.5279,Nullreference,0.0759805
193.5389,Nullreference,0.07350969
193.5502,Nullreference,0.06886115
193.5621,Nullreference,0.0716724
193.5724,Nullreference,0.07498426
193.5834,Nullreference,0.08141173
193.5948,Nullreference,0.09771328
193.6057,Nullreference,0.1090336
193.6168,Nullreference,0.1258948
193.6279,Nullreference,0.1404985
193.6389,Nullreference,0.1567509
193.65,Nullreference,0.1688785
193.6614,Nullreference,0.1768639
193.6724,Nullreference,0.1814329
193.6833,Nullreference,0.1848129
193.6951,Nullreference,0.1880107
193.7063,Nullreference,0.1850142
193.7166,Nullreference,0.1814053
193.7278,Nullreference,0.1768847
193.7398,Nullreference,0.162747
193.75,Nullreference,0.1501148
193.7611,Nullreference,0.1446112
193.7724,Nullreference,0.126509
193.7833,Nullreference,0.1099809
193.7944,Nullreference,0.09280439
193.806,Nullreference,0.07973316
193.8166,Nullreference,0.0644353
193.8277,Nullreference,0.05940304
193.8382,Collider_Roger_Body,0.04382381
193.8493,Collider_Roger_Body,0.03821714
193.8605,Collider_Roger_Body,0.03565258
193.8726,Collider_Roger_Body,0.03439719
193.8827,Collider_Roger_Body,0.03740577
193.894,Collider_Roger_Body,0.0451909
193.9049,Collider_Roger_Body,0.05856228
193.916,Collider_Roger_Body,0.06725446
193.9272,Collider_Roger_Body,0.07046363
193.9382,Collider_Roger_Body,0.07478119
193.9492,Collider_Roger_Body,0.07660575
193.9602,Collider_Roger_Body,0.08137359
193.9716,Collider_Roger_Body,0.08428817
193.9826,Collider_Roger_Body,0.08190596
193.9937,Collider_Roger_Body,0.08459549
194.0048,Collider_Roger_Body,0.08397257
194.0159,Collider_Roger_Body,0.07979347
194.0271,Collider_Roger_Body,0.07527313
194.0381,Collider_Roger_Body,0.07363183
194.0493,Collider_Roger_Body,0.07268899
194.0604,Collider_Roger_Body,0.07394156
194.0716,Collider_Roger_Body,0.07146108
194.0826,Collider_Roger_Body,0.07230655
194.0936,Collider_Roger_Body,0.06853542
194.1048,Collider_Roger_Body,0.0672219
194.1157,Collider_Roger_Body,0.06359568
194.1271,Collider_Roger_Body,0.05795031
194.1382,Collider_Roger_Body,0.05488219
194.1492,Collider_Roger_Body,0.05178924
194.1603,Collider_Roger_Body,0.04497426
194.1743,Collider_Roger_Body,0.03491424
194.1825,Collider_Roger_Body,0.0291729
194.1936,Collider_Roger_Body,0.01822473
194.2049,Collider_Roger_Body,0.01809806
194.2157,Collider_Roger_Body,0.02545031
194.227,Collider_Roger_Body,0.03633243
194.2379,Collider_Roger_Body,0.04647156
194.2493,Collider_Roger_Body,0.05430943
194.2605,Collider_Roger_Body,0.06175074
194.2713,Collider_Roger_Body,0.07104495
194.2824,Collider_Roger_Body,0.08266195
194.2936,Collider_Roger_Body,0.09311222
194.3048,Collider_Roger_Body,0.1164297
194.3158,Collider_Roger_Body,0.1476444
194.3268,Collider_Roger_Body,0.1918182
194.338,Collider_Roger_Body,0.2415683
194.349,Collider_Roger_Body,0.3059352
194.3602,Collider_Roger_Body,0.3849397
194.3714,Nullreference,0.4763376
194.3824,Nullreference,0.5741155
194.3936,Nullreference,0.6591061
194.4047,Nullreference,0.7519455
194.4158,Nullreference,0.8215736
194.4268,Nullreference,0.9002634
194.4379,Nullreference,0.9555657
194.4491,Nullreference,1.005855
194.4604,Nullreference,1.03856
194.4713,Nullreference,1.050993
194.4823,Nullreference,1.050896
194.4935,Nullreference,1.042988
194.5047,Nullreference,1.018413
194.5157,Nullreference,0.9795238
194.5269,Nullreference,0.931632
194.5378,Nullreference,0.8669276
194.5489,Nullreference,0.8171485
194.56,Nullreference,0.7434121
194.5712,Nullreference,0.6771597
194.5826,Nullreference,0.621404
194.5935,Nullreference,0.5551433
194.6045,Nullreference,0.4889084
194.6155,Nullreference,0.4360492
194.6268,Nullreference,0.3896558
194.6379,Nullreference,0.3453669
194.6489,Nullreference,0.3122577
194.6603,Nullreference,0.2950447
194.6712,Nullreference,0.2867259
194.6823,Nullreference,0.2910933
194.6934,Nullreference,0.2835338
194.7046,Nullreference,0.2595963
194.7155,Nullreference,0.2293853
194.7267,Nullreference,0.2091928
194.7378,Nullreference,0.1872879
194.7492,Nullreference,0.1699659
194.7599,Nullreference,0.1567582
194.771,Nullreference,0.1477307
194.7825,Nullreference,0.1373909
194.7935,Nullreference,0.132562
194.8046,Nullreference,0.1226665
194.8156,Nullreference,0.1205676
194.8267,Nullreference,0.1095881
194.8377,Nullreference,0.09888963
194.8489,Nullreference,0.08758705
194.8599,Nullreference,0.08408911
194.871,Nullreference,0.08212778
194.8822,Nullreference,0.08926719
194.8933,Nullreference,0.08838821
194.9044,Nullreference,0.08659361
194.9156,Nullreference,0.09368208
194.9266,Nullreference,0.1044664
194.9376,Nullreference,0.1263642
194.9488,Nullreference,0.1235968
194.96,Nullreference,0.1330393
194.9709,Nullreference,0.1304708
194.9821,Nullreference,0.1394403
194.9935,Nullreference,0.1328722
195.0044,Nullreference,0.1394449
195.0154,Nullreference,0.1484444
195.0264,Nullreference,0.1590039
195.0375,Nullreference,0.1807567
195.0486,Nullreference,0.2103916
195.06,Nullreference,0.239738
195.0709,Nullreference,0.2790367
195.082,Nullreference,0.3097327
195.0932,Nullreference,0.3469483
195.1042,Nullreference,0.3724779
195.1154,Collider_Roger_Body,0.3969254
195.1265,Collider_Roger_Body,0.4132214
195.1376,Collider_Roger_Body,0.4268525
195.1486,Collider_Roger_Body,0.4268721
195.1598,Collider_Roger_Body,0.4301113
195.171,Collider_Roger_Body,0.4279498
195.182,Collider_Roger_Body,0.4245685
195.1935,Collider_Roger_Body,0.4252515
195.2044,Collider_Roger_Body,0.4237595
195.2154,Collider_Roger_Body,0.4222648
195.2264,Collider_Roger_Body,0.4219189
195.2376,Collider_Roger_Body,0.4258834
195.2489,Collider_Roger_Body,0.4240341
195.2597,Collider_Roger_Body,0.422262
195.271,Collider_Roger_Body,0.4199564
195.2819,Collider_Roger_Body,0.4149386
195.2931,Collider_Roger_Body,0.4145289
195.3042,Collider_Roger_Body,0.4182751
195.3152,Collider_Roger_Body,0.4351195
195.3264,Collider_Roger_Body,0.4574911
195.3374,Collider_Roger_Body,0.4791699
195.3486,Collider_Roger_Body,0.534235
195.3598,Collider_Roger_Body,0.5822726
195.3708,Collider_Roger_Body,0.6667366
195.3818,Collider_Roger_Body,0.744424
195.3931,Collider_Roger_Body,0.8325647
195.4041,Collider_Roger_Body,0.9282247
195.4152,Collider_Roger_Body,1.017614
195.4267,Collider_Roger_Body,1.138221
195.4375,Collider_Roger_Body,1.239303
195.4487,Collider_Roger_Body,1.341259
195.4597,Collider_Roger_Body,1.434983
195.4708,Collider_Roger_Body,1.540881
195.4821,Collider_Roger_Body,1.632532
195.493,Collider_Roger_Body,1.706297
195.5042,Collider_Roger_Body,1.791831
195.5153,Collider_Roger_Body,1.869892
195.5264,Collider_Roger_Body,1.958861
195.5374,Nullreference,2.031649
195.5486,Nullreference,2.106876
195.5596,Nullreference,2.167763
195.5707,Nullreference,2.209882
195.5818,Nullreference,2.24774
195.5934,Nullreference,2.280765
195.6039,Nullreference,2.302048
195.6149,Nullreference,2.323907
195.6261,Nullreference,2.337028
195.6371,Nullreference,2.338153
195.6482,Nullreference,2.343159
195.6592,Nullreference,2.347137
195.6704,Nullreference,2.353498
195.6814,Nullreference,2.37458
195.6926,Nullreference,2.397937
195.7038,Nullreference,2.40309
195.7147,Nullreference,2.406617
195.7258,Nullreference,2.412903
195.737,Nullreference,2.39913
195.748,Nullreference,2.386761
195.7591,Nullreference,2.362179
195.7702,Nullreference,2.326704
195.7816,Nullreference,2.307751
195.7924,Nullreference,2.26297
195.8035,Nullreference,2.219104
195.8146,Nullreference,2.156668
195.8258,Nullreference,2.116919
195.8369,Nullreference,2.059298
195.8479,Nullreference,1.996405
195.859,Nullreference,1.922817
195.8702,Nullreference,1.843068
195.8813,Nullreference,1.759605
195.8925,Nullreference,1.670422
195.9035,Nullreference,1.567093
195.9162,Collider_Hypoli_Body,1.477899
195.9273,Collider_Hypoli_Body,1.390052
195.9383,Collider_Hypoli_Body,1.303605
195.9493,Collider_Hypoli_Body,1.245557
195.9603,Collider_Hypoli_Body,1.182115
195.9715,Collider_Hypoli_Body,1.115858
195.9826,Nullreference,1.053284
195.9937,Nullreference,0.9818931
196.0047,Nullreference,0.9188302
196.0157,Nullreference,0.84602
196.027,Nullreference,0.7816098
196.0379,Nullreference,0.6991448
196.0491,Nullreference,0.6409363
196.0604,Nullreference,0.5663841
196.0712,Nullreference,0.4878252
196.0823,Nullreference,0.4293145
196.0934,Nullreference,0.3707839
196.1045,Nullreference,0.3094011
196.1158,Nullreference,0.2342605
196.127,Nullreference,0.1585315
196.138,Nullreference,0.1080215
196.1489,Nullreference,0.1067456
196.1601,Nullreference,0.1464097
196.1712,Nullreference,0.220502
196.1824,Nullreference,0.2776352
196.1934,Nullreference,0.3250767
196.2047,Nullreference,0.3483329
196.218,Nullreference,0.3647095
196.2268,Nullreference,0.3610302
196.2374,Nullreference,0.3443384
196.2478,Nullreference,0.3311663
196.2589,Nullreference,0.3294459
196.2699,Nullreference,0.3350122
196.2808,Nullreference,0.3653244
196.2921,Nullreference,0.4057373
196.3033,Nullreference,0.473576
196.3143,Nullreference,0.5326802
196.3256,Nullreference,0.6010619
196.3365,Nullreference,0.6759901
196.3475,Nullreference,0.7251959
196.3587,Nullreference,0.7789224
196.3699,Nullreference,0.8127714
196.3808,Nullreference,0.8441506
196.3922,Nullreference,0.8670304
196.4031,Nullreference,0.873108
196.4142,Nullreference,0.8875874
196.4254,Nullreference,0.8798172
196.4364,Nullreference,0.8688281
196.4474,Nullreference,0.8530295
196.4586,Nullreference,0.8316379
196.4698,Nullreference,0.8020855
196.4809,Nullreference,0.7838131
196.4919,Nullreference,0.7499213
196.5033,Nullreference,0.7174377
196.5143,Nullreference,0.6916543
196.5251,Nullreference,0.6624031
196.537,Nullreference,0.6367531
196.5474,Nullreference,0.6009784
196.5586,Nullreference,0.5772905
196.5696,Nullreference,0.5373546
196.581,Nullreference,0.4965834
196.592,Nullreference,0.4513275
196.6033,Nullreference,0.3964059
196.6146,Nullreference,0.3367151
196.6261,Nullreference,0.2893109
196.637,Nullreference,0.225245
196.6482,Nullreference,0.1812726
196.6594,Nullreference,0.1605042
196.6706,Nullreference,0.1584107
196.6819,Nullreference,0.1725892
196.6932,Nullreference,0.1819416
196.7042,Nullreference,0.1849818
196.7154,Nullreference,0.1941053
196.7263,Nullreference,0.2072709
196.7376,Nullreference,0.226912
196.7487,Nullreference,0.247049
196.7598,Nullreference,0.2564425
196.7708,Nullreference,0.2624768
196.782,Nullreference,0.2680075
196.7932,Nullreference,0.2682749
196.8041,Nullreference,0.2633479
196.8153,Nullreference,0.2674646
196.8266,Nullreference,0.2588037
196.8376,Nullreference,0.2588784
196.8486,Nullreference,0.2568253
196.8603,Nullreference,0.2650993
196.871,Nullreference,0.2730149
196.8818,Nullreference,0.2740082
196.8934,Nullreference,0.2758701
196.9041,Nullreference,0.2809162
196.916,Nullreference,0.2864828
196.9263,Nullreference,0.28817
196.938,Nullreference,0.2913683
196.9486,Nullreference,0.295316
196.9596,Nullreference,0.2962258
196.9708,Nullreference,0.2987174
196.9817,Nullreference,0.2936822
196.9929,Nullreference,0.2891501
197.0042,Nullreference,0.2782067
197.0151,Nullreference,0.2705224
197.0263,Nullreference,0.2676482
197.0378,Nullreference,0.2554673
197.0487,Nullreference,0.2538565
197.0596,Nullreference,0.2387618
197.0707,Nullreference,0.2200596
197.0819,Nullreference,0.2086243
197.093,Nullreference,0.1906271
197.1041,Nullreference,0.1696702
197.1153,Nullreference,0.1449152
197.1263,Nullreference,0.1184396
197.1372,Nullreference,0.09253561
197.1485,Nullreference,0.06461554
197.1597,Nullreference,0.05619041
197.1714,Nullreference,0.07172854
197.1817,Nullreference,0.1033514
197.1928,Nullreference,0.1377193
197.2042,Nullreference,0.1699356
197.2149,Nullreference,0.1978752
197.2261,Nullreference,0.2215544
197.2375,Nullreference,0.2463956
197.2484,Nullreference,0.2647031
197.2594,Nullreference,0.2858579
197.2706,Nullreference,0.295524
197.2816,Nullreference,0.3033355
197.2927,Nullreference,0.3029628
197.3043,Nullreference,0.2974829
197.3152,Nullreference,0.292467
197.3261,Nullreference,0.2733221
197.338,Nullreference,0.2550299
197.3481,Nullreference,0.2433814
197.3595,Nullreference,0.2206082
197.3705,Nullreference,0.1961837
197.3815,Nullreference,0.1771763
197.3929,Nullreference,0.1520872
197.4038,Nullreference,0.1330556
197.415,Nullreference,0.1129789
197.4259,Nullreference,0.09875753
197.4372,Nullreference,0.08608641
197.4483,Nullreference,0.07732587
197.4595,Nullreference,0.07370789
197.4706,Nullreference,0.06627012
197.482,Nullreference,0.05655545
197.4927,Nullreference,0.04786561
197.5039,Nullreference,0.03825138
197.5149,Nullreference,0.03674249
197.5261,Nullreference,0.03180021
197.537,Nullreference,0.02373262
197.5486,Nullreference,0.02072409
197.5593,Nullreference,0.01307443
197.5704,Nullreference,0.01326584
197.5817,Nullreference,0.01368416
197.5928,Nullreference,0.0124411
197.6046,Nullreference,0.01548603
197.6148,Nullreference,0.02156059
197.6261,Nullreference,0.02684086
197.6373,Nullreference,0.03573781
197.6481,Nullreference,0.03991381
197.6593,Nullreference,0.04904052
197.6704,Nullreference,0.05606503
197.6815,Nullreference,0.06518896
197.6925,Nullreference,0.06999055
197.7038,Nullreference,0.07321873
197.7148,Nullreference,0.07649245
197.7258,Nullreference,0.08361667
197.7369,Nullreference,0.08698638
197.748,Nullreference,0.09090512
197.7592,Nullreference,0.1080899
197.7702,Nullreference,0.1329759
197.7816,Nullreference,0.1647835
197.7926,Nullreference,0.2260632
197.8038,Nullreference,0.2922637
197.8147,Nullreference,0.3835661
197.826,Nullreference,0.4943422
197.8363,Collider_Roger_Body,0.5907759
197.8475,Collider_Roger_Body,0.6753325
197.8586,Collider_Roger_Body,0.7752916
197.8697,Collider_Roger_Body,0.8498492
197.8808,Collider_Roger_Body,0.9048476
197.8919,Collider_Roger_Body,0.9342873
197.9031,Collider_Roger_Body,0.9468284
197.9141,Collider_Roger_Body,0.9410123
197.9253,Collider_Roger_Body,0.9320025
197.9366,Collider_Roger_Body,0.906436
197.9473,Collider_Roger_Body,0.8789594
197.9585,Collider_Roger_Body,0.8348409
197.9696,Collider_Roger_Body,0.7849805
197.9806,Collider_Roger_Body,0.7505417
197.9918,Collider_Roger_Body,0.6890019
198.0028,Collider_Roger_Body,0.6348258
198.014,Collider_Roger_Body,0.5764351
198.0251,Collider_Roger_Body,0.5105718
198.0363,Collider_Roger_Body,0.4652136
198.0473,Collider_Roger_Body,0.4147119
198.0584,Collider_Roger_Body,0.3827307
198.0695,Collider_Roger_Body,0.3488258
198.0806,Collider_Roger_Body,0.3303102
198.0917,Collider_Roger_Body,0.3076646
198.1028,Collider_Roger_Body,0.2940153
198.1143,Collider_Roger_Body,0.2868506
198.1251,Collider_Roger_Body,0.3030048
198.1362,Collider_Roger_Body,0.3379939
198.1473,Collider_Roger_Body,0.3701077
198.1583,Collider_Roger_Body,0.3994631
198.1703,Collider_Roger_Body,0.432835
198.1805,Collider_Roger_Body,0.4622845
198.1917,Collider_Roger_Body,0.4782636
198.203,Collider_Roger_Body,0.491628
198.2139,Collider_Roger_Body,0.4822921
198.225,Collider_Roger_Body,0.4708042
198.2361,Collider_Roger_Body,0.4445997
198.2473,Collider_Roger_Body,0.4157843
198.2584,Collider_Roger_Body,0.3847116
198.2697,Collider_Roger_Body,0.354876
198.2805,Collider_Roger_Body,0.3186445
198.2916,Collider_Roger_Body,0.3031735
198.3027,Collider_Roger_Body,0.3065551
198.3142,Collider_Roger_Body,0.3009894
198.325,Collider_Roger_Body,0.2909217
198.3361,Collider_Roger_Body,0.2838297
198.3472,Collider_Roger_Body,0.2743293
198.3586,Collider_Roger_Body,0.274539
198.3694,Collider_Roger_Body,0.2764342
198.3806,Collider_Roger_Body,0.2720928
198.392,Collider_Roger_Body,0.2727596
198.4029,Collider_Roger_Body,0.2826807
198.4138,Collider_Roger_Body,0.2884046
198.4249,Collider_Roger_Body,0.3011418
198.4361,Collider_Roger_Body,0.3025269
198.4472,Collider_Roger_Body,0.2877073
198.4582,Collider_Roger_Body,0.2464111
198.4693,Collider_Roger_Body,0.2073027
198.4805,Collider_Roger_Body,0.1930777
198.4916,Collider_Roger_Body,0.1775364
198.5027,Collider_Roger_Body,0.1714621
198.5138,Collider_Roger_Body,0.1657585
198.5249,Collider_Roger_Body,0.1579863
198.5361,Collider_Roger_Body,0.1551508
198.547,Collider_Roger_Body,0.1395275
198.5583,Collider_Roger_Body,0.1323938
198.5695,Collider_Roger_Body,0.1131953
198.5806,Collider_Roger_Body,0.1007156
198.5918,Collider_Roger_Body,0.08689194
198.6027,Collider_Roger_Body,0.07492587
198.6137,Collider_Roger_Body,0.07092038
198.6249,Collider_Roger_Body,0.0682594
198.636,Collider_Roger_Body,0.07656652
198.647,Collider_Roger_Body,0.09005568
198.6581,Collider_Roger_Body,0.1108288
198.6693,Collider_Roger_Body,0.1218646
198.6805,Collider_Roger_Body,0.123981
198.6914,Collider_Roger_Body,0.1089916
198.7026,Collider_Roger_Body,0.09086945
198.7141,Collider_Roger_Body,0.05015398
198.7249,Collider_Roger_Body,0.03063598
198.736,Collider_Roger_Body,0.03348612
198.747,Collider_Roger_Body,0.05437529
198.7581,Collider_Roger_Body,0.08463891
198.7692,Collider_Roger_Body,0.1179052
198.7803,Collider_Roger_Body,0.141127
198.7914,Collider_Roger_Body,0.1634953
198.8025,Collider_Roger_Body,0.1747977
198.8136,Collider_Roger_Body,0.1847941
198.8247,Collider_Roger_Body,0.181537
198.8359,Collider_Roger_Body,0.1764057
198.847,Collider_Roger_Body,0.1614643
198.858,Collider_Roger_Body,0.1474713
198.8693,Collider_Roger_Body,0.1285885
198.8802,Collider_Roger_Body,0.0930235
198.8916,Collider_Roger_Body,0.06464615
198.9026,Collider_Roger_Body,0.01850688
198.9137,Collider_Roger_Body,0.03157273
198.9248,Collider_Roger_Body,0.08245686
198.9359,Collider_Roger_Body,0.1382447
198.947,Collider_Roger_Body,0.1806886
198.9581,Collider_Roger_Body,0.2321101
198.9691,Collider_Roger_Body,0.2909675
198.9802,Collider_Roger_Body,0.3421701
198.9915,Collider_Roger_Body,0.4038672
199.0026,Collider_Roger_Body,0.4736854
199.0135,Collider_Roger_Body,0.5247957
199.0251,Collider_Roger_Body,0.5935068
199.0358,Collider_Roger_Body,0.6443281
199.0468,Collider_Roger_Body,0.6986275
199.0579,Collider_Roger_Body,0.7561703
199.069,Collider_Roger_Body,0.7830566
199.0801,Collider_Roger_Body,0.7980539
199.0912,Collider_Roger_Body,0.8129083
199.1026,Collider_Roger_Body,0.8299896
199.1135,Collider_Roger_Body,0.8357618
199.1246,Collider_Roger_Body,0.8513021
199.1357,Collider_Roger_Body,0.8759771
199.1468,Collider_Roger_Body,0.9079111
199.1583,Collider_Roger_Body,0.9654927
199.1691,Nullreference,1.019109
199.1801,Nullreference,1.098156
199.1913,Nullreference,1.162306
199.2024,Nullreference,1.226794
199.2134,Nullreference,1.291706
199.2246,Nullreference,1.359496
199.2358,Nullreference,1.424399
199.2467,Nullreference,1.46664
199.2578,Nullreference,1.517038
199.269,Nullreference,1.560838
199.28,Nullreference,1.611311
199.2913,Nullreference,1.650964
199.3024,Nullreference,1.701307
199.3134,Nullreference,1.748338
199.3245,Nullreference,1.793912
199.3356,Nullreference,1.853008
199.3467,Nullreference,1.910497
199.3578,Nullreference,1.98894
199.3689,Nullreference,2.061507
199.38,Nullreference,2.128274
199.3911,Nullreference,2.191308
199.4023,Nullreference,2.26589
199.4133,Nullreference,2.346831
199.4244,Nullreference,2.420081
199.4356,Nullreference,2.508463
199.4466,Nullreference,2.585952
199.4577,Nullreference,2.637053
199.4689,Nullreference,2.693719
199.48,Nullreference,2.737221
199.4915,Nullreference,2.781854
199.5022,Nullreference,2.802391
199.5134,Nullreference,2.812382
199.5244,Nullreference,2.806876
199.5355,Nullreference,2.799813
199.5496,Nullreference,2.781759
199.5594,Nullreference,2.756937
199.57,Nullreference,2.713747
199.5813,Nullreference,2.685078
199.5925,Nullreference,2.641079
199.6035,Nullreference,2.60052
199.6145,Nullreference,2.550837
199.6255,Nullreference,2.488616
199.6367,Nullreference,2.433215
199.6478,Nullreference,2.358496
199.6588,Nullreference,2.290479
199.6699,Nullreference,2.201679
199.6813,Nullreference,2.10843
199.6924,Nullreference,2.021943
199.7039,Nullreference,1.927191
199.7146,Nullreference,1.839315
199.7256,Nullreference,1.746011
199.7365,Nullreference,1.675486
199.7478,Nullreference,1.588933
199.7588,Nullreference,1.49878
199.7698,Nullreference,1.420184
199.7809,Nullreference,1.326423
199.792,Nullreference,1.249432
199.8032,Nullreference,1.156144
199.8143,Nullreference,1.077061
199.8254,Nullreference,0.9685611
199.8365,Nullreference,0.8494136
199.8476,Nullreference,0.750814
199.8587,Nullreference,0.6285829
199.8703,Nullreference,0.5257306
199.8809,Nullreference,0.3977776
199.8918,Nullreference,0.2818675
199.903,Nullreference,0.168988
199.9142,Nullreference,0.04678611
199.9252,Nullreference,0.06818031
199.9366,Nullreference,0.1873762
199.9476,Nullreference,0.3098936
199.9586,Nullreference,0.4247549
199.9697,Nullreference,0.5498986
199.981,Nullreference,0.6433985
199.9919,Collider_Hypoli_Body,0.745041
200.0032,Collider_Hypoli_Body,0.8204468
200.0143,Collider_Hypoli_Body,0.8783801
200.0253,Collider_Hypoli_Body,0.9313821
200.0365,Collider_Hypoli_Body,0.9661031
200.0475,Collider_Hypoli_Body,0.9820439
200.0587,Collider_Hypoli_Body,0.9944174
200.0697,Collider_Hypoli_Body,0.9974298
200.0808,Collider_Hypoli_Body,0.9956112
200.092,Collider_Hypoli_Body,0.9857876
200.1031,Collider_Hypoli_Body,0.97112
200.1142,Collider_Hypoli_Body,0.935542
200.1257,Collider_Hypoli_Body,0.8996267
200.1364,Collider_Hypoli_Body,0.8469732
200.1476,Collider_Hypoli_Body,0.8037161
200.1586,Collider_Hypoli_Body,0.7615866
200.1697,Collider_Hypoli_Body,0.7248452
200.1811,Collider_Hypoli_Body,0.6798056
200.192,Collider_Hypoli_Body,0.6527824
200.2029,Collider_Hypoli_Body,0.6174909
200.214,Collider_Hypoli_Body,0.580699
200.2253,Collider_Hypoli_Body,0.5525863
200.2363,Collider_Hypoli_Body,0.5284664
200.2473,Collider_Hypoli_Body,0.5077468
200.2586,Collider_Hypoli_Body,0.4980195
200.2696,Collider_Hypoli_Body,0.4905621
200.281,Collider_Hypoli_Body,0.4881753
200.2918,Collider_Hypoli_Body,0.4829567
200.3035,Collider_Hypoli_Body,0.4922876
200.314,Collider_Hypoli_Body,0.5047281
200.3248,Collider_Hypoli_Body,0.5126246
200.3359,Collider_Hypoli_Body,0.5216176
200.3474,Collider_Hypoli_Body,0.5259194
200.3582,Collider_Hypoli_Body,0.5193529
200.3694,Collider_Hypoli_Body,0.5119179
200.3804,Collider_Hypoli_Body,0.5049778
200.3915,Collider_Hypoli_Body,0.4962064
200.4028,Collider_Hypoli_Body,0.4836126
200.4139,Collider_Hypoli_Body,0.4730007
200.4248,Collider_Hypoli_Body,0.4474488
200.4359,Collider_Hypoli_Body,0.4319308
200.447,Collider_Hypoli_Body,0.4059618
200.4583,Collider_Hypoli_Body,0.3779602
200.4694,Collider_Hypoli_Body,0.337678
200.4803,Collider_Hypoli_Body,0.3013634
200.4915,Collider_Hypoli_Body,0.2667112
200.5027,Collider_Hypoli_Body,0.2268188
200.5138,Collider_Hypoli_Body,0.1866939
200.5256,Collider_Hypoli_Body,0.1594895
200.5359,Collider_Hypoli_Body,0.1358191
200.5472,Collider_Hypoli_Body,0.121557
200.5582,Collider_Hypoli_Body,0.1137542
200.5695,Collider_Hypoli_Body,0.1101128
200.5809,Collider_Hypoli_Body,0.1078384
200.5942,Collider_Hypoli_Body,0.1116139
200.6037,Collider_Hypoli_Body,0.1091053
200.6125,Collider_Hypoli_Body,0.1110332
200.6228,Collider_Hypoli_Body,0.1154663
200.6338,Collider_Hypoli_Body,0.1319156
200.6451,Collider_Hypoli_Body,0.1440792
200.6562,Collider_Hypoli_Body,0.1678919
200.6674,Collider_Hypoli_Body,0.1876615
200.6783,Collider_Hypoli_Body,0.2011489
200.6896,Nullreference,0.2129462
200.7007,Nullreference,0.224921
200.7117,Collider_Hypoli_Body,0.2406838
200.7227,Collider_Hypoli_Body,0.2544063
200.734,Nullreference,0.2690853
200.7451,Collider_Hypoli_Body,0.2828497
200.756,Nullreference,0.295322
200.7674,Nullreference,0.2996887
200.7784,Collider_Hypoli_Body,0.300037
200.7894,Collider_Hypoli_Body,0.2865206
200.8007,Collider_Hypoli_Body,0.2727802
200.8116,Collider_Hypoli_Body,0.2513076
200.8227,Collider_Hypoli_Body,0.2319357
200.8338,Collider_Hypoli_Body,0.2058153
200.8449,Collider_Hypoli_Body,0.1789025
200.8564,Collider_Hypoli_Body,0.1504835
200.8673,Collider_Hypoli_Body,0.1249148
200.8783,Collider_Hypoli_Body,0.104717
200.8895,Collider_Hypoli_Body,0.08550954
200.9006,Collider_Hypoli_Body,0.08234151
200.9126,Collider_Hypoli_Body,0.07255361
200.9229,Collider_Hypoli_Body,0.06564643
200.9343,Collider_Hypoli_Body,0.05217728
200.9449,Collider_Hypoli_Body,0.04668449
200.9564,Collider_Hypoli_Body,0.04387311
200.9675,Collider_Hypoli_Body,0.0394658
200.9786,Collider_Hypoli_Body,0.04010056
200.9899,Collider_Hypoli_Body,0.03609654
201.0012,Collider_Hypoli_Body,0.03207307
201.0125,Collider_Hypoli_Body,0.03410196
201.0237,Collider_Hypoli_Body,0.04086258
201.035,Collider_Hypoli_Body,0.05128823
201.0462,Collider_Hypoli_Body,0.05507509
201.0575,Collider_Hypoli_Body,0.06417108
201.0686,Collider_Hypoli_Body,0.07465636
201.0801,Collider_Hypoli_Body,0.08517686
201.0914,Collider_Hypoli_Body,0.09053489
201.1025,Collider_Hypoli_Body,0.09944417
201.1136,Collider_Hypoli_Body,0.09996778
201.1245,Collider_Hypoli_Body,0.1030681
201.1359,Collider_Hypoli_Body,0.1037059
201.1468,Collider_Hypoli_Body,0.09851225
201.1579,Collider_Hypoli_Body,0.09946263
201.1692,Collider_Hypoli_Body,0.09906247
201.1802,Collider_Hypoli_Body,0.1080468
201.1913,Collider_Hypoli_Body,0.1148571
201.2025,Collider_Hypoli_Body,0.1189519
201.2136,Collider_Hypoli_Body,0.115533
201.2248,Collider_Hypoli_Body,0.1158295
201.2357,Collider_Hypoli_Body,0.1152906
201.2469,Collider_Hypoli_Body,0.1193428
201.258,Collider_Hypoli_Body,0.1173577
201.2689,Collider_Hypoli_Body,0.1140148
201.28,Collider_Hypoli_Body,0.1111104
201.2914,Collider_Hypoli_Body,0.1144364
201.3024,Collider_Hypoli_Body,0.1113447
201.3137,Collider_Hypoli_Body,0.1112507
201.3246,Collider_Hypoli_Body,0.1163473
201.3358,Collider_Hypoli_Body,0.1377267
201.347,Collider_Hypoli_Body,0.1636778
201.358,Collider_Hypoli_Body,0.1996071
201.3695,Collider_Hypoli_Body,0.2326112
201.3803,Collider_Hypoli_Body,0.2647583
201.3914,Collider_Hypoli_Body,0.2859233
201.4025,Collider_Hypoli_Body,0.3066712
201.4135,Collider_Hypoli_Body,0.3275155
201.4245,Collider_Hypoli_Body,0.3429099
201.4357,Collider_Hypoli_Body,0.3406043
201.4468,Collider_Hypoli_Body,0.3300045
201.4582,Collider_Hypoli_Body,0.3182674
201.4691,Collider_Hypoli_Body,0.3005023
201.4803,Collider_Hypoli_Body,0.2838385
201.4916,Collider_Hypoli_Body,0.2610282
201.5024,Collider_Hypoli_Body,0.2233535
201.5135,Collider_Hypoli_Body,0.206565
201.5247,Collider_Hypoli_Body,0.2265887
201.536,Collider_Hypoli_Body,0.2526445
201.5468,Collider_Hypoli_Body,0.288614
201.5584,Collider_Hypoli_Body,0.3425615
201.569,Collider_Hypoli_Body,0.3672006
201.5807,Collider_Hypoli_Body,0.3603389
201.5913,Collider_Hypoli_Body,0.3247372
201.6024,Collider_Hypoli_Body,0.2649245
201.6134,Collider_Hypoli_Body,0.2147968
201.6245,Collider_Hypoli_Body,0.1692091
201.6358,Collider_Hypoli_Body,0.138725
201.6468,Collider_Hypoli_Body,0.1184397
201.6579,Collider_Hypoli_Body,0.1153473
201.6691,Collider_Hypoli_Body,0.1278754
201.6801,Collider_Hypoli_Body,0.1567221
201.6913,Collider_Hypoli_Body,0.1852517
201.7028,Collider_Hypoli_Body,0.1882198
201.7133,Collider_Hypoli_Body,0.1657395
201.7244,Collider_Hypoli_Body,0.1427577
201.7357,Collider_Hypoli_Body,0.1293159
201.7468,Collider_Hypoli_Body,0.1115741
201.7579,Collider_Hypoli_Body,0.09426218
201.7689,Collider_Hypoli_Body,0.05765518
201.7799,Collider_Hypoli_Body,0.02659629
201.7912,Collider_Hypoli_Body,0.01146923
201.8025,Collider_Hypoli_Body,0.02653689
201.8133,Collider_Hypoli_Body,0.04698166
201.8245,Collider_Hypoli_Body,0.05733997
201.8357,Collider_Hypoli_Body,0.06369833
201.8467,Collider_Hypoli_Body,0.06329604
201.8579,Collider_Hypoli_Body,0.06902403
201.869,Collider_Hypoli_Body,0.07099751
201.8799,Collider_Hypoli_Body,0.06449632
201.8914,Collider_Hypoli_Body,0.05848318
201.9022,Collider_Hypoli_Body,0.05106231
201.9133,Collider_Hypoli_Body,0.04516434
201.9243,Collider_Hypoli_Body,0.04700902
201.9356,Collider_Hypoli_Body,0.04642987
201.9467,Collider_Hypoli_Body,0.05825853
201.9578,Collider_Hypoli_Body,0.06394682
201.9689,Collider_Hypoli_Body,0.064293
201.98,Collider_Hypoli_Body,0.05611804
201.991,Collider_Hypoli_Body,0.04945065
202.0024,Collider_Hypoli_Body,0.03963358
202.0132,Collider_Hypoli_Body,0.03627972
202.0244,Collider_Hypoli_Body,0.03519525
202.0355,Collider_Hypoli_Body,0.0325388
202.0465,Collider_Hypoli_Body,0.03332448
202.0578,Collider_Hypoli_Body,0.03227829
202.0689,Collider_Hypoli_Body,0.03480515
202.0799,Collider_Hypoli_Body,0.04076188
202.0909,Collider_Hypoli_Body,0.04567596
202.1021,Collider_Hypoli_Body,0.05072348
202.1132,Collider_Hypoli_Body,0.0492814
202.1247,Collider_Hypoli_Body,0.0591936
202.1354,Collider_Hypoli_Body,0.0552338
202.147,Collider_Hypoli_Body,0.07026126
202.1579,Collider_Hypoli_Body,0.0818739
202.1688,Collider_Hypoli_Body,0.08829057
202.1798,Collider_Hypoli_Body,0.08902145
202.1909,Collider_Hypoli_Body,0.09617358
202.202,Collider_Hypoli_Body,0.1026746
202.2133,Collider_Hypoli_Body,0.1249381
202.2245,Collider_Hypoli_Body,0.1549277
202.2354,Nullreference,0.187212
202.2464,Nullreference,0.2185563
202.2577,Collider_Hypoli_Body,0.2676657
202.2686,Nullreference,0.315481
202.2799,Nullreference,0.3698738
202.291,Nullreference,0.4252358
202.3022,Nullreference,0.482512
202.3132,Nullreference,0.5421322
202.3245,Nullreference,0.5893685
202.3354,Nullreference,0.6392023
202.3466,Nullreference,0.6830075
202.3575,Nullreference,0.7263492
202.3685,Nullreference,0.7821716
202.3796,Nullreference,0.821578
202.3908,Nullreference,0.8691317
202.402,Nullreference,0.9092181
202.4131,Nullreference,0.9544116
202.4242,Nullreference,0.9857555
202.4352,Nullreference,0.9984515
202.4463,Nullreference,1.011272
202.4576,Nullreference,1.01183
202.4686,Nullreference,1.001453
202.4796,Nullreference,0.9816343
202.4906,Nullreference,0.94753
202.5017,Nullreference,0.9168018
202.5128,Nullreference,0.8698365
202.5243,Nullreference,0.8158596
202.5352,Nullreference,0.7617977
202.5465,Nullreference,0.6991149
202.5575,Nullreference,0.6165247
202.5684,Nullreference,0.5512633
202.5796,Nullreference,0.4741099
202.5908,Nullreference,0.407712
202.6019,Nullreference,0.3281039
202.6127,Nullreference,0.2496137
202.6242,Nullreference,0.177099
202.6353,Nullreference,0.1068295
202.6463,Nullreference,0.06207036
202.6575,Nullreference,0.09113092
202.6694,Nullreference,0.1642612
202.6795,Nullreference,0.2250147
202.6903,Nullreference,0.3087408
202.7016,Nullreference,0.367741
202.7127,Nullreference,0.4413407
202.7238,Nullreference,0.5016933
202.735,Nullreference,0.5499672
202.7461,Nullreference,0.6027299
202.757,Nullreference,0.6418121
202.769,Nullreference,0.6611946
202.7794,Nullreference,0.6815218
202.7904,Nullreference,0.6867812
202.8015,Nullreference,0.6889204
202.8126,Nullreference,0.6809499
202.8238,Nullreference,0.6700783
202.8348,Nullreference,0.6544197
202.8459,Nullreference,0.6391189
202.8571,Nullreference,0.616585
202.8684,Nullreference,0.5864193
202.8794,Nullreference,0.5473707
202.8906,Nullreference,0.4971477
202.9022,Nullreference,0.4516027
202.9131,Nullreference,0.4086588
202.9239,Collider_Hypoli_Body,0.3716573
202.9352,Collider_Hypoli_Body,0.3340515
202.946,Collider_Hypoli_Body,0.2962343
202.9573,Collider_Hypoli_Body,0.2499003
202.9682,Collider_Hypoli_Body,0.222116
202.9796,Collider_Hypoli_Body,0.1882275
202.9904,Collider_Hypoli_Body,0.167026
203.0014,Collider_Hypoli_Body,0.1395403
203.0126,Collider_Hypoli_Body,0.1095073
203.0237,Collider_Hypoli_Body,0.0925505
203.035,Collider_Hypoli_Body,0.08006589
203.046,Collider_Hypoli_Body,0.0916092
203.0572,Collider_Hypoli_Body,0.1270762
203.0686,Collider_Hypoli_Body,0.1635434
203.0794,Collider_Hypoli_Body,0.2013796
203.0925,Collider_Hypoli_Body,0.2499683
203.1026,Nullreference,0.2999781
203.1134,Nullreference,0.3472189
203.123,Nullreference,0.3886857
203.1335,Nullreference,0.4339402
203.1445,Nullreference,0.4839419
203.1556,Nullreference,0.535499
203.1667,Nullreference,0.5963417
203.1776,Nullreference,0.6549503
203.1887,Nullreference,0.7171443
203.1998,Nullreference,0.7916759
203.2112,Nullreference,0.866775
203.2221,Nullreference,0.9527656
203.2334,Nullreference,1.01618
203.2443,Nullreference,1.090445
203.2555,Nullreference,1.156044
203.2668,Nullreference,1.205676
203.2775,Nullreference,1.248281
203.2887,Nullreference,1.271848
203.2998,Nullreference,1.303388
203.3111,Nullreference,1.320421
203.3221,Nullreference,1.33568
203.3331,Nullreference,1.35453
203.3444,Nullreference,1.368217
203.3556,Nullreference,1.384374
203.3664,Nullreference,1.402519
203.3776,Nullreference,1.413259
203.3888,Nullreference,1.423304
203.3998,Nullreference,1.430769
203.4112,Nullreference,1.439046
203.4212,Nullreference,1.447602
203.4321,Nullreference,1.451481
203.4433,Nullreference,1.468056
203.4543,Nullreference,1.476019
203.4655,Nullreference,1.498515
203.4766,Nullreference,1.515778
203.4879,Nullreference,1.527018
203.4992,Nullreference,1.536861
203.5105,Nullreference,1.551383
203.5216,Nullreference,1.563451
203.533,Nullreference,1.57581
203.544,Nullreference,1.587803
203.5553,Nullreference,1.594218
203.5665,Nullreference,1.600892
203.5778,Nullreference,1.606889
203.5889,Nullreference,1.609184
203.6,Nullreference,1.603336
203.6113,Nullreference,1.597495
203.6226,Nullreference,1.574639
203.6335,Nullreference,1.541393
203.6446,Nullreference,1.501629
203.6557,Nullreference,1.440792
203.6668,Nullreference,1.368544
203.6779,Nullreference,1.296399
203.6892,Nullreference,1.215495
203.7002,Nullreference,1.147927
203.7113,Nullreference,1.058763
203.7222,Nullreference,0.9743226
203.7334,Nullreference,0.8916501
203.7444,Nullreference,0.8168769
203.7557,Nullreference,0.7285449
203.7668,Nullreference,0.6577714
203.7777,Nullreference,0.5769696
203.7889,Nullreference,0.4893414
203.8,Nullreference,0.3965148
203.8113,Nullreference,0.3310526
203.8224,Nullreference,0.2401499
203.8335,Nullreference,0.1688884
203.8445,Nullreference,0.1011516
203.8557,Nullreference,0.08532245
203.8667,Nullreference,0.1328765
203.8777,Nullreference,0.1958169
203.889,Nullreference,0.2643881
203.9002,Nullreference,0.3418563
203.9113,Nullreference,0.4031982
203.9225,Nullreference,0.4628428
203.9334,Nullreference,0.5123489
203.9443,Nullreference,0.5574987
203.9555,Nullreference,0.6054612
203.9667,Nullreference,0.6407834
203.9777,Nullreference,0.6698141
203.9889,Nullreference,0.7013692
204,Nullreference,0.7189211
204.011,Nullreference,0.7391033
204.0222,Nullreference,0.7571855
204.0335,Nullreference,0.7799313
204.0446,Nullreference,0.8066859
204.0555,Nullreference,0.8319194
204.0666,Nullreference,0.8588833
204.0778,Nullreference,0.8841941
204.0887,Nullreference,0.9149199
204.1002,Nullreference,0.941748
204.1111,Nullreference,0.9672443
204.1222,Nullreference,0.9985699
204.1333,Collider_Roger_Body,1.028777
204.1443,Collider_Roger_Body,1.063569
204.1556,Collider_Roger_Body,1.093169
204.1666,Collider_Roger_Body,1.113011
204.1779,Nullreference,1.135768
204.1888,Nullreference,1.15005
204.2,Collider_Roger_Body,1.168329
204.2109,Collider_Roger_Body,1.180261
204.2222,Nullreference,1.185092
204.2337,Collider_Roger_Body,1.175507
204.2444,Collider_Roger_Body,1.148507
204.2554,Collider_Roger_Body,1.106862
204.2666,Collider_Roger_Body,1.079398
204.2776,Collider_Roger_Body,1.070282
204.2889,Collider_Roger_Body,1.072232
204.2999,Collider_Roger_Body,1.071853
204.3109,Collider_Roger_Body,1.084508
204.3221,Collider_Roger_Body,1.102771
204.3333,Collider_Roger_Body,1.113154
204.3445,Collider_Roger_Body,1.112615
204.3555,Collider_Roger_Body,1.108351
204.3664,Collider_Roger_Body,1.093114
204.3776,Collider_Roger_Body,1.078089
204.3887,Collider_Roger_Body,1.051796
204.3997,Collider_Roger_Body,1.020424
204.4109,Collider_Roger_Body,0.9791117
204.4221,Collider_Roger_Body,0.9311148
204.4338,Collider_Roger_Body,0.8892601
204.4444,Collider_Roger_Body,0.8287252
204.4563,Collider_Roger_Body,0.7712504
204.4667,Collider_Roger_Body,0.7341331
204.4776,Collider_Roger_Body,0.6848307
204.4888,Collider_Roger_Body,0.6425091
204.4999,Collider_Roger_Body,0.618852
204.5109,Collider_Roger_Body,0.6127612
204.5219,Collider_Roger_Body,0.6057668
204.5334,Collider_Roger_Body,0.5941127
204.5443,Collider_Roger_Body,0.5830103
204.5553,Collider_Roger_Body,0.5650909
204.5664,Collider_Roger_Body,0.5557762
204.5777,Collider_Roger_Body,0.5382035
204.5885,Collider_Roger_Body,0.5323701
204.5998,Collider_Roger_Body,0.5335984
204.6109,Collider_Roger_Body,0.5485111
204.622,Collider_Roger_Body,0.5694371
204.6334,Collider_Roger_Body,0.5948331
204.6443,Collider_Roger_Body,0.6270103
204.6553,Collider_Roger_Body,0.666283
204.6664,Collider_Roger_Body,0.7175807
204.6774,Collider_Roger_Body,0.766155
204.6885,Collider_Roger_Body,0.834424
204.7,Collider_Roger_Body,0.8958396
204.7108,Nullreference,0.9644316
204.7219,Nullreference,1.019805
204.733,Nullreference,1.095504
204.7442,Nullreference,1.169477
204.7552,Nullreference,1.234148
204.7663,Nullreference,1.312551
204.7774,Nullreference,1.372018
204.7885,Nullreference,1.441483
204.7996,Nullreference,1.499065
204.8107,Nullreference,1.544119
204.8218,Nullreference,1.577977
204.8328,Nullreference,1.594108
204.8437,Nullreference,1.606438
204.855,Nullreference,1.602484
204.8659,Nullreference,1.600329
204.877,Nullreference,1.591556
204.8881,Nullreference,1.580526
204.8993,Nullreference,1.568667
204.9104,Nullreference,1.54576
204.9214,Nullreference,1.520953
204.9327,Nullreference,1.502433
204.9437,Nullreference,1.468556
204.9549,Nullreference,1.442991
204.966,Nullreference,1.420183
204.977,Nullreference,1.396245
204.988,Nullreference,1.367558
204.9992,Nullreference,1.335081
205.0104,Nullreference,1.302387
205.0214,Nullreference,1.268411
205.0325,Nullreference,1.225803
205.0435,Nullreference,1.192834
205.0547,Nullreference,1.1731
205.0658,Nullreference,1.168774
205.0769,Nullreference,1.174884
205.0881,Nullreference,1.188123
205.0992,Nullreference,1.216576
205.1102,Nullreference,1.241683
205.1214,Nullreference,1.283954
205.1326,Nullreference,1.32422
205.1436,Nullreference,1.363075
205.1547,Nullreference,1.410637
205.1658,Nullreference,1.454921
205.1769,Nullreference,1.517503
205.188,Nullreference,1.580131
205.1991,Nullreference,1.631077
205.2103,Nullreference,1.67473
205.2214,Nullreference,1.726033
205.2325,Nullreference,1.76988
205.2435,Nullreference,1.808776
205.2547,Nullreference,1.857913
205.2657,Nullreference,1.902972
205.2768,Nullreference,1.942147
205.2879,Nullreference,1.991346
205.299,Nullreference,2.030139
205.3101,Nullreference,2.080972
205.3213,Nullreference,2.129928
205.3324,Nullreference,2.180344
205.3434,Nullreference,2.231497
205.3546,Nullreference,2.264205
205.3658,Nullreference,2.313381
205.3767,Nullreference,2.351224
205.388,Nullreference,2.378892
205.3991,Nullreference,2.418425
205.4103,Nullreference,2.457406
205.4213,Nullreference,2.500673
205.4325,Nullreference,2.536987
205.4436,Nullreference,2.574529
205.4548,Nullreference,2.614714
205.4662,Nullreference,2.642593
205.4771,Nullreference,2.670105
205.4884,Nullreference,2.69339
205.4994,Nullreference,2.716648
205.5114,Nullreference,2.718335
205.5217,Nullreference,2.704723
205.5329,Nullreference,2.662581
205.5439,Nullreference,2.615944
205.5551,Nullreference,2.553916
205.5662,Nullreference,2.506441
205.5772,Nullreference,2.45015
205.5883,Nullreference,2.394192
205.5994,Nullreference,2.339407
205.6109,Nullreference,2.281006
205.6217,Nullreference,2.23503
205.6328,Nullreference,2.187786
205.6439,Nullreference,2.1511
205.6551,Nullreference,2.113908
205.6665,Nullreference,2.091678
205.6774,Nullreference,2.077863
205.6887,Nullreference,2.062511
205.7004,Nullreference,2.043507
205.711,Nullreference,2.025054
205.722,Nullreference,2.005597
205.7333,Nullreference,1.985967
205.7445,Nullreference,1.961048
205.7554,Nullreference,1.933187
205.7666,Nullreference,1.89248
205.7782,Nullreference,1.858396
205.7889,Nullreference,1.807041
205.8,Nullreference,1.746329
205.811,Nullreference,1.685919
205.823,Nullreference,1.61143
205.8336,Nullreference,1.540462
205.8442,Nullreference,1.457247
205.8555,Nullreference,1.391316
205.8669,Nullreference,1.317401
205.8777,Nullreference,1.255101
205.8887,Nullreference,1.180439
205.8999,Nullreference,1.110062
205.9109,Nullreference,1.057184
205.9222,Nullreference,0.996212
205.9337,Nullreference,0.9588916
205.9444,Nullreference,0.9215978
205.9556,Nullreference,0.8974652
205.9668,Nullreference,0.8765321
205.978,Nullreference,0.8688427
205.9889,Nullreference,0.8670948
206,Nullreference,0.889655
206.0125,Nullreference,0.9067276
206.0229,Nullreference,0.936131
206.0338,Nullreference,0.9580753
206.044,Nullreference,0.9974771
206.0553,Nullreference,1.031019
206.0663,Nullreference,1.07162
206.0774,Nullreference,1.110196
206.0885,Nullreference,1.154052
206.0996,Nullreference,1.190431
206.1108,Nullreference,1.223161
206.1218,Nullreference,1.246391
206.1332,Nullreference,1.268293
206.1446,Nullreference,1.287481
206.1563,Nullreference,1.296119
206.1664,Nullreference,1.299824
206.1776,Nullreference,1.292298
206.1888,Nullreference,1.284554
206.2,Nullreference,1.270784
206.2108,Nullreference,1.255398
206.222,Nullreference,1.221271
206.2333,Nullreference,1.184111
206.2442,Nullreference,1.126212
206.2554,Nullreference,1.067189
206.2664,Nullreference,0.9942682
206.2776,Nullreference,0.9438047
206.2888,Nullreference,0.8884984
206.2999,Nullreference,0.8470514
206.3109,Nullreference,0.8122337
206.322,Nullreference,0.768827
206.3338,Nullreference,0.7215253
206.3443,Nullreference,0.6854612
206.3553,Nullreference,0.6584089
206.3673,Nullreference,0.6519691
206.3776,Nullreference,0.6536672
206.3888,Nullreference,0.6660611
206.3999,Nullreference,0.6848094
206.411,Nullreference,0.6970899
206.4222,Nullreference,0.7167698
206.4335,Nullreference,0.726502
206.4448,Nullreference,0.7403283
206.4557,Nullreference,0.7665268
206.4666,Nullreference,0.7982488
206.4783,Nullreference,0.8188477
206.4888,Nullreference,0.859472
206.5,Nullreference,0.8880408
206.5114,Collider_Hypoli_Body,0.9174124
206.5224,Collider_Hypoli_Body,0.9371727
206.5334,Collider_Hypoli_Body,0.9612966
206.5445,Collider_Hypoli_Body,0.9712731
206.5555,Collider_Hypoli_Body,0.9790276
206.5665,Collider_Hypoli_Body,0.9741406
206.5774,Collider_Hypoli_Body,0.9715153
206.5884,Collider_Hypoli_Body,0.9698334
206.5995,Collider_Hypoli_Body,0.9622319
206.6105,Collider_Hypoli_Body,0.9519062
206.6217,Collider_Hypoli_Body,0.934791
206.6328,Collider_Hypoli_Body,0.9113703
206.6438,Collider_Hypoli_Body,0.8950607
206.6553,Collider_Hypoli_Body,0.8847628
206.6661,Collider_Hypoli_Body,0.8729005
206.677,Collider_Hypoli_Body,0.861501
206.688,Collider_Hypoli_Body,0.8605692
206.6994,Collider_Hypoli_Body,0.8700884
206.7103,Collider_Hypoli_Body,0.8793616
206.7216,Collider_Hypoli_Body,0.8926125
206.7325,Collider_Hypoli_Body,0.9167866
206.7437,Collider_Hypoli_Body,0.9502968
206.7551,Collider_Hypoli_Body,0.9782116
206.7667,Collider_Hypoli_Body,1.00627
206.7771,Collider_Hypoli_Body,1.018879
206.7883,Collider_Hypoli_Body,1.039871
206.7994,Collider_Hypoli_Body,1.037371
206.8104,Collider_Hypoli_Body,1.03723
206.8216,Collider_Hypoli_Body,1.023991
206.8328,Collider_Hypoli_Body,1.009112
206.8437,Collider_Hypoli_Body,0.9822245
206.8549,Collider_Hypoli_Body,0.955038
206.8663,Collider_Hypoli_Body,0.9130558
206.8773,Collider_Hypoli_Body,0.8737517
206.8881,Collider_Hypoli_Body,0.8110415
206.8994,Collider_Hypoli_Body,0.7526643
206.9104,Collider_Hypoli_Body,0.6988142
206.9215,Collider_Hypoli_Body,0.6369051
206.9325,Collider_Hypoli_Body,0.5774955
206.9439,Collider_Hypoli_Body,0.5207124
206.9549,Collider_Hypoli_Body,0.4510107
206.9654,Nullreference,0.4044099
206.9765,Nullreference,0.3543249
206.9876,Nullreference,0.2966314
206.9987,Nullreference,0.2595247
207.0097,Nullreference,0.2446624
207.0208,Nullreference,0.2594951
207.032,Nullreference,0.2879713
207.0432,Nullreference,0.3352539
207.0544,Nullreference,0.3641954
207.0653,Nullreference,0.4008103
207.0764,Nullreference,0.4245785
207.0875,Nullreference,0.431536
207.0987,Nullreference,0.4347832
207.1099,Nullreference,0.4221924
207.121,Nullreference,0.3886748
207.1319,Nullreference,0.3614602
207.1431,Nullreference,0.3320525
207.1542,Nullreference,0.3053918
207.1651,Nullreference,0.2802932
207.1764,Nullreference,0.2528926
207.1874,Nullreference,0.226213
207.1985,Nullreference,0.1923058
207.2096,Nullreference,0.1653889
207.2206,Nullreference,0.1366025
207.2318,Nullreference,0.1007816
207.243,Nullreference,0.07078318
207.254,Nullreference,0.0467486
207.2652,Nullreference,0.05788932
207.2772,Nullreference,0.09805489
207.2873,Nullreference,0.1471935
207.2984,Nullreference,0.1835287
207.3095,Nullreference,0.2278477
207.3208,Nullreference,0.250778
207.3321,Nullreference,0.2683416
207.3429,Nullreference,0.2704323
207.3541,Collider_Roger_State_action,0.2753907
207.3651,Collider_Roger_State_action,0.2716499
207.3762,Collider_Roger_State_action,0.269334
207.3873,Collider_Roger_State_action,0.2545049
207.3983,Collider_Roger_State_action,0.2381706
207.4095,Collider_Roger_State_action,0.2358938
207.421,Collider_Roger_State_action,0.2455818
207.4317,Collider_Roger_State_action,0.2529092
207.4427,Collider_Roger_State_action,0.2631874
207.4539,Collider_Roger_State_action,0.2665859
207.4652,Collider_Roger_State_action,0.2767328
207.4761,Collider_Roger_State_action,0.2911018
207.4872,Collider_Roger_State_action,0.3030964
207.4986,Collider_Roger_State_action,0.3095758
207.5096,Collider_Roger_State_action,0.2975163
207.5206,Collider_Roger_State_action,0.2805756
207.5316,Collider_Roger_State_action,0.2627414
207.5428,Collider_Roger_State_action,0.2471229
207.5539,Nullreference,0.2413315
207.565,Nullreference,0.2366055
207.5762,Nullreference,0.2395245
207.5872,Nullreference,0.2581195
207.5985,Nullreference,0.2760397
207.6095,Nullreference,0.3021558
207.6206,Nullreference,0.3224161
207.6318,Nullreference,0.3415908
207.6428,Nullreference,0.3509171
207.6538,Nullreference,0.3448507
207.665,Nullreference,0.348803
207.6761,Nullreference,0.3413052
207.6873,Nullreference,0.3379748
207.6984,Nullreference,0.3313641
207.7095,Nullreference,0.3215343
207.721,Nullreference,0.3184797
207.7316,Nullreference,0.3319823
207.7428,Nullreference,0.3518045
207.7538,Nullreference,0.3817707
207.7649,Nullreference,0.4144442
207.7759,Nullreference,0.4351258
207.7872,Nullreference,0.4726176
207.7983,Nullreference,0.5140454
207.8093,Nullreference,0.5566113
207.8206,Nullreference,0.5868465
207.8316,Nullreference,0.609344
207.8429,Nullreference,0.6307891
207.8539,Nullreference,0.6534891
207.8649,Collider_Hypoli_Body,0.6821634
207.8761,Collider_Hypoli_Body,0.724061
207.8872,Collider_Hypoli_Body,0.777864
207.8981,Collider_Hypoli_Body,0.8486204
207.9096,Collider_Hypoli_Body,0.9059629
207.9204,Collider_Hypoli_Body,0.9717887
207.9316,Collider_Hypoli_Body,0.9991246
207.9426,Collider_Hypoli_Body,1.04572
207.9536,Collider_Hypoli_Body,1.075572
207.9649,Collider_Hypoli_Body,1.105296
207.9761,Collider_Hypoli_Body,1.128209
207.987,Collider_Hypoli_Body,1.132203
207.9981,Collider_Hypoli_Body,1.137067
208.0094,Collider_Hypoli_Body,1.141409
208.0204,Collider_Hypoli_Body,1.148223
208.0314,Collider_Hypoli_Body,1.154353
208.0426,Collider_Hypoli_Body,1.153927
208.0539,Collider_Hypoli_Body,1.149277
208.0647,Collider_Hypoli_Body,1.129772
208.0759,Collider_Hypoli_Body,1.095008
208.0869,Collider_Hypoli_Body,1.04995
208.0981,Collider_Hypoli_Body,0.9981704
208.1092,Collider_Hypoli_Body,0.9486132
208.1202,Collider_Hypoli_Body,0.9085366
208.1315,Collider_Hypoli_Body,0.8891142
208.1425,Collider_Hypoli_Body,0.8845243
208.1537,Collider_Hypoli_Body,0.8904018
208.1648,Collider_Hypoli_Body,0.886149
208.1758,Collider_Hypoli_Body,0.8689818
208.1869,Collider_Hypoli_Body,0.8338401
208.1981,Collider_Hypoli_Body,0.793092
208.2092,Collider_Hypoli_Body,0.7510998
208.2203,Collider_Hypoli_Body,0.7025509
208.2312,Collider_Hypoli_Body,0.6633101
208.2424,Collider_Hypoli_Body,0.6171975
208.2536,Collider_Hypoli_Body,0.5667335
208.2646,Collider_Hypoli_Body,0.5141245
208.2757,Collider_Hypoli_Body,0.4515545
208.2869,Collider_Hypoli_Body,0.3977521
208.298,Collider_Hypoli_Body,0.3380103
208.309,Collider_Hypoli_Body,0.2902861
208.3202,Collider_Hypoli_Body,0.2388625
208.3313,Collider_Hypoli_Body,0.2152625
208.3424,Collider_Hypoli_Body,0.2248686
208.3542,Collider_Hypoli_Body,0.2464461
208.3645,Collider_Hypoli_Body,0.2621962
208.3757,Collider_Hypoli_Body,0.272858
208.3868,Collider_Hypoli_Body,0.2813955
208.398,Collider_Hypoli_Body,0.277439
208.4091,Collider_Hypoli_Body,0.2605112
208.4202,Collider_Hypoli_Body,0.248843
208.4312,Collider_Hypoli_Body,0.238923
208.4422,Collider_Hypoli_Body,0.2294838
208.4535,Collider_Hypoli_Body,0.2308793
208.4649,Collider_Hypoli_Body,0.2422268
208.4758,Collider_Hypoli_Body,0.2570492
208.4868,Collider_Hypoli_Body,0.2709504
208.498,Collider_Hypoli_Body,0.2828515
208.509,Collider_Hypoli_Body,0.2815482
208.5202,Collider_Hypoli_Body,0.2695361
208.5313,Collider_Hypoli_Body,0.2656577
208.5423,Collider_Hypoli_Body,0.2568743
208.5534,Collider_Hypoli_Body,0.2579549
208.5646,Collider_Hypoli_Body,0.2555456
208.5757,Collider_Hypoli_Body,0.2595801
208.5871,Collider_Hypoli_Body,0.2600304
208.5982,Collider_Hypoli_Body,0.2640319
208.6091,Collider_Hypoli_Body,0.2726378
208.6201,Collider_Hypoli_Body,0.2871594
208.6312,Collider_Hypoli_Body,0.2963285
208.6422,Collider_Hypoli_Body,0.3045306
208.6534,Collider_Hypoli_Body,0.3073409
208.6646,Collider_Hypoli_Body,0.3081973
208.6755,Collider_Hypoli_Body,0.3057699
208.6867,Collider_Hypoli_Body,0.3082854
208.6978,Collider_Hypoli_Body,0.314404
208.7089,Collider_Hypoli_Body,0.3202157
208.7199,Collider_Hypoli_Body,0.3339002
208.7311,Collider_Hypoli_Body,0.3689543
208.7423,Collider_Hypoli_Body,0.4033628
208.7536,Collider_Hypoli_Body,0.441762
208.7644,Collider_Hypoli_Body,0.4565198
208.7756,Collider_Hypoli_Body,0.4686052
208.7865,Collider_Hypoli_Body,0.4769066
208.7978,Collider_Hypoli_Body,0.4710055
208.8089,Collider_Hypoli_Body,0.4649573
208.8199,Collider_Hypoli_Body,0.4615903
208.8311,Collider_Hypoli_Body,0.4564645
208.8423,Collider_Hypoli_Body,0.4566468
208.8534,Collider_Hypoli_Body,0.4463931
208.8644,Collider_Hypoli_Body,0.4273281
208.8756,Collider_Hypoli_Body,0.4020374
208.8867,Collider_Hypoli_Body,0.3723292
208.8977,Collider_Hypoli_Body,0.3458686
208.9088,Collider_Hypoli_Body,0.3179236
208.9199,Collider_Hypoli_Body,0.2998888
208.9309,Collider_Hypoli_Body,0.2818866
208.9423,Collider_Hypoli_Body,0.2697195
208.9534,Collider_Hypoli_Body,0.2589325
208.9643,Collider_Hypoli_Body,0.2431336
208.9754,Collider_Hypoli_Body,0.2266442
208.9865,Collider_Hypoli_Body,0.1980715
208.9977,Collider_Hypoli_Body,0.1662875
209.0089,Collider_Hypoli_Body,0.130441
209.0198,Collider_Hypoli_Body,0.1126421
209.0309,Collider_Hypoli_Body,0.1064035
209.0421,Collider_Hypoli_Body,0.1028748
209.0533,Collider_Hypoli_Body,0.09546192
209.0643,Collider_Hypoli_Body,0.09431941
209.0754,Collider_Hypoli_Body,0.08799231
209.0865,Collider_Hypoli_Body,0.09474809
209.0976,Collider_Hypoli_Body,0.1052673
209.1086,Collider_Hypoli_Body,0.1284896
209.1198,Collider_Hypoli_Body,0.1535432
209.1309,Collider_Hypoli_Body,0.1593615
209.142,Collider_Hypoli_Body,0.154502
209.1532,Collider_Hypoli_Body,0.1562653
209.1642,Collider_Hypoli_Body,0.2000284
209.1753,Collider_Hypoli_Body,0.2494133
209.1866,Collider_Hypoli_Body,0.2781808
209.1975,Collider_Hypoli_Body,0.2828102
209.2086,Collider_Hypoli_Body,0.262709
209.2198,Collider_Hypoli_Body,0.2209944
209.2311,Collider_Hypoli_Body,0.1930474
209.242,Collider_Hypoli_Body,0.1693185
209.253,Collider_Hypoli_Body,0.1620055
209.2643,Collider_Hypoli_Body,0.1715899
209.2752,Collider_Hypoli_Body,0.1787996
209.2863,Collider_Hypoli_Body,0.1878687
209.2975,Collider_Hypoli_Body,0.1983831
209.3087,Collider_Hypoli_Body,0.2032153
209.3197,Collider_Hypoli_Body,0.2104074
209.3307,Collider_Hypoli_Body,0.2206334
209.3419,Collider_Hypoli_Body,0.2285921
209.353,Collider_Hypoli_Body,0.2373566
209.3641,Collider_Hypoli_Body,0.2377439
209.3753,Collider_Hypoli_Body,0.2480469
209.3864,Collider_Hypoli_Body,0.2535432
209.3974,Collider_Hypoli_Body,0.2574318
209.4086,Collider_Hypoli_Body,0.2529742
209.4196,Collider_Hypoli_Body,0.2446322
209.4307,Collider_Hypoli_Body,0.2301752
209.4421,Collider_Hypoli_Body,0.2244027
209.453,Collider_Hypoli_Body,0.2330873
209.4642,Collider_Hypoli_Body,0.2474007
209.4752,Collider_Hypoli_Body,0.2717783
209.4862,Collider_Hypoli_Body,0.2987789
209.4974,Collider_Hypoli_Body,0.3283527
209.5085,Collider_Hypoli_Body,0.3558639
209.5196,Collider_Hypoli_Body,0.3693547
209.5306,Collider_Hypoli_Body,0.3728628
209.5417,Collider_Hypoli_Body,0.3708673
209.5528,Collider_Hypoli_Body,0.3709882
209.564,Collider_Hypoli_Body,0.3755063
209.5753,Collider_Hypoli_Body,0.3899737
209.5862,Collider_Hypoli_Body,0.417938
209.5974,Collider_Hypoli_Body,0.4446085
209.6084,Collider_Hypoli_Body,0.4829117
209.6196,Collider_Hypoli_Body,0.5082046
209.6306,Collider_Hypoli_Body,0.521675
209.6417,Collider_Hypoli_Body,0.5172098
209.6529,Collider_Hypoli_Body,0.5044106
209.664,Collider_Hypoli_Body,0.4892859
209.6752,Collider_Hypoli_Body,0.4799795
209.6862,Collider_Hypoli_Body,0.4724223
209.6973,Collider_Hypoli_Body,0.4666118
209.7084,Collider_Hypoli_Body,0.4607768
209.7196,Collider_Hypoli_Body,0.4639323
209.7306,Collider_Hypoli_Body,0.4558634
209.7417,Collider_Hypoli_Body,0.4581098
209.7528,Collider_Hypoli_Body,0.4616062
209.7639,Collider_Hypoli_Body,0.4611047
209.775,Collider_Hypoli_Body,0.4565726
209.7864,Collider_Hypoli_Body,0.4432988
209.7971,Collider_Hypoli_Body,0.4233306
209.8083,Collider_Hypoli_Body,0.3944483
209.8194,Collider_Hypoli_Body,0.3590386
209.8305,Collider_Hypoli_Body,0.3110765
209.8416,Collider_Hypoli_Body,0.2653051
209.8527,Collider_Hypoli_Body,0.2261542
209.864,Collider_Hypoli_Body,0.1814772
209.875,Collider_Hypoli_Body,0.1511941
209.8864,Collider_Hypoli_Body,0.1200128
209.8972,Collider_Hypoli_Body,0.1119579
209.9085,Collider_Hypoli_Body,0.1090131
209.92,Collider_Hypoli_Body,0.121192
209.9305,Collider_Hypoli_Body,0.1343578
209.9416,Collider_Hypoli_Body,0.14409
209.9528,Collider_Hypoli_Body,0.1495466
209.9638,Collider_Hypoli_Body,0.1584143
209.9749,Collider_Hypoli_Body,0.180417
209.9861,Collider_Hypoli_Body,0.2123917
209.9971,Collider_Hypoli_Body,0.2437641
210.0082,Collider_Hypoli_Body,0.274183
210.0196,Collider_Hypoli_Body,0.3018174
210.0305,Collider_Hypoli_Body,0.3337636
210.0416,Collider_Hypoli_Body,0.3625809
210.0529,Collider_Hypoli_Body,0.3954309
210.0639,Collider_Hypoli_Body,0.441269
210.0749,Collider_Hypoli_Body,0.484522
210.0862,Collider_Hypoli_Body,0.5477796
210.0973,Collider_Hypoli_Body,0.6081819
210.1083,Collider_Hypoli_Body,0.6993985
210.1225,Collider_Hypoli_Body,0.7795587
210.1334,Collider_Hypoli_Body,0.8815456
210.1434,Nullreference,0.9843501
210.1527,Nullreference,1.071591
210.1638,Nullreference,1.176818
210.1749,Nullreference,1.264506
210.1861,Nullreference,1.356026
210.1971,Nullreference,1.416497
210.2081,Nullreference,1.488139
210.2194,Nullreference,1.530291
210.2305,Nullreference,1.572127
210.2416,Nullreference,1.598537
210.2527,Nullreference,1.616953
210.2638,Nullreference,1.623171
210.2749,Nullreference,1.617726
210.2859,Nullreference,1.608702
210.297,Nullreference,1.57992
210.3084,Nullreference,1.551523
210.3194,Nullreference,1.512101
210.3304,Nullreference,1.464711
210.3415,Nullreference,1.406037
210.3528,Nullreference,1.360418
210.3636,Nullreference,1.300467
210.3747,Nullreference,1.243772
210.3859,Nullreference,1.182105
210.397,Nullreference,1.125652
210.4081,Nullreference,1.060589
210.4197,Nullreference,0.9981487
210.4303,Nullreference,0.9465351
210.4416,Nullreference,0.8831935
210.4527,Nullreference,0.8209407
210.4641,Nullreference,0.7478277
210.4746,Nullreference,0.6766033
210.4859,Nullreference,0.6196874
210.4969,Nullreference,0.5560775
210.5082,Nullreference,0.5039396
210.5193,Nullreference,0.4461384
210.5304,Nullreference,0.407668
210.5415,Nullreference,0.3557325
210.5525,Nullreference,0.3079136
210.5636,Nullreference,0.274753
210.575,Nullreference,0.2307153
210.5858,Nullreference,0.195369
210.5969,Nullreference,0.1442849
210.6081,Nullreference,0.09823224
210.6192,Nullreference,0.06267747
210.6302,Nullreference,0.07266162
210.6415,Nullreference,0.1105857
210.6525,Nullreference,0.1640488
210.6639,Nullreference,0.2033192
210.6747,Nullreference,0.2572963
210.6858,Nullreference,0.3078972
210.6968,Nullreference,0.3502289
210.7081,Nullreference,0.3994531
210.7191,Nullreference,0.4351345
210.7301,Nullreference,0.4707465
210.7415,Nullreference,0.5177472
210.7524,Nullreference,0.5573081
210.7634,Nullreference,0.6028131
210.7746,Nullreference,0.6428828
210.7858,Nullreference,0.6873857
210.7967,Nullreference,0.741554
210.8078,Nullreference,0.7795274
210.8191,Nullreference,0.8316218
210.83,Nullreference,0.8752156
210.8414,Nullreference,0.9228869
210.8524,Nullreference,0.9726425
210.8634,Nullreference,1.017005
210.8746,Nullreference,1.072057
210.8858,Nullreference,1.116793
210.8967,Nullreference,1.169227
210.9079,Nullreference,1.209904
210.919,Nullreference,1.260738
210.9301,Nullreference,1.321237
210.9412,Nullreference,1.366729
210.9523,Nullreference,1.433978
210.9635,Nullreference,1.494245
210.9747,Nullreference,1.574135
210.9858,Nullreference,1.643344
210.9968,Nullreference,1.738277
211.0078,Nullreference,1.813045
211.0191,Nullreference,1.845099
211.0302,Nullreference,1.842939
211.0411,Nullreference,1.807882
211.0523,Nullreference,1.735193
211.0634,Nullreference,1.674863
211.0746,Nullreference,1.586501
211.0855,Nullreference,1.519752
211.0966,Nullreference,1.475722
211.1077,Nullreference,1.436425
211.1188,Nullreference,1.405137
211.1301,Nullreference,1.371189
211.1412,Nullreference,1.336089
211.1523,Nullreference,1.301514
211.1633,Nullreference,1.258974
211.1751,Nullreference,1.224253
211.186,Nullreference,1.170701
211.1966,Nullreference,1.070413
211.2077,Nullreference,0.9121733
211.2191,Nullreference,0.7627816
211.2299,Nullreference,0.5671279
211.2413,Nullreference,0.4024563
211.2522,Nullreference,0.3003498
211.2632,Nullreference,0.3271378
211.2743,Nullreference,0.4349391
211.2854,Nullreference,0.5622885
211.2965,Nullreference,0.6723586
211.3079,Nullreference,0.7352661
211.3189,Nullreference,0.779021
211.33,Nullreference,0.7910184
211.3409,Nullreference,0.8071975
211.3522,Nullreference,0.8165869
211.364,Nullreference,0.8434286
211.3744,Nullreference,0.8674291
211.3855,Nullreference,0.8989936
211.3965,Nullreference,0.9266615
211.4076,Nullreference,0.9387003
211.4188,Nullreference,0.9353437
211.4299,Nullreference,0.9252006
211.4408,Nullreference,0.8989042
211.4521,Nullreference,0.8676742
211.4636,Nullreference,0.8380587
211.4743,Nullreference,0.8087594
211.4854,Nullreference,0.7755823
211.4967,Nullreference,0.750849
211.5077,Nullreference,0.733458
211.5187,Nullreference,0.7302895
211.5298,Nullreference,0.7423416
211.5408,Nullreference,0.7621988
211.5522,Nullreference,0.7749761
211.5631,Nullreference,0.7721425
211.5743,Nullreference,0.7479339
211.5855,Nullreference,0.7024187
211.5965,Nullreference,0.6303231
211.6075,Nullreference,0.5516672
211.6188,Nullreference,0.450378
211.6297,Nullreference,0.3866377
211.6408,Nullreference,0.334447
211.652,Nullreference,0.3289444
211.6632,Nullreference,0.3564718
211.6744,Nullreference,0.4076037
211.6854,Nullreference,0.4761766
211.6963,Nullreference,0.5466574
211.7079,Nullreference,0.6229929
211.7188,Nullreference,0.7061686
211.7298,Nullreference,0.7878104
211.7408,Nullreference,0.8513148
211.752,Nullreference,0.9326276
211.7631,Nullreference,1.015232
211.7742,Nullreference,1.086015
211.7852,Nullreference,1.125958
211.7964,Nullreference,1.151783
211.8074,Nullreference,1.166909
211.8186,Nullreference,1.181049
211.8296,Collider_Roger_State_action,1.186259
211.8407,Collider_Roger_State_action,1.166762
211.8519,Collider_Roger_State_action,1.104178
211.8629,Collider_Roger_State_action,1.045566
211.8741,Collider_Roger_State_action,0.9682673
211.8852,Collider_Roger_State_action,0.9012594
211.8964,Collider_Roger_State_action,0.8218442
211.9073,Collider_Roger_State_action,0.7530702
211.9185,Collider_Roger_State_action,0.6741256
211.9297,Collider_Roger_State_action,0.5953783
211.9406,Collider_Roger_State_action,0.5466314
211.9518,Collider_Roger_State_action,0.4852468
211.9629,Collider_Roger_State_action,0.428444
211.974,Nullreference,0.3833852
211.9851,Nullreference,0.32669
211.9962,Nullreference,0.2718401
212.0073,Nullreference,0.2148697
212.0185,Nullreference,0.1673463
212.0295,Nullreference,0.1342169
212.0407,Nullreference,0.1121863
212.0517,Nullreference,0.1035632
212.0628,Nullreference,0.09971337
212.074,Nullreference,0.09482869
212.0852,Nullreference,0.08788495
212.0962,Nullreference,0.06931116
212.1073,Nullreference,0.05092046
212.1187,Nullreference,0.03951864
212.1295,Nullreference,0.04214025
212.1407,Nullreference,0.0577645
212.1517,Nullreference,0.05881596
212.1627,Nullreference,0.05336943
212.1739,Nullreference,0.03667405
212.1852,Nullreference,0.02286817
212.1963,Nullreference,0.0272048
212.2073,Nullreference,0.0375121
212.2183,Nullreference,0.03989356
212.2294,Nullreference,0.0502214
212.2406,Nullreference,0.05427938
212.2518,Nullreference,0.05096121
212.2628,Nullreference,0.04930576
212.2741,Nullreference,0.05605571
212.2851,Nullreference,0.06021054
212.2961,Nullreference,0.07071674
212.3072,Nullreference,0.08395725
212.3184,Nullreference,0.1038934
212.3295,Nullreference,0.1232977
212.3406,Nullreference,0.1255663
212.3518,Nullreference,0.1287519
212.3628,Nullreference,0.1360808
212.3738,Nullreference,0.146321
212.3852,Nullreference,0.161997
212.3963,Nullreference,0.1777997
212.4073,Nullreference,0.194257
212.4186,Nullreference,0.2139991
212.4294,Nullreference,0.2379029
212.4408,Nullreference,0.2551065
212.4517,Nullreference,0.2837965
212.4627,Nullreference,0.3150262
212.474,Nullreference,0.3465001
212.4853,Nullreference,0.3740079
212.4962,Nullreference,0.4128194
212.5072,Nullreference,0.4409283
212.5184,Nullreference,0.4795636
212.5293,Nullreference,0.5204682
212.5404,Nullreference,0.5653913
212.5516,Nullreference,0.6231812
212.5626,Nullreference,0.6833277
212.5739,Nullreference,0.7831914
212.585,Nullreference,0.8753996
212.5962,Nullreference,0.9853024
212.6072,Nullreference,1.089043
212.6182,Nullreference,1.178597
212.6295,Nullreference,1.28468
212.6404,Nullreference,1.382349
212.6517,Nullreference,1.475978
212.6626,Nullreference,1.588008
212.6737,Nullreference,1.672177
212.685,Collider_Hypoli_Body,1.78957
212.696,Collider_Hypoli_Body,1.90301
212.7071,Collider_Hypoli_Body,2.030227
212.7181,Nullreference,2.166696
212.7293,Nullreference,2.327066
212.7404,Nullreference,2.465608
212.7514,Nullreference,2.63179
212.7627,Nullreference,2.769085
212.7736,Nullreference,2.931117
212.7848,Nullreference,3.074329
212.7958,Nullreference,3.182957
212.8069,Nullreference,3.286066
212.8181,Nullreference,3.358489
212.8291,Nullreference,3.4366
212.8403,Nullreference,3.49987
212.8514,Nullreference,3.568779
212.8623,Nullreference,3.642325
212.8736,Nullreference,3.70376
212.8845,Nullreference,3.784027
212.8956,Nullreference,3.847817
212.9067,Nullreference,3.926647
212.9178,Nullreference,3.984918
212.9289,Nullreference,4.026407
212.9401,Nullreference,4.058118
212.9513,Nullreference,4.092388
212.9624,Nullreference,4.122066
212.9735,Nullreference,4.149783
212.9846,Nullreference,4.185054
212.9958,Nullreference,4.208915
213.0068,Nullreference,4.205874
213.018,Nullreference,4.176569
213.0291,Nullreference,4.133631
213.0403,Nullreference,4.06674
213.0514,Nullreference,3.999636
213.0625,Nullreference,3.921711
213.0737,Nullreference,3.851962
213.0847,Nullreference,3.766858
213.096,Nullreference,3.682376
213.107,Nullreference,3.604602
213.1181,Nullreference,3.511755
213.1292,Nullreference,3.437749
213.1404,Nullreference,3.351033
213.1515,Nullreference,3.27077
213.1624,Nullreference,3.212418
213.1736,Nullreference,3.154932
213.1847,Nullreference,3.084444
213.1957,Nullreference,3.022044
213.2066,Nullreference,2.947438
213.218,Nullreference,2.88413
213.229,Nullreference,2.804745
213.2401,Nullreference,2.734097
213.2513,Nullreference,2.652333
213.2622,Nullreference,2.57056
213.2734,Nullreference,2.506914
213.2845,Nullreference,2.415952
213.2956,Nullreference,2.324028
213.3068,Nullreference,2.245327
213.3179,Nullreference,2.14197
213.3289,Nullreference,2.067162
213.34,Nullreference,1.972387
213.3513,Nullreference,1.889261
213.3623,Nullreference,1.806556
213.3733,Nullreference,1.719171
213.3845,Nullreference,1.616919
213.3957,Nullreference,1.529355
213.4066,Nullreference,1.406826
213.4177,Nullreference,1.295148
213.4287,Nullreference,1.155781
213.44,Nullreference,1.014968
213.4512,Nullreference,0.8834667
213.4668,Nullreference,0.774873
213.4737,Nullreference,0.6517612
213.4818,Nullreference,0.58765
213.493,Nullreference,0.4798437
213.5042,Nullreference,0.4060316
213.5151,Nullreference,0.313721
213.5263,Nullreference,0.2430972
213.5374,Nullreference,0.1797224
213.5485,Nullreference,0.1409358
213.5595,Nullreference,0.1230128
213.5707,Nullreference,0.1232036
213.5819,Nullreference,0.1478674
213.5929,Nullreference,0.1971164
213.604,Nullreference,0.2528313
213.6151,Nullreference,0.3241345
213.6262,Nullreference,0.3901354
213.6373,Nullreference,0.4946094
213.6486,Nullreference,0.5977697
213.6597,Nullreference,0.6873852
213.6707,Nullreference,0.7981488
213.6818,Nullreference,0.8755795
213.6929,Nullreference,0.9687556
213.7042,Nullreference,1.042349
213.7151,Nullreference,1.099417
213.7262,Nullreference,1.142886
213.7373,Nullreference,1.16313
213.7484,Nullreference,1.181193
213.7595,Nullreference,1.194956
213.7706,Nullreference,1.202107
213.7817,Nullreference,1.207462
213.7928,Nullreference,1.201708
213.8039,Nullreference,1.187476
213.8152,Nullreference,1.152508
213.8263,Nullreference,1.112227
213.8376,Nullreference,1.079309
213.8488,Nullreference,1.037262
213.8602,Nullreference,1.033527
213.8714,Nullreference,1.03595
213.8826,Nullreference,1.04477
213.894,Nullreference,1.0617
213.9053,Nullreference,1.083493
213.9165,Nullreference,1.104001
213.9279,Nullreference,1.123062
213.9391,Nullreference,1.138728
213.9505,Nullreference,1.148465
213.9615,Nullreference,1.158083
213.9729,Nullreference,1.173721
213.9842,Nullreference,1.18306
213.9954,Nullreference,1.195825
214.0064,Nullreference,1.205946
214.0175,Nullreference,1.224868
214.0329,Nullreference,1.249957
214.0395,Nullreference,1.277539
214.0485,Nullreference,1.301327
214.0596,Nullreference,1.329956
214.0707,Nullreference,1.352744
214.0818,Nullreference,1.375374
214.093,Collider_Roger_Body,1.39274
214.1042,Collider_Roger_Body,1.407829
214.1152,Collider_Roger_Body,1.418285
214.1263,Collider_Roger_Body,1.426797
214.1374,Collider_Roger_Body,1.425947
214.1486,Collider_Roger_Body,1.407027
214.1596,Collider_Roger_Body,1.378148
214.1707,Collider_Roger_Body,1.350958
214.1818,Collider_Roger_Body,1.316808
214.1928,Collider_Roger_Body,1.28866
214.2041,Collider_Roger_Body,1.25667
214.2151,Collider_Roger_Body,1.232285
214.2263,Collider_Roger_Body,1.203931
214.2374,Collider_Roger_Body,1.188111
214.2485,Collider_Roger_Body,1.16826
214.2596,Collider_Roger_Body,1.144912
214.2706,Collider_Roger_Body,1.127566
214.2818,Collider_Roger_Body,1.108478
214.2929,Collider_Roger_Body,1.09493
214.304,Collider_Roger_Body,1.083283
214.3152,Collider_Roger_Body,1.067053
214.3263,Collider_Roger_Body,1.065413
214.3373,Collider_Roger_Body,1.064868
214.3485,Collider_Roger_Body,1.072516
214.3595,Collider_Roger_Body,1.078048
214.3706,Collider_Roger_Body,1.099517
214.3818,Collider_Roger_Body,1.12218
214.393,Collider_Roger_Body,1.154273
214.4043,Collider_Roger_Body,1.20545
214.4155,Collider_Roger_Body,1.255697
214.4268,Collider_Roger_Body,1.318162
214.4381,Collider_Roger_Body,1.37561
214.4494,Collider_Roger_Body,1.411126
214.4606,Collider_Roger_Body,1.454381
214.4719,Collider_Roger_Body,1.481758
214.4832,Collider_Roger_Body,1.506749
214.4944,Collider_Roger_Body,1.532009
214.5059,Collider_Roger_Body,1.545489
214.5172,Nullreference,1.563277
214.5282,Nullreference,1.571506
214.5395,Nullreference,1.552328
214.5507,Nullreference,1.520359
214.5619,Nullreference,1.473768
214.573,Nullreference,1.411029
214.5839,Nullreference,1.356852
214.5951,Nullreference,1.291367
214.6071,Nullreference,1.235875
214.6173,Nullreference,1.188731
214.6287,Nullreference,1.162055
214.6397,Nullreference,1.125144
214.6508,Nullreference,1.092729
214.6617,Nullreference,1.052244
214.6729,Nullreference,1.028453
214.684,Nullreference,1.014825
214.695,Nullreference,1.019672
214.7062,Nullreference,1.028847
214.7173,Nullreference,1.077994
214.7283,Nullreference,1.124812
214.7393,Nullreference,1.199571
214.7505,Nullreference,1.272382
214.7615,Nullreference,1.339673
214.7726,Nullreference,1.43111
214.7837,Nullreference,1.510617
214.7947,Nullreference,1.607114
214.8059,Nullreference,1.691915
214.8169,Nullreference,1.806391
214.828,Nullreference,1.915041
214.8391,Nullreference,2.013985
214.8502,Nullreference,2.116165
214.8613,Nullreference,2.210986
214.8725,Nullreference,2.329049
214.8838,Nullreference,2.429413
214.8946,Nullreference,2.549586
214.9057,Nullreference,2.655614
214.9168,Nullreference,2.746454
214.9279,Nullreference,2.85839
214.9391,Nullreference,2.9293
214.9503,Nullreference,3.010055
214.9613,Nullreference,3.061227
214.9724,Nullreference,3.101924
214.9836,Nullreference,3.13296
214.9946,Nullreference,3.148873
215.0058,Nullreference,3.158064
215.0167,Nullreference,3.165588
215.0279,Nullreference,3.171526
215.0391,Nullreference,3.1635
215.0502,Nullreference,3.156835
215.0612,Nullreference,3.146722
215.0723,Nullreference,3.128424
215.0835,Nullreference,3.093614
215.0945,Nullreference,3.04936
215.1057,Nullreference,3.009803
215.1168,Nullreference,2.970396
215.1279,Nullreference,2.924347
215.1389,Nullreference,2.887059
215.1502,Nullreference,2.853168
215.1613,Nullreference,2.821947
215.1724,Nullreference,2.782948
215.1837,Nullreference,2.741039
215.1949,Nullreference,2.689485
215.206,Nullreference,2.641168
215.217,Nullreference,2.577311
215.2282,Nullreference,2.523939
215.2392,Nullreference,2.459686
215.2505,Nullreference,2.399248
215.2615,Nullreference,2.352519
215.2727,Nullreference,2.294176
215.284,Nullreference,2.261724
215.2948,Nullreference,2.227087
215.306,Nullreference,2.207501
215.317,Nullreference,2.188189
215.3282,Nullreference,2.174569
215.3393,Nullreference,2.158783
215.3506,Nullreference,2.125493
215.3615,Nullreference,2.07724
215.3727,Nullreference,2.017877
215.3837,Nullreference,1.964152
215.3948,Nullreference,1.888339
215.4059,Nullreference,1.825423
215.4173,Nullreference,1.74098
215.4283,Nullreference,1.640636
215.4395,Nullreference,1.546307
215.451,Nullreference,1.451454
215.4616,Nullreference,1.313394
215.4728,Nullreference,1.207635
215.484,Nullreference,1.073569
215.495,Nullreference,0.9764497
215.5063,Nullreference,0.853226
215.5176,Nullreference,0.7770234
215.5286,Nullreference,0.6986743
215.5394,Nullreference,0.6312511
215.5505,Nullreference,0.5853518
215.562,Nullreference,0.5440723
215.5728,Nullreference,0.5185824
215.5838,Nullreference,0.4995722
215.595,Nullreference,0.4846645
215.6061,Nullreference,0.4679014
215.6172,Nullreference,0.4573346
215.6283,Nullreference,0.4463467
215.6394,Nullreference,0.45307
215.6507,Nullreference,0.44472
215.6617,Nullreference,0.4183229
215.6729,Nullreference,0.3878598
215.6838,Nullreference,0.3528564
215.6949,Nullreference,0.3436259
215.7062,Nullreference,0.3265433
215.7173,Nullreference,0.3025207
215.7283,Nullreference,0.2705886
215.7395,Nullreference,0.255551
215.7506,Nullreference,0.2410495
215.7616,Nullreference,0.2346674
215.7731,Nullreference,0.2335312
215.7838,Nullreference,0.2383503
215.795,Nullreference,0.2380946
215.8063,Nullreference,0.2350038
215.8174,Nullreference,0.2318755
215.8282,Nullreference,0.2283222
215.8394,Nullreference,0.2175156
215.8507,Nullreference,0.1997744
215.8616,Nullreference,0.1762858
215.8728,Nullreference,0.1489879
215.8838,Nullreference,0.1231651
215.8949,Nullreference,0.1011228
215.9059,Nullreference,0.07856978
215.9173,Nullreference,0.07780592
215.9282,Nullreference,0.1003591
215.9393,Nullreference,0.1342865
215.9506,Nullreference,0.1537259
215.9615,Nullreference,0.1682619
215.9729,Nullreference,0.1820404
215.9845,Nullreference,0.194602
215.9948,Nullreference,0.2107654
216.006,Nullreference,0.2307085
216.0171,Nullreference,0.2594866
216.0282,Nullreference,0.2727993
216.0392,Nullreference,0.2939567
216.0504,Nullreference,0.320888
216.0614,Nullreference,0.3480824
216.0729,Nullreference,0.3760837
216.0838,Nullreference,0.4069344
216.0948,Nullreference,0.4347943
216.1063,Nullreference,0.4573492
216.1171,Nullreference,0.4767658
216.1283,Nullreference,0.4838466
216.1391,Nullreference,0.4943086
216.1504,Nullreference,0.5151806
216.1617,Nullreference,0.5285313
216.173,Nullreference,0.5601552
216.1836,Nullreference,0.601419
216.1946,Nullreference,0.6676651
216.2059,Nullreference,0.7343964
216.217,Nullreference,0.8341109
216.2281,Nullreference,0.9213748
216.2389,Nullreference,1.040399
216.2501,Nullreference,1.139458
216.2612,Nullreference,1.267733
216.2723,Nullreference,1.383414
216.2834,Nullreference,1.476794
216.2945,Nullreference,1.588892
216.3055,Nullreference,1.687925
216.3166,Nullreference,1.806373
216.3279,Nullreference,1.910681
216.3388,Nullreference,2.037852
216.3498,Nullreference,2.148515
216.361,Nullreference,2.250699
216.3723,Nullreference,2.365486
216.3832,Nullreference,2.480886
216.3943,Nullreference,2.57959
216.4054,Nullreference,2.694663
216.4165,Nullreference,2.781111
216.4279,Nullreference,2.876341
216.4387,Nullreference,2.951396
216.4498,Nullreference,3.01045
216.4608,Nullreference,3.062844
216.4719,Nullreference,3.103466
216.483,Nullreference,3.133706
216.494,Nullreference,3.161784
216.5052,Nullreference,3.185962
216.5161,Nullreference,3.212503
216.5273,Nullreference,3.226517
216.5384,Nullreference,3.236351
216.5496,Nullreference,3.239643
216.5606,Nullreference,3.227584
216.5717,Nullreference,3.213541
216.583,Nullreference,3.199521
216.594,Nullreference,3.185581
216.605,Nullreference,3.159972
216.6161,Nullreference,3.135948
216.6272,Nullreference,3.092609
216.6384,Nullreference,3.041975
216.6496,Nullreference,2.975356
216.6609,Nullreference,2.910588
216.6722,Nullreference,2.85369
216.683,Nullreference,2.794409
216.6939,Nullreference,2.747774
216.705,Nullreference,2.700673
216.7162,Nullreference,2.64589
216.7273,Nullreference,2.588459
216.7384,Collider_Roger_Body,2.514736
216.7496,Collider_Roger_Body,2.434996
216.7607,Collider_Roger_Body,2.372643
216.7717,Collider_Roger_Body,2.313612
216.7827,Collider_Roger_Body,2.257482
216.794,Collider_Roger_Body,2.216381
216.8049,Collider_Roger_Body,2.17381
216.8161,Collider_Roger_Body,2.133113
216.8274,Collider_Roger_Body,2.079182
216.8383,Collider_Roger_Body,2.019793
216.8525,Collider_Roger_Body,1.962355
216.8606,Collider_Roger_Body,1.891343
216.8718,Collider_Roger_Body,1.829324
216.8829,Collider_Roger_Body,1.758843
216.894,Collider_Roger_Body,1.692618
216.9051,Collider_Roger_Body,1.634448
216.9163,Collider_Roger_Body,1.568307
216.9274,Collider_Roger_Body,1.512365
216.9385,Collider_Roger_Body,1.444921
216.9495,Collider_Roger_Body,1.389966
216.9609,Collider_Roger_Body,1.335881
216.9718,Collider_Roger_Body,1.279122
216.9829,Collider_Roger_Body,1.233211
216.9943,Collider_Roger_Body,1.182424
217.0052,Collider_Roger_Body,1.139256
217.0162,Collider_Roger_Body,1.087698
217.0273,Collider_Roger_Body,1.029519
217.0385,Collider_Roger_Body,0.9764307
217.05,Collider_Roger_Body,0.9138942
217.0607,Collider_Roger_Body,0.8548685
217.072,Collider_Roger_Body,0.7783263
217.0829,Collider_Roger_Body,0.7176365
217.0939,Collider_Roger_Body,0.648635
217.1052,Collider_Roger_Body,0.5820367
217.1163,Collider_Roger_Body,0.5284802
217.1273,Collider_Roger_Body,0.4769627
217.1384,Collider_Roger_Body,0.4329567
217.1495,Collider_Roger_Body,0.3975974
217.1606,Collider_Roger_Body,0.3561917
217.172,Collider_Roger_Body,0.3245423
217.1829,Collider_Roger_Body,0.2873666
217.1939,Collider_Roger_Body,0.2671485
217.2053,Collider_Roger_Body,0.2438136
217.2162,Collider_Roger_Body,0.2239209
217.2272,Collider_Roger_Body,0.2044284
217.2383,Collider_Roger_Body,0.1766441
217.2494,Collider_Roger_Body,0.1569296
217.261,Collider_Roger_Body,0.138814
217.2716,Collider_Roger_Body,0.1110431
217.2827,Collider_Roger_Body,0.08921221
217.2939,Collider_Roger_Body,0.07097406
217.305,Collider_Roger_Body,0.05527682
217.316,Collider_Roger_Body,0.04387109
217.3272,Collider_Roger_Body,0.03415296
217.3383,Collider_Roger_Body,0.02594738
217.3494,Collider_Roger_Body,0.02596284
217.3605,Collider_Roger_Body,0.03318161
217.3716,Collider_Roger_Body,0.03764378
217.3827,Collider_Roger_Body,0.03772905
217.3938,Collider_Roger_Body,0.04305429
217.405,Collider_Roger_Body,0.04896044
217.4159,Collider_Roger_Body,0.05660205
217.4272,Collider_Roger_Body,0.06034562
217.4382,Collider_Roger_Body,0.06504553
217.4501,Collider_Roger_Body,0.06192017
217.4606,Collider_Roger_Body,0.06960411
217.4716,Collider_Roger_Body,0.07611644
217.4827,Collider_Roger_Body,0.07445893
217.4937,Collider_Roger_Body,0.07402813
217.505,Collider_Roger_Body,0.07209984
217.516,Collider_Roger_Body,0.08293546
217.5271,Collider_Roger_Body,0.0824713
217.5383,Collider_Roger_Body,0.07994454
217.5493,Collider_Roger_Body,0.07682856
217.5604,Collider_Roger_Body,0.08070108
217.5715,Collider_Roger_Body,0.08159259
217.5826,Collider_Roger_Body,0.08821902
217.5938,Collider_Roger_Body,0.09287439
217.6049,Collider_Roger_Body,0.09060819
217.616,Collider_Roger_Body,0.08745117
217.6271,Collider_Roger_Body,0.08842175
217.6383,Collider_Roger_Body,0.08196467
217.6494,Collider_Roger_Body,0.07537314
217.6604,Collider_Roger_Body,0.0724932
217.6716,Collider_Roger_Body,0.06230934
217.6827,Collider_Roger_Body,0.05034269
217.6938,Collider_Roger_Body,0.0494452
217.7051,Collider_Roger_Body,0.04907405
217.7159,Collider_Roger_Body,0.05521947
217.727,Collider_Roger_Body,0.05789043
217.7383,Collider_Roger_Body,0.07094586
217.7499,Collider_Roger_Body,0.09647667
217.7605,Collider_Roger_Body,0.1096607
217.7714,Collider_Roger_Body,0.1312723
217.7825,Collider_Roger_Body,0.1549052
217.7938,Collider_Roger_Body,0.1821697
217.8048,Collider_Roger_Body,0.2179025
217.8161,Collider_Roger_Body,0.2532701
217.8271,Collider_Roger_Body,0.297849
217.8382,Collider_Roger_Body,0.3371204
217.8492,Collider_Roger_Body,0.3842977
217.8603,Collider_Roger_Body,0.4395488
217.8715,Collider_Roger_Body,0.4879725
217.8825,Collider_Roger_Body,0.5334827
217.8936,Collider_Roger_Body,0.5645283
217.9048,Collider_Roger_Body,0.6003609
217.9159,Collider_Roger_Body,0.6258947
217.927,Collider_Roger_Body,0.6453209
217.938,Collider_Roger_Body,0.6695992
217.9493,Collider_Roger_Body,0.6904103
217.9603,Collider_Roger_Body,0.7089536
217.9714,Collider_Roger_Body,0.7212724
217.9825,Collider_Roger_Body,0.7314423
217.9937,Collider_Roger_Body,0.7420734
218.0047,Collider_Roger_Body,0.7579936
218.0158,Nullreference,0.7681997
218.0269,Nullreference,0.7845782
218.0381,Nullreference,0.7941298
218.049,Nullreference,0.8173437
218.061,Nullreference,0.8399572
218.0714,Nullreference,0.8658775
218.0823,Nullreference,0.882823
218.0935,Nullreference,0.8873132
218.1045,Nullreference,0.8983219
218.1157,Nullreference,0.9104902
218.1267,Nullreference,0.9157407
218.138,Nullreference,0.9192395
218.149,Nullreference,0.9206688
218.1603,Nullreference,0.9157929
218.1711,Nullreference,0.8976916
218.1822,Nullreference,0.878244
218.1935,Nullreference,0.8449382
218.2044,Nullreference,0.7945188
218.2155,Nullreference,0.7424843
218.2266,Nullreference,0.6608296
218.2377,Nullreference,0.5941393
218.2488,Nullreference,0.4977996
218.26,Nullreference,0.4213028
218.2711,Nullreference,0.3119978
218.2821,Nullreference,0.2173724
218.2933,Nullreference,0.1290072
218.3044,Nullreference,0.02453296
218.3154,Nullreference,0.05725923
218.3265,Nullreference,0.1519358
218.3377,Nullreference,0.2299527
218.3487,Nullreference,0.3225477
218.36,Nullreference,0.4136194
218.371,Nullreference,0.496578
218.382,Nullreference,0.5848427
218.3932,Nullreference,0.6682628
218.4045,Nullreference,0.7523488
218.4155,Nullreference,0.8230757
218.4266,Nullreference,0.8795787
218.4379,Nullreference,0.9428012
218.4489,Nullreference,0.9849357
218.4604,Collider_Roger_Body,1.037853
218.4711,Collider_Roger_Body,1.067389
218.4823,Collider_Roger_Body,1.109455
218.4932,Collider_Roger_Body,1.13578
218.5045,Collider_Roger_Body,1.159751
218.5161,Collider_Roger_Body,1.189834
218.5266,Collider_Roger_Body,1.210468
218.5377,Collider_Roger_Body,1.233094
218.5489,Collider_Roger_Body,1.25172
218.5602,Collider_Roger_Body,1.259848
218.5712,Collider_Roger_Body,1.272262
218.5823,Collider_Roger_Body,1.2712
218.5933,Collider_Roger_Body,1.268865
218.6044,Collider_Roger_Body,1.271672
218.6155,Collider_Roger_Body,1.271007
218.6267,Collider_Roger_Body,1.270662
218.638,Collider_Roger_Body,1.268922
218.6489,Collider_Roger_Body,1.273628
218.6601,Collider_Roger_Body,1.275765
218.6711,Collider_Roger_Body,1.280793
218.6822,Collider_Roger_Body,1.294976
218.6933,Collider_Roger_Body,1.300475
218.7045,Collider_Roger_Body,1.311364
218.7157,Collider_Roger_Body,1.325294
218.7267,Collider_Roger_Body,1.344394
218.7377,Collider_Roger_Body,1.355809
218.7491,Collider_Roger_Body,1.375468
218.76,Collider_Roger_Body,1.399975
218.771,Collider_Roger_Body,1.434307
218.7834,Nullreference,1.483232
218.7941,Nullreference,1.536962
218.8051,Nullreference,1.603961
218.8163,Nullreference,1.67304
218.8279,Nullreference,1.73725
218.8386,Nullreference,1.813095
218.8496,Nullreference,1.887493
218.8609,Nullreference,1.969649
218.8717,Nullreference,2.049474
218.883,Nullreference,2.126902
218.8942,Nullreference,2.196247
218.9052,Nullreference,2.252063
218.9163,Nullreference,2.319464
218.9275,Nullreference,2.374643
218.9385,Nullreference,2.451131
218.9496,Nullreference,2.515846
218.9609,Nullreference,2.587819
218.9717,Nullreference,2.642568
218.983,Nullreference,2.681098
218.994,Nullreference,2.721255
219.0057,Nullreference,2.754847
219.0161,Nullreference,2.78165
219.0272,Nullreference,2.79386
219.0386,Nullreference,2.797813
219.0495,Nullreference,2.790335
219.0608,Nullreference,2.772759
219.0717,Nullreference,2.732858
219.0833,Nullreference,2.674015
219.0938,Nullreference,2.565478
219.1049,Nullreference,2.397871
219.116,Nullreference,2.209583
219.1272,Nullreference,1.935628
219.1383,Nullreference,1.680781
219.1495,Nullreference,1.346784
219.1608,Nullreference,1.04972
219.1715,Nullreference,0.6837574
219.1829,Nullreference,0.3644646
219.1936,Nullreference,0.2242779
219.2049,Nullreference,0.3495389
219.216,Nullreference,0.5526971
219.2273,Nullreference,0.7441298
219.2382,Nullreference,0.967168
219.2493,Nullreference,1.141626
219.2604,Nullreference,1.324713
219.2715,Nullreference,1.459434
219.2825,Nullreference,1.574892
219.2937,Nullreference,1.698062
219.3049,Nullreference,1.806417
219.316,Nullreference,1.918444
219.3272,Nullreference,1.984685
219.3381,Collider_Hypoli_Body,2.022262
219.3493,Collider_Hypoli_Body,2.0297
219.3605,Collider_Hypoli_Body,2.018693
219.3715,Collider_Hypoli_Body,2.014593
219.3827,Collider_Hypoli_Body,2.011364
219.3938,Collider_Hypoli_Body,2.0117
219.405,Collider_Hypoli_Body,1.991054
219.416,Collider_Hypoli_Body,1.937379
219.4271,Collider_Hypoli_Body,1.860443
219.4381,Collider_Hypoli_Body,1.781817
219.4495,Collider_Hypoli_Body,1.7012
219.4605,Collider_Hypoli_Body,1.641244
219.4718,Collider_Hypoli_Body,1.583923
219.4826,Collider_Hypoli_Body,1.529024
219.4938,Collider_Hypoli_Body,1.478381
219.5047,Collider_Hypoli_Body,1.40416
219.5158,Collider_Hypoli_Body,1.324826
219.527,Collider_Hypoli_Body,1.250322
219.5381,Collider_Hypoli_Body,1.159711
219.5491,Collider_Hypoli_Body,1.091155
219.5603,Collider_Hypoli_Body,1.023468
219.5714,Collider_Hypoli_Body,0.9746166
219.5832,Collider_Hypoli_Body,0.9221341
219.5936,Collider_Hypoli_Body,0.8721285
219.6047,Collider_Hypoli_Body,0.832265
219.616,Collider_Hypoli_Body,0.7830197
219.6271,Collider_Hypoli_Body,0.7392045
219.6389,Collider_Hypoli_Body,0.706191
219.6492,Collider_Hypoli_Body,0.6641198
219.6603,Collider_Hypoli_Body,0.6291423
219.6715,Collider_Hypoli_Body,0.5844937
219.6831,Collider_Hypoli_Body,0.5478859
219.694,Collider_Hypoli_Body,0.5023578
219.7048,Collider_Hypoli_Body,0.4594391
219.7158,Collider_Hypoli_Body,0.4191981
219.727,Collider_Hypoli_Body,0.3903241
219.738,Collider_Hypoli_Body,0.3563299
219.7492,Collider_Hypoli_Body,0.3329536
219.7606,Collider_Hypoli_Body,0.309343
219.7714,Collider_Hypoli_Body,0.2998948
219.7825,Collider_Hypoli_Body,0.2840547
219.7935,Collider_Hypoli_Body,0.2649635
219.8048,Collider_Hypoli_Body,0.2504127
219.8157,Collider_Hypoli_Body,0.2341238
219.8269,Collider_Hypoli_Body,0.2207838
219.8381,Collider_Hypoli_Body,0.2090838
219.8492,Collider_Hypoli_Body,0.1981189
219.8604,Collider_Hypoli_Body,0.1849381
219.8714,Collider_Hypoli_Body,0.1779792
219.8824,Collider_Hypoli_Body,0.1617709
219.8935,Collider_Hypoli_Body,0.1531899
219.9046,Collider_Hypoli_Body,0.1472591
219.9157,Collider_Hypoli_Body,0.1369738
219.9268,Collider_Hypoli_Body,0.1538583
219.9383,Collider_Hypoli_Body,0.1793167
219.949,Collider_Hypoli_Body,0.1986508
219.9606,Collider_Hypoli_Body,0.2107018
219.9713,Collider_Hypoli_Body,0.2065672
219.9823,Collider_Hypoli_Body,0.2094334
219.9935,Collider_Hypoli_Body,0.2002869
220.0045,Collider_Hypoli_Body,0.1934732
220.0159,Collider_Hypoli_Body,0.1936452
220.027,Collider_Hypoli_Body,0.1869125
220.0379,Collider_Hypoli_Body,0.1860081
220.049,Collider_Hypoli_Body,0.1867071
220.0601,Collider_Hypoli_Body,0.200309
220.0712,Collider_Hypoli_Body,0.2115957
220.0824,Collider_Hypoli_Body,0.2143862
220.0936,Collider_Hypoli_Body,0.2208307
220.1044,Collider_Hypoli_Body,0.22949
220.1156,Collider_Hypoli_Body,0.2385919
220.1268,Collider_Hypoli_Body,0.2495928
220.1381,Collider_Hypoli_Body,0.2613929
220.149,Collider_Hypoli_Body,0.2717654
220.1601,Collider_Hypoli_Body,0.2899101
220.1713,Collider_Hypoli_Body,0.3027889
220.1824,Collider_Hypoli_Body,0.3084367
220.1937,Collider_Hypoli_Body,0.3123097
220.2045,Collider_Hypoli_Body,0.3090585
220.2157,Collider_Hypoli_Body,0.2964534
220.227,Collider_Hypoli_Body,0.2877628
220.2378,Collider_Hypoli_Body,0.2806934
220.2497,Collider_Hypoli_Body,0.2789462
220.26,Collider_Hypoli_Body,0.2620085
220.2715,Collider_Hypoli_Body,0.25226
220.2823,Collider_Hypoli_Body,0.2450892
220.2936,Collider_Hypoli_Body,0.2376077
220.3044,Collider_Hypoli_Body,0.2335397
220.3155,Collider_Hypoli_Body,0.2235995
220.3267,Collider_Hypoli_Body,0.2164436
220.3379,Collider_Hypoli_Body,0.1899588
220.349,Collider_Hypoli_Body,0.1662021
220.3607,Collider_Hypoli_Body,0.142321
220.3711,Collider_Hypoli_Body,0.1153018
220.3823,Collider_Hypoli_Body,0.1044988
220.3935,Collider_Hypoli_Body,0.1047953
220.4048,Collider_Hypoli_Body,0.1198513
220.4168,Collider_Hypoli_Body,0.1340218
220.4335,Collider_Hypoli_Body,0.1580452
220.4423,Collider_Hypoli_Body,0.1795154
220.4512,Collider_Hypoli_Body,0.1917554
220.4605,Collider_Hypoli_Body,0.200099
220.4689,Collider_Hypoli_Body,0.2077083
220.4774,Collider_Hypoli_Body,0.2152284
220.4884,Collider_Hypoli_Body,0.2249097
220.4993,Collider_Hypoli_Body,0.2354785
220.5105,Collider_Hypoli_Body,0.2523348
220.5215,Collider_Hypoli_Body,0.2635166
220.5326,Collider_Hypoli_Body,0.2801703
220.5437,Collider_Hypoli_Body,0.3018197
220.5549,Collider_Hypoli_Body,0.3187782
220.5661,Collider_Hypoli_Body,0.3253867
220.5771,Collider_Hypoli_Body,0.3268645
220.5882,Collider_Hypoli_Body,0.3178877
220.5994,Collider_Hypoli_Body,0.3071542
220.6105,Collider_Hypoli_Body,0.276533
220.6216,Collider_Hypoli_Body,0.2479806
220.6327,Collider_Hypoli_Body,0.2279849
220.6438,Collider_Hypoli_Body,0.1999819
220.6548,Collider_Hypoli_Body,0.1872429
220.6661,Collider_Hypoli_Body,0.1777815
220.6776,Collider_Hypoli_Body,0.1685704
220.6882,Collider_Hypoli_Body,0.1652741
220.6995,Collider_Hypoli_Body,0.1667106
220.7106,Collider_Hypoli_Body,0.1673701
220.7216,Collider_Hypoli_Body,0.1651729
220.7327,Collider_Hypoli_Body,0.1530446
220.7439,Collider_Hypoli_Body,0.1426527
220.7549,Collider_Hypoli_Body,0.1255831
220.7661,Collider_Hypoli_Body,0.1065696
220.777,Collider_Hypoli_Body,0.08558697
220.7881,Collider_Hypoli_Body,0.08102068
220.7991,Collider_Hypoli_Body,0.0839305
220.8105,Collider_Hypoli_Body,0.09163542
220.8217,Collider_Hypoli_Body,0.09995714
220.8332,Collider_Hypoli_Body,0.1081579
220.8447,Collider_Hypoli_Body,0.1000049
220.8557,Collider_Hypoli_Body,0.09047169
220.8672,Collider_Hypoli_Body,0.09167869
220.8786,Collider_Hypoli_Body,0.09703811
220.89,Collider_Hypoli_Body,0.1166559
220.9015,Collider_Hypoli_Body,0.1251804
220.9128,Collider_Hypoli_Body,0.126147
220.924,Collider_Hypoli_Body,0.1153866
220.9354,Collider_Hypoli_Body,0.09773628
220.9468,Collider_Hypoli_Body,0.08799756
220.958,Collider_Hypoli_Body,0.08399893
220.9693,Collider_Hypoli_Body,0.09486286
220.9807,Collider_Hypoli_Body,0.1130972
220.9923,Collider_Hypoli_Body,0.1372738
221.0034,Collider_Hypoli_Body,0.1593831
221.0151,Collider_Hypoli_Body,0.1793076
221.026,Collider_Hypoli_Body,0.1971329
221.0373,Collider_Hypoli_Body,0.2197592
221.0486,Collider_Hypoli_Body,0.2430717
221.0597,Collider_Hypoli_Body,0.2635259
221.0709,Collider_Hypoli_Body,0.2928635
221.0819,Collider_Hypoli_Body,0.3302371
221.093,Collider_Hypoli_Body,0.3678018
221.1044,Collider_Hypoli_Body,0.4113999
221.1152,Collider_Hypoli_Body,0.4437697
221.1264,Collider_Hypoli_Body,0.4645391
221.1374,Collider_Hypoli_Body,0.4681835
221.1485,Collider_Hypoli_Body,0.4629731
221.1597,Collider_Hypoli_Body,0.4516945
221.1708,Collider_Hypoli_Body,0.440846
221.1819,Collider_Hypoli_Body,0.4222511
221.1931,Collider_Hypoli_Body,0.4070095
221.2041,Collider_Hypoli_Body,0.3934755
221.2152,Collider_Hypoli_Body,0.3867894
221.2264,Collider_Hypoli_Body,0.3870829
221.2374,Collider_Hypoli_Body,0.38173
221.2487,Collider_Hypoli_Body,0.3685685
221.2597,Collider_Hypoli_Body,0.3628963
221.2708,Collider_Hypoli_Body,0.3536428
221.2819,Collider_Hypoli_Body,0.3415255
221.2929,Collider_Hypoli_Body,0.3283283
221.304,Collider_Hypoli_Body,0.3248066
221.3151,Collider_Hypoli_Body,0.3216256
221.3264,Collider_Hypoli_Body,0.3186699
221.3374,Collider_Hypoli_Body,0.3156031
221.3484,Collider_Hypoli_Body,0.2977953
221.3602,Collider_Hypoli_Body,0.2636573
221.3708,Collider_Hypoli_Body,0.2465875
221.3818,Collider_Hypoli_Body,0.2279423
221.3928,Collider_Hypoli_Body,0.1890161
221.4039,Collider_Hypoli_Body,0.1762503
221.4152,Collider_Hypoli_Body,0.2114794
221.4268,Nullreference,0.2784972
221.4378,Nullreference,0.3280894
221.4487,Nullreference,0.3690258
221.4598,Nullreference,0.3834093
221.4706,Nullreference,0.3933911
221.4819,Collider_Hypoli_Body,0.3964736
221.493,Nullreference,0.3877672
221.504,Nullreference,0.369049
221.5151,Collider_Hypoli_Body,0.3394969
221.5262,Collider_Hypoli_Body,0.2961791
221.5373,Collider_Hypoli_Body,0.2708748
221.5483,Collider_Hypoli_Body,0.2524246
221.5598,Collider_Hypoli_Body,0.2569463
221.5707,Collider_Hypoli_Body,0.2809411
221.5816,Collider_Hypoli_Body,0.2902432
221.5931,Collider_Hypoli_Body,0.2828758
221.6041,Collider_Hypoli_Body,0.2586963
221.615,Collider_Hypoli_Body,0.2402598
221.6261,Collider_Hypoli_Body,0.2180213
221.6374,Collider_Hypoli_Body,0.1999593
221.6484,Collider_Hypoli_Body,0.154662
221.6594,Collider_Hypoli_Body,0.1275208
221.6705,Collider_Hypoli_Body,0.129491
221.6818,Collider_Hypoli_Body,0.1514892
221.6927,Collider_Hypoli_Body,0.1606186
221.704,Collider_Hypoli_Body,0.1886562
221.715,Collider_Hypoli_Body,0.2059945
221.726,Collider_Hypoli_Body,0.2140615
221.7372,Collider_Hypoli_Body,0.2107923
221.7482,Collider_Hypoli_Body,0.2061388
221.7596,Collider_Hypoli_Body,0.2132159
221.7706,Collider_Hypoli_Body,0.2191296
221.7817,Collider_Hypoli_Body,0.2266484
221.7927,Collider_Hypoli_Body,0.2225501
221.8039,Collider_Hypoli_Body,0.2164207
221.8149,Collider_Hypoli_Body,0.2044618
221.8265,Collider_Hypoli_Body,0.2032344
221.8371,Collider_Hypoli_Body,0.2074252
221.8481,Collider_Hypoli_Body,0.2213893
221.8595,Collider_Hypoli_Body,0.2373268
221.8705,Collider_Hypoli_Body,0.25176
221.882,Collider_Hypoli_Body,0.2656144
221.8926,Collider_Hypoli_Body,0.2710961
221.9037,Collider_Hypoli_Body,0.2687937
221.9149,Collider_Hypoli_Body,0.2542032
221.926,Collider_Hypoli_Body,0.2398507
221.937,Collider_Hypoli_Body,0.222592
221.9482,Collider_Hypoli_Body,0.2103457
221.9588,Collider_Roger_Body,0.2039295
221.9698,Collider_Roger_Body,0.2075894
221.9812,Collider_Roger_Body,0.2146096
221.992,Collider_Roger_Body,0.2184355
222.0031,Collider_Roger_Body,0.2103538
222.0142,Collider_Roger_Body,0.2053904
222.0255,Collider_Roger_Body,0.2055666
222.0367,Collider_Roger_Body,0.2057386
222.0476,Collider_Roger_Body,0.2030249
222.0586,Collider_Roger_Body,0.1990878
222.0696,Collider_Roger_Body,0.1931849
222.0808,Collider_Roger_Body,0.1974144
222.0919,Collider_Roger_Body,0.2147654
222.103,Collider_Roger_Body,0.2314875
222.114,Collider_Roger_Body,0.2499026
222.1252,Collider_Roger_Body,0.2771715
222.1366,Collider_Roger_Body,0.2899921
222.1474,Collider_Roger_Body,0.284583
222.1586,Collider_Roger_Body,0.2734383
222.1697,Collider_Roger_Body,0.2636691
222.1807,Collider_Roger_Body,0.2615873
222.1918,Collider_Roger_Body,0.2746014
222.2031,Collider_Roger_Body,0.2925339
222.2142,Collider_Roger_Body,0.3173498
222.2251,Collider_Roger_Body,0.3477892
222.2362,Collider_Roger_Body,0.3782002
222.2474,Collider_Roger_Body,0.4112749
222.2585,Collider_Roger_Body,0.4363157
222.2696,Collider_Roger_Body,0.4651409
222.2806,Collider_Roger_Body,0.4803047
222.2918,Collider_Roger_Body,0.4947618
222.3029,Collider_Roger_Body,0.5075425
222.314,Collider_Roger_Body,0.5188817
222.3251,Collider_Roger_Body,0.5274447
222.3361,Collider_Roger_Body,0.5455238
222.3477,Collider_Roger_Body,0.5646381
222.3584,Collider_Roger_Body,0.5818973
222.3698,Collider_Roger_Body,0.6034603
222.3807,Collider_Roger_Body,0.6220694
222.3931,Collider_Roger_Body,0.6426206
222.4031,Collider_Roger_Body,0.659219
222.4142,Collider_Roger_Body,0.6686698
222.425,Collider_Roger_Body,0.6894052
222.4362,Collider_Roger_Body,0.6972783
222.4475,Collider_Roger_Body,0.7066245
222.4583,Collider_Roger_Body,0.7123551
222.4695,Collider_Roger_Body,0.7116323
222.4806,Collider_Roger_Body,0.7126066
222.4917,Collider_Roger_Body,0.7150688
222.5028,Collider_Roger_Body,0.7110549
222.5139,Collider_Roger_Body,0.7093325
222.5251,Collider_Roger_Body,0.709547
222.5362,Collider_Roger_Body,0.7083555
222.5473,Collider_Roger_Body,0.6951865
222.5596,Collider_Roger_Body,0.6759902
222.5696,Collider_Roger_Body,0.6518106
222.5807,Collider_Roger_Body,0.6306451
222.5916,Collider_Roger_Body,0.6036355
222.6028,Collider_Roger_Body,0.579875
222.6138,Collider_Roger_Body,0.5506026
222.6252,Collider_Roger_Body,0.5278503
222.6364,Collider_Roger_Body,0.5079561
222.6472,Collider_Roger_Body,0.4926816
222.6583,Collider_Roger_Body,0.4735894
222.6696,Collider_Roger_Body,0.464671
222.6805,Collider_Roger_Body,0.456584
222.6916,Collider_Roger_Body,0.4361469
222.7027,Collider_Roger_Body,0.4149903
222.7138,Collider_Roger_Body,0.4031947
222.7248,Collider_Roger_Body,0.3874114
222.7359,Collider_Roger_Body,0.3695897
222.7471,Collider_Roger_Body,0.3509755
222.7583,Collider_Roger_Body,0.3333455
222.7697,Collider_Roger_Body,0.3196352
222.7804,Collider_Roger_Body,0.2981865
222.7915,Collider_Roger_Body,0.2898841
222.8029,Collider_Roger_Body,0.2824215
222.8138,Collider_Roger_Body,0.2779191
222.8249,Collider_Roger_Body,0.2787065
222.836,Nullreference,0.2729674
222.8472,Nullreference,0.2700772
222.8584,Nullreference,0.2729556
222.8695,Nullreference,0.2714806
222.8804,Nullreference,0.2756819
222.8916,Nullreference,0.2878104
222.9026,Nullreference,0.3042044
222.9137,Nullreference,0.3266205
222.9248,Nullreference,0.3551365
222.9361,Nullreference,0.3800113
222.947,Nullreference,0.410375
222.9582,Nullreference,0.4313354
222.9694,Nullreference,0.4472987
222.9804,Nullreference,0.4679466
222.9915,Nullreference,0.4808534
223.0025,Nullreference,0.4904483
223.0137,Nullreference,0.4999313
223.025,Nullreference,0.5043468
223.0359,Nullreference,0.503154
223.0471,Nullreference,0.5090587
223.058,Nullreference,0.5121952
223.0693,Nullreference,0.5122026
223.0802,Nullreference,0.5147392
223.0916,Nullreference,0.5106595
223.1025,Nullreference,0.5164245
223.1137,Nullreference,0.5133209
223.1248,Nullreference,0.5155276
223.136,Nullreference,0.5170477
223.1469,Nullreference,0.5160459
223.1581,Nullreference,0.5119383
223.1692,Nullreference,0.51431
223.1804,Nullreference,0.5216084
223.1914,Nullreference,0.5304545
223.2025,Nullreference,0.548638
223.2136,Nullreference,0.5651775
223.2248,Nullreference,0.5774142
223.2358,Nullreference,0.590835
223.2471,Nullreference,0.6024172
223.2579,Nullreference,0.6117217
223.2692,Nullreference,0.616458
223.2803,Nullreference,0.6193334
223.2915,Nullreference,0.6153156
223.3025,Nullreference,0.6154091
223.3136,Nullreference,0.6180971
223.3255,Nullreference,0.6194614
223.3357,Nullreference,0.6283022
223.3468,Nullreference,0.6449647
223.358,Nullreference,0.6805264
223.3691,Nullreference,0.7049677
223.3803,Nullreference,0.7372197
223.3913,Nullreference,0.7578298
223.4024,Nullreference,0.775214
223.4136,Nullreference,0.7945002
223.4248,Nullreference,0.8029715
223.4359,Nullreference,0.8109414
223.4469,Nullreference,0.811119
223.458,Nullreference,0.8096929
223.4692,Nullreference,0.8110749
223.4802,Nullreference,0.8142288
223.4918,Nullreference,0.8175132
223.5025,Nullreference,0.83371
223.5136,Nullreference,0.8504672
223.5247,Nullreference,0.8710937
223.5358,Nullreference,0.8953845
223.547,Nullreference,0.9262489
223.5578,Nullreference,0.9585858
223.5691,Collider_Roger_Body,0.9816919
223.5801,Collider_Roger_Body,0.9929363
223.5913,Nullreference,0.9929781
223.6023,Nullreference,1.011014
223.6135,Nullreference,1.072407
223.6245,Nullreference,1.172903
223.6356,Nullreference,1.271873
223.6469,Nullreference,1.347876
223.6579,Nullreference,1.382241
223.6689,Nullreference,1.393085
223.6802,Nullreference,1.38951
223.6911,Nullreference,1.370269
223.7022,Nullreference,1.337979
223.7138,Nullreference,1.320962
223.7245,Nullreference,1.290577
223.7356,Nullreference,1.270021
223.7467,Nullreference,1.255487
223.7578,Nullreference,1.238108
223.7688,Nullreference,1.230065
223.78,Nullreference,1.227006
223.7912,Nullreference,1.21928
223.8024,Nullreference,1.218474
223.8134,Nullreference,1.227261
223.8245,Nullreference,1.222183
223.8355,Nullreference,1.216735
223.8468,Nullreference,1.230108
223.8577,Nullreference,1.227217
223.8688,Nullreference,1.240417
223.88,Nullreference,1.251314
223.8914,Nullreference,1.279422
223.9023,Nullreference,1.319628
223.9134,Nullreference,1.364828
223.9243,Nullreference,1.395597
223.9357,Nullreference,1.429429
223.9466,Nullreference,1.449583
223.9577,Nullreference,1.454926
223.9687,Nullreference,1.458479
223.9799,Nullreference,1.456413
223.9909,Nullreference,1.454045
224.002,Nullreference,1.449641
224.0136,Nullreference,1.441265
224.0254,Nullreference,1.445828
224.0354,Nullreference,1.462873
224.0466,Nullreference,1.472976
224.0577,Nullreference,1.479092
224.0687,Nullreference,1.485516
224.0799,Nullreference,1.50957
224.0912,Nullreference,1.533102
224.102,Nullreference,1.555155
224.1131,Nullreference,1.575457
224.1243,Nullreference,1.592031
224.1353,Nullreference,1.605379
224.1465,Nullreference,1.609919
224.1582,Nullreference,1.606521
224.1684,Nullreference,1.598336
224.1796,Nullreference,1.584171
224.1908,Nullreference,1.573428
224.2018,Nullreference,1.54692
224.2129,Nullreference,1.534904
224.2239,Nullreference,1.520261
224.2352,Nullreference,1.500048
224.2463,Nullreference,1.483646
224.2573,Nullreference,1.467659
224.2684,Nullreference,1.464468
224.2797,Nullreference,1.464555
224.2907,Nullreference,1.480529
224.3018,Nullreference,1.484943
224.3129,Nullreference,1.494587
224.324,Nullreference,1.492598
224.3351,Nullreference,1.500257
224.3463,Nullreference,1.492608
224.3573,Nullreference,1.481811
224.3686,Nullreference,1.470711
224.3796,Nullreference,1.458558
224.3907,Nullreference,1.445634
224.4018,Nullreference,1.435605
224.4131,Nullreference,1.417131
224.4241,Nullreference,1.407637
224.4353,Nullreference,1.403545
224.4464,Nullreference,1.406694
224.4575,Nullreference,1.40982
224.4686,Nullreference,1.413431
224.4798,Nullreference,1.426896
224.4908,Nullreference,1.429229
224.5019,Nullreference,1.441318
224.5133,Nullreference,1.456458
224.5241,Nullreference,1.468801
224.5354,Nullreference,1.472174
224.5462,Nullreference,1.487125
224.5574,Nullreference,1.500125
224.5685,Nullreference,1.503472
224.5797,Nullreference,1.505743
224.5909,Nullreference,1.50102
224.6019,Nullreference,1.490091
224.6131,Nullreference,1.486344
224.624,Nullreference,1.482654
224.6352,Nullreference,1.475807
224.6463,Nullreference,1.470751
224.6574,Nullreference,1.473846
224.6686,Nullreference,1.470021
224.6797,Nullreference,1.465178
224.691,Collider_Hypoli_Body,1.453373
224.7021,Collider_Hypoli_Body,1.444949
224.7131,Collider_Hypoli_Body,1.423692
224.7243,Collider_Hypoli_Body,1.411435
224.7356,Collider_Hypoli_Body,1.387645
224.7467,Collider_Hypoli_Body,1.367123
224.7577,Collider_Hypoli_Body,1.343055
224.7688,Collider_Hypoli_Body,1.316393
224.7799,Collider_Hypoli_Body,1.292156
224.791,Collider_Hypoli_Body,1.26519
224.8022,Collider_Hypoli_Body,1.245076
224.8134,Collider_Hypoli_Body,1.22858
224.8245,Collider_Hypoli_Body,1.202798
224.8358,Collider_Hypoli_Body,1.183522
224.8466,Collider_Hypoli_Body,1.160008
224.8578,Collider_Hypoli_Body,1.133602
224.8688,Collider_Hypoli_Body,1.106156
224.8799,Collider_Hypoli_Body,1.079067
224.891,Collider_Hypoli_Body,1.046031
224.9021,Collider_Hypoli_Body,1.022126
224.9132,Collider_Hypoli_Body,0.9907836
224.9243,Collider_Hypoli_Body,0.9439986
224.9356,Collider_Hypoli_Body,0.9090428
224.9465,Collider_Hypoli_Body,0.8707217
224.9576,Collider_Hypoli_Body,0.8371541
224.9687,Collider_Hypoli_Body,0.7956486
224.98,Collider_Hypoli_Body,0.7694527
224.991,Collider_Hypoli_Body,0.7488982
225.0021,Collider_Hypoli_Body,0.7381577
225.0133,Collider_Hypoli_Body,0.7385246
225.0244,Collider_Hypoli_Body,0.7362164
225.0355,Collider_Hypoli_Body,0.7433349
225.047,Collider_Hypoli_Body,0.7607296
225.0576,Collider_Hypoli_Body,0.7549301
225.0687,Collider_Hypoli_Body,0.74586
225.08,Collider_Hypoli_Body,0.7359226
225.0911,Collider_Hypoli_Body,0.7332239
225.1021,Collider_Hypoli_Body,0.7351958
225.1132,Collider_Hypoli_Body,0.7404181
225.1246,Collider_Hypoli_Body,0.7406711
225.1355,Collider_Hypoli_Body,0.7452201
225.1466,Collider_Hypoli_Body,0.7436789
225.1576,Collider_Hypoli_Body,0.7156384
225.1687,Collider_Hypoli_Body,0.6542748
225.18,Collider_Hypoli_Body,0.5846738
225.191,Collider_Hypoli_Body,0.4984813
225.202,Collider_Hypoli_Body,0.4265632
225.2133,Collider_Hypoli_Body,0.3692832
225.2254,Collider_Hypoli_Body,0.3441074
225.2357,Collider_Hypoli_Body,0.3351856
225.2477,Collider_Hypoli_Body,0.3358522
225.2577,Collider_Hypoli_Body,0.3382528
225.269,Collider_Hypoli_Body,0.3388511
225.2807,Collider_Hypoli_Body,0.3415666
225.2911,Collider_Hypoli_Body,0.3551101
225.3025,Collider_Hypoli_Body,0.3655679
225.3135,Collider_Hypoli_Body,0.3842789
225.3244,Collider_Hypoli_Body,0.4169159
225.336,Collider_Hypoli_Body,0.4392468
225.3467,Collider_Hypoli_Body,0.4640452
225.3578,Collider_Hypoli_Body,0.4694371
225.3686,Collider_Hypoli_Body,0.4700992
225.3798,Collider_Hypoli_Body,0.4656085
225.391,Collider_Hypoli_Body,0.4652498
225.402,Collider_Hypoli_Body,0.4731075
225.4133,Collider_Hypoli_Body,0.4798947
225.4242,Collider_Hypoli_Body,0.4880557
225.4352,Collider_Hypoli_Body,0.489967
225.4463,Collider_Hypoli_Body,0.4848427
225.4575,Collider_Hypoli_Body,0.4741784
225.4691,Collider_Hypoli_Body,0.4438666
225.4797,Collider_Hypoli_Body,0.4217161
225.4908,Collider_Hypoli_Body,0.3817773
225.5027,Collider_Hypoli_Body,0.3495651
225.5134,Collider_Hypoli_Body,0.3152837
225.5242,Collider_Hypoli_Body,0.2883282
225.5353,Collider_Hypoli_Body,0.2629976
225.5463,Collider_Hypoli_Body,0.2530119
225.5574,Collider_Hypoli_Body,0.2397508
225.5686,Collider_Hypoli_Body,0.2457515
225.5798,Collider_Hypoli_Body,0.256155
225.5907,Collider_Hypoli_Body,0.2794862
225.6018,Collider_Hypoli_Body,0.3075397
225.613,Collider_Hypoli_Body,0.3317387
225.6243,Collider_Hypoli_Body,0.3690622
225.6351,Collider_Hypoli_Body,0.3989886
225.6463,Collider_Hypoli_Body,0.4189185
225.6576,Collider_Hypoli_Body,0.4311248
225.6686,Collider_Hypoli_Body,0.4422789
225.6796,Collider_Hypoli_Body,0.4552352
225.6908,Collider_Hypoli_Body,0.4721825
225.702,Collider_Hypoli_Body,0.493815
225.713,Collider_Hypoli_Body,0.5128534
225.7243,Collider_Hypoli_Body,0.5311971
225.7352,Collider_Hypoli_Body,0.5441037
225.7466,Collider_Hypoli_Body,0.5638883
225.7576,Collider_Hypoli_Body,0.5840341
225.7691,Collider_Hypoli_Body,0.6049641
225.7798,Collider_Hypoli_Body,0.6210089
225.791,Collider_Hypoli_Body,0.6284633
225.8019,Collider_Hypoli_Body,0.6368142
225.8131,Collider_Hypoli_Body,0.6425791
225.8244,Collider_Hypoli_Body,0.6524103
225.8354,Nullreference,0.6570516
225.8465,Nullreference,0.6673905
225.8576,Nullreference,0.6673472
225.8686,Nullreference,0.6704313
225.8798,Nullreference,0.6759534
225.8909,Nullreference,0.678448
225.9021,Nullreference,0.6875032
225.9134,Nullreference,0.6921064
225.9255,Nullreference,0.7031561
225.9357,Nullreference,0.7019431
225.9466,Nullreference,0.7051728
225.9582,Nullreference,0.705868
225.9688,Nullreference,0.7045465
225.9798,Nullreference,0.6954129
225.9909,Nullreference,0.6902958
226.002,Nullreference,0.6775951
226.0132,Nullreference,0.6628583
226.0244,Nullreference,0.655185
226.0355,Nullreference,0.6423267
226.0464,Nullreference,0.6356035
226.0576,Nullreference,0.6253356
226.0687,Nullreference,0.6189824
226.0798,Nullreference,0.6142305
226.0908,Nullreference,0.6053332
226.1019,Nullreference,0.6060473
226.1133,Nullreference,0.6079174
226.1241,Nullreference,0.6045195
226.1353,Nullreference,0.6013696
226.1465,Nullreference,0.5919487
226.1576,Nullreference,0.573178
226.1686,Nullreference,0.546669
226.1796,Nullreference,0.5275123
226.1908,Nullreference,0.5179656
226.2019,Nullreference,0.5084181
226.213,Nullreference,0.5151083
226.2242,Nullreference,0.5296806
226.2355,Nullreference,0.5551332
226.2469,Nullreference,0.5867232
226.2574,Nullreference,0.6109787
226.2688,Nullreference,0.6244491
226.2796,Nullreference,0.6397305
226.2908,Nullreference,0.6415393
226.3019,Nullreference,0.6471232
226.313,Nullreference,0.6433733
226.3243,Nullreference,0.6358003
226.3351,Nullreference,0.6311715
226.3466,Nullreference,0.6256061
226.3573,Nullreference,0.611807
226.3686,Nullreference,0.6014762
226.3796,Nullreference,0.5855913
226.3907,Nullreference,0.5667779
226.4019,Nullreference,0.5362261
226.413,Nullreference,0.5055993
226.4241,Nullreference,0.4721187
226.4352,Nullreference,0.4322392
226.4463,Nullreference,0.3860665
226.4576,Nullreference,0.3390094
226.4684,Nullreference,0.2771814
226.4796,Nullreference,0.222949
226.4914,Nullreference,0.158235
226.5019,Nullreference,0.1015968
226.5128,Nullreference,0.05090801
226.5239,Nullreference,0.07087903
226.5351,Nullreference,0.1305793
226.5461,Nullreference,0.2064004
226.5573,Nullreference,0.2629578
226.5684,Nullreference,0.3204008
226.5795,Nullreference,0.3633631
226.5911,Nullreference,0.4142568
226.6017,Nullreference,0.4794206
226.6129,Nullreference,0.5454602
226.6239,Nullreference,0.6233949
226.6351,Nullreference,0.6834951
226.6461,Nullreference,0.745016
226.6572,Nullreference,0.7952542
226.6684,Nullreference,0.8424317
226.6796,Nullreference,0.8793551
226.6905,Nullreference,0.9188232
226.702,Nullreference,0.9545512
226.713,Nullreference,0.9843925
226.7239,Nullreference,1.013776
226.7349,Collider_Hypoli_Body,1.039126
226.7462,Collider_Hypoli_Body,1.063347
226.7572,Collider_Hypoli_Body,1.080559
226.7682,Collider_Hypoli_Body,1.095835
226.7794,Collider_Hypoli_Body,1.103703
226.791,Collider_Hypoli_Body,1.113292
226.8016,Collider_Hypoli_Body,1.117318
226.8128,Collider_Hypoli_Body,1.121151
226.8238,Collider_Hypoli_Body,1.118333
226.8349,Collider_Hypoli_Body,1.110679
226.846,Collider_Hypoli_Body,1.08597
226.8571,Collider_Hypoli_Body,1.067579
226.8682,Collider_Hypoli_Body,1.042357
226.8794,Collider_Hypoli_Body,1.015021
226.8905,Collider_Hypoli_Body,0.9897482
226.9015,Collider_Hypoli_Body,0.9572307
226.9133,Collider_Hypoli_Body,0.9214539
226.9236,Collider_Hypoli_Body,0.8846747
226.9348,Collider_Hypoli_Body,0.8398562
226.9459,Collider_Hypoli_Body,0.7796948
226.9572,Collider_Hypoli_Body,0.7264447
226.9683,Collider_Hypoli_Body,0.6763662
226.9794,Collider_Hypoli_Body,0.648076
226.9903,Collider_Hypoli_Body,0.6377609
227.0013,Collider_Hypoli_Body,0.6381185
227.0124,Collider_Hypoli_Body,0.6354739
227.0237,Collider_Hypoli_Body,0.6223057
227.0353,Collider_Hypoli_Body,0.6092302
227.0458,Collider_Hypoli_Body,0.5879284
227.0569,Collider_Hypoli_Body,0.5633565
227.0679,Collider_Hypoli_Body,0.542366
227.0798,Collider_Hypoli_Body,0.5134711
227.0901,Collider_Hypoli_Body,0.4898087
227.1013,Collider_Hypoli_Body,0.4747409
227.1123,Collider_Hypoli_Body,0.4491762
227.1234,Collider_Hypoli_Body,0.4333355
227.1344,Collider_Hypoli_Body,0.4166049
227.1455,Collider_Hypoli_Body,0.3964958
227.1569,Collider_Hypoli_Body,0.3794719
227.1679,Collider_Hypoli_Body,0.3661557
227.1789,Collider_Hypoli_Body,0.3395316
227.1901,Collider_Hypoli_Body,0.3257036
227.201,Collider_Hypoli_Body,0.3043765
227.2127,Collider_Hypoli_Body,0.2838808
227.2236,Collider_Hypoli_Body,0.2524016
227.235,Collider_Hypoli_Body,0.2346905
227.2455,Collider_Hypoli_Body,0.2155481
227.2566,Collider_Hypoli_Body,0.2033194
227.2678,Collider_Hypoli_Body,0.1957506
227.2794,Collider_Hypoli_Body,0.1929305
227.29,Collider_Hypoli_Body,0.1926119
227.301,Collider_Hypoli_Body,0.1874534
227.3121,Collider_Hypoli_Body,0.1887133
227.3234,Collider_Hypoli_Body,0.1912932
227.3344,Collider_Hypoli_Body,0.2008611
227.3459,Collider_Hypoli_Body,0.2096662
227.3566,Collider_Hypoli_Body,0.2211679
227.3677,Collider_Hypoli_Body,0.2400156
227.3795,Collider_Hypoli_Body,0.2526394
227.3899,Collider_Hypoli_Body,0.2627844
227.401,Collider_Hypoli_Body,0.2827206
227.4121,Collider_Hypoli_Body,0.2955613
227.4233,Collider_Hypoli_Body,0.3083976
227.4345,Collider_Hypoli_Body,0.3190067
227.4456,Collider_Hypoli_Body,0.3288895
227.4565,Collider_Hypoli_Body,0.3314314
227.4677,Collider_Hypoli_Body,0.3273218
227.4791,Collider_Hypoli_Body,0.3225563
227.4899,Collider_Hypoli_Body,0.3198128
227.5011,Collider_Hypoli_Body,0.3132787
227.5125,Collider_Hypoli_Body,0.301995
227.5232,Collider_Hypoli_Body,0.2958884
227.5342,Collider_Hypoli_Body,0.2838545
227.5454,Collider_Hypoli_Body,0.27716
227.5565,Collider_Hypoli_Body,0.2678542
227.5677,Collider_Hypoli_Body,0.257755
227.5789,Collider_Hypoli_Body,0.2466378
227.5901,Collider_Hypoli_Body,0.2188955
227.6011,Collider_Hypoli_Body,0.2056811
227.612,Collider_Hypoli_Body,0.1871144
227.6233,Collider_Hypoli_Body,0.166697
227.6342,Collider_Hypoli_Body,0.1504662
227.6454,Collider_Hypoli_Body,0.1327816
227.6566,Collider_Hypoli_Body,0.0941245
227.6677,Collider_Hypoli_Body,0.06632797
227.6788,Collider_Hypoli_Body,0.04549774
227.6898,Collider_Hypoli_Body,0.05244464
227.701,Collider_Hypoli_Body,0.06194243
227.712,Collider_Hypoli_Body,0.08448932
227.7231,Collider_Hypoli_Body,0.1087979
227.7342,Collider_Hypoli_Body,0.1269117
227.7452,Collider_Hypoli_Body,0.1423814
227.7565,Collider_Hypoli_Body,0.1614706
227.7675,Collider_Hypoli_Body,0.179631
227.7787,Collider_Hypoli_Body,0.1997245
227.7898,Collider_Hypoli_Body,0.2154147
227.8011,Collider_Hypoli_Body,0.2376279
227.812,Collider_Hypoli_Body,0.2491007
227.823,Collider_Hypoli_Body,0.2580641
227.8341,Collider_Hypoli_Body,0.2568879
227.8455,Collider_Hypoli_Body,0.2577198
227.8566,Collider_Hypoli_Body,0.2591449
227.8675,Collider_Hypoli_Body,0.2588001
227.8788,Collider_Hypoli_Body,0.2603295
227.8896,Collider_Hypoli_Body,0.2563362
227.9009,Collider_Hypoli_Body,0.2496343
227.9119,Collider_Hypoli_Body,0.2395448
227.9232,Collider_Hypoli_Body,0.230222
227.9342,Collider_Hypoli_Body,0.2242087
227.9453,Collider_Hypoli_Body,0.2202251
227.9563,Collider_Hypoli_Body,0.2056634
227.9676,Collider_Hypoli_Body,0.1990823
227.9785,Collider_Hypoli_Body,0.1927102
227.9896,Collider_Hypoli_Body,0.1772902
228.0007,Collider_Hypoli_Body,0.1651616
228.0119,Collider_Hypoli_Body,0.1523167
228.0232,Collider_Hypoli_Body,0.1422074
228.034,Collider_Hypoli_Body,0.1338796
228.0451,Collider_Hypoli_Body,0.1212589
228.0563,Collider_Hypoli_Body,0.1175323
228.0674,Collider_Hypoli_Body,0.1027318
228.0785,Collider_Hypoli_Body,0.09826342
228.0896,Collider_Hypoli_Body,0.08997038
228.101,Collider_Hypoli_Body,0.08691633
228.1118,Collider_Hypoli_Body,0.08267196
228.1229,Collider_Hypoli_Body,0.08035166
228.1339,Collider_Hypoli_Body,0.07632261
228.1451,Collider_Hypoli_Body,0.06494306
228.1564,Collider_Hypoli_Body,0.05464824
228.1674,Collider_Hypoli_Body,0.04679182
228.1787,Collider_Hypoli_Body,0.04422279
228.1896,Collider_Hypoli_Body,0.04540464
228.2006,Collider_Hypoli_Body,0.04753852
228.2118,Collider_Hypoli_Body,0.05935263
228.2229,Collider_Hypoli_Body,0.06641617
228.2339,Collider_Hypoli_Body,0.07849378
228.2451,Collider_Hypoli_Body,0.09121716
228.2563,Collider_Hypoli_Body,0.1043993
228.2673,Collider_Hypoli_Body,0.102634
228.279,Collider_Hypoli_Body,0.1006464
228.2896,Collider_Hypoli_Body,0.09764405
228.3007,Collider_Hypoli_Body,0.09422971
228.3117,Collider_Hypoli_Body,0.08274355
228.3228,Collider_Hypoli_Body,0.06934883
228.3339,Collider_Hypoli_Body,0.05852086
228.3451,Collider_Hypoli_Body,0.04992363
228.3567,Collider_Hypoli_Body,0.04344353
228.3677,Collider_Hypoli_Body,0.03679083
228.3785,Collider_Hypoli_Body,0.03821393
228.3897,Collider_Hypoli_Body,0.04340447
228.4007,Collider_Hypoli_Body,0.03997019
228.4117,Collider_Hypoli_Body,0.03638135
228.4228,Collider_Hypoli_Body,0.03477858
228.434,Collider_Hypoli_Body,0.03160774
228.4451,Collider_Hypoli_Body,0.03602663
228.4561,Collider_Hypoli_Body,0.04423499
228.4672,Collider_Hypoli_Body,0.04851579
228.4783,Collider_Hypoli_Body,0.05620019
228.4894,Collider_Hypoli_Body,0.06499815
228.5006,Collider_Hypoli_Body,0.07487613
228.5121,Collider_Hypoli_Body,0.08243898
228.5231,Collider_Hypoli_Body,0.08638895
228.5341,Collider_Hypoli_Body,0.08551453
228.5451,Collider_Hypoli_Body,0.08741021
228.5562,Collider_Hypoli_Body,0.08188146
228.5672,Collider_Hypoli_Body,0.07853125
228.5783,Collider_Hypoli_Body,0.07133862
228.5896,Collider_Hypoli_Body,0.06004957
228.6007,Collider_Hypoli_Body,0.05555193
228.6116,Collider_Hypoli_Body,0.0458153
228.6227,Collider_Hypoli_Body,0.03890688
228.6338,Collider_Hypoli_Body,0.03428917
228.645,Collider_Hypoli_Body,0.0265893
228.6561,Collider_Hypoli_Body,0.02649192
228.6672,Collider_Hypoli_Body,0.02047125
228.6783,Collider_Hypoli_Body,0.01807465
228.6893,Collider_Hypoli_Body,0.01690902
228.7008,Collider_Hypoli_Body,0.02574281
228.7117,Collider_Hypoli_Body,0.02562177
228.7227,Collider_Hypoli_Body,0.03312492
228.7338,Collider_Hypoli_Body,0.03615031
228.7449,Collider_Hypoli_Body,0.03311208
228.7569,Collider_Hypoli_Body,0.03815854
228.7671,Collider_Hypoli_Body,0.04607959
228.7782,Collider_Hypoli_Body,0.04717549
228.7893,Collider_Hypoli_Body,0.0451535
228.8004,Collider_Hypoli_Body,0.04619509
228.8115,Collider_Hypoli_Body,0.04571842
228.8226,Collider_Hypoli_Body,0.04500585
228.8337,Collider_Hypoli_Body,0.04587661
228.8449,Collider_Hypoli_Body,0.04776913
228.8562,Collider_Hypoli_Body,0.04673848
228.8671,Collider_Hypoli_Body,0.05401665
228.8783,Collider_Hypoli_Body,0.05758701
228.8891,Collider_Hypoli_Body,0.06193487
228.9004,Collider_Hypoli_Body,0.06461563
228.9115,Collider_Hypoli_Body,0.0658079
228.9226,Collider_Hypoli_Body,0.07247631
228.9337,Collider_Hypoli_Body,0.07789042
228.9448,Collider_Hypoli_Body,0.08279383
228.9559,Collider_Hypoli_Body,0.07954776
228.9669,Collider_Hypoli_Body,0.08347895
228.9781,Collider_Hypoli_Body,0.08757947
228.9892,Collider_Hypoli_Body,0.09202477
229.0004,Collider_Hypoli_Body,0.09218094
229.0114,Collider_Hypoli_Body,0.08926429
229.0226,Collider_Hypoli_Body,0.0868783
229.0336,Collider_Hypoli_Body,0.08353684
229.0447,Collider_Hypoli_Body,0.07622635
229.0558,Collider_Hypoli_Body,0.07366041
229.067,Collider_Hypoli_Body,0.06665108
229.0784,Collider_Hypoli_Body,0.05953098
229.0893,Collider_Hypoli_Body,0.04908657
229.1007,Collider_Hypoli_Body,0.04453697
229.1113,Collider_Hypoli_Body,0.0361824
229.1226,Collider_Hypoli_Body,0.03120727
229.1335,Collider_Hypoli_Body,0.02525187
229.1447,Collider_Hypoli_Body,0.03460213
229.1561,Collider_Hypoli_Body,0.02906232
229.1668,Collider_Hypoli_Body,0.02209461
229.1781,Collider_Hypoli_Body,0.008783302
229.1921,Collider_Hypoli_Body,0.01228136
229.2004,Collider_Hypoli_Body,0.01921407
229.2114,Collider_Hypoli_Body,0.02461013
229.2224,Collider_Hypoli_Body,0.02341879
229.2338,Collider_Hypoli_Body,0.02713635
229.2446,Collider_Hypoli_Body,0.0351422
229.2558,Collider_Hypoli_Body,0.04432886
229.2675,Collider_Hypoli_Body,0.04617636
229.278,Collider_Hypoli_Body,0.06066648
229.2891,Collider_Hypoli_Body,0.06720138
229.3001,Collider_Hypoli_Body,0.0760375
229.3112,Collider_Hypoli_Body,0.06537216
229.3224,Collider_Hypoli_Body,0.05492185
229.3335,Collider_Hypoli_Body,0.04359476
229.3446,Collider_Hypoli_Body,0.04563607
229.3558,Collider_Hypoli_Body,0.04962919
229.3668,Collider_Hypoli_Body,0.04273129
229.3779,Collider_Hypoli_Body,0.03822409
229.3891,Collider_Hypoli_Body,0.03709304
229.4002,Collider_Hypoli_Body,0.03781299
229.4112,Collider_Hypoli_Body,0.04036613
229.4227,Collider_Hypoli_Body,0.04637252
229.4335,Collider_Hypoli_Body,0.05425703
229.445,Collider_Hypoli_Body,0.05761084
229.4556,Collider_Hypoli_Body,0.05722814
229.4668,Collider_Hypoli_Body,0.05890571
229.4779,Collider_Hypoli_Body,0.06291976
229.4891,Collider_Hypoli_Body,0.05840255
229.5001,Collider_Hypoli_Body,0.05785978
229.5116,Collider_Hypoli_Body,0.06089712
229.5223,Collider_Hypoli_Body,0.06156629
229.5337,Collider_Hypoli_Body,0.0615009
229.5446,Collider_Hypoli_Body,0.05809762
229.5557,Collider_Hypoli_Body,0.0550006
229.5667,Collider_Hypoli_Body,0.04949578
229.5779,Collider_Hypoli_Body,0.0582294
229.5894,Collider_Hypoli_Body,0.05840052
229.6002,Collider_Hypoli_Body,0.0592734
229.6111,Collider_Hypoli_Body,0.0675169
229.6223,Collider_Hypoli_Body,0.06781353
229.6334,Collider_Hypoli_Body,0.06927843
229.6445,Collider_Hypoli_Body,0.07243323
229.6557,Collider_Hypoli_Body,0.07452799
229.6667,Collider_Hypoli_Body,0.08263016
229.6778,Collider_Hypoli_Body,0.09049853
229.6889,Collider_Hypoli_Body,0.1053468
229.6999,Collider_Hypoli_Body,0.1224138
229.7113,Collider_Hypoli_Body,0.1285636
229.7223,Collider_Hypoli_Body,0.1317296
229.7332,Collider_Hypoli_Body,0.1310792
229.7444,Collider_Hypoli_Body,0.1350138
229.7556,Collider_Hypoli_Body,0.1343574
229.7666,Collider_Hypoli_Body,0.1362781
229.7778,Collider_Hypoli_Body,0.130935
229.7888,Collider_Hypoli_Body,0.120233
229.8,Collider_Hypoli_Body,0.1197775
229.8112,Collider_Hypoli_Body,0.1148794
229.8222,Collider_Hypoli_Body,0.1055143
229.8337,Collider_Hypoli_Body,0.103073
229.8445,Collider_Hypoli_Body,0.09620923
229.8555,Collider_Hypoli_Body,0.09731373
229.8669,Collider_Hypoli_Body,0.0872392
229.8777,Collider_Hypoli_Body,0.07221293
229.8887,Collider_Hypoli_Body,0.05438009
229.9,Collider_Hypoli_Body,0.04845431
229.9111,Collider_Hypoli_Body,0.04252121
229.9222,Collider_Hypoli_Body,0.04162649
229.9335,Collider_Hypoli_Body,0.04748064
229.9446,Collider_Hypoli_Body,0.05193442
229.9556,Collider_Hypoli_Body,0.05173501
229.9667,Collider_Hypoli_Body,0.04463743
229.9777,Collider_Hypoli_Body,0.04284069
229.9888,Collider_Hypoli_Body,0.03778786
229.9999,Collider_Hypoli_Body,0.03390831
230.0109,Collider_Hypoli_Body,0.03692291
230.022,Collider_Hypoli_Body,0.03569252
230.0332,Collider_Hypoli_Body,0.03873926
230.0442,Collider_Hypoli_Body,0.03742447
230.0553,Collider_Hypoli_Body,0.03383581
230.0665,Collider_Hypoli_Body,0.03480129
230.0777,Collider_Hypoli_Body,0.03903566
230.0887,Collider_Hypoli_Body,0.03391089
230.0998,Collider_Hypoli_Body,0.02805971
230.1111,Collider_Hypoli_Body,0.02570824
230.122,Collider_Hypoli_Body,0.02665587
230.1331,Collider_Hypoli_Body,0.0344562
230.1442,Collider_Hypoli_Body,0.0433862
230.1558,Collider_Hypoli_Body,0.0502081
230.1665,Collider_Hypoli_Body,0.05402314
230.1776,Collider_Hypoli_Body,0.06257752
230.1887,Collider_Hypoli_Body,0.06760702
230.1997,Collider_Hypoli_Body,0.067784
230.2109,Collider_Hypoli_Body,0.07269345
230.2221,Collider_Hypoli_Body,0.07348458
230.2338,Collider_Hypoli_Body,0.07127634
230.2441,Collider_Hypoli_Body,0.06952033
230.2553,Collider_Hypoli_Body,0.06754297
230.2665,Collider_Hypoli_Body,0.05947218
230.2776,Collider_Hypoli_Body,0.06175479
230.2886,Collider_Hypoli_Body,0.05624791
230.2996,Collider_Hypoli_Body,0.0570142
230.3108,Collider_Hypoli_Body,0.04950238
230.3219,Collider_Hypoli_Body,0.04475603
230.333,Collider_Hypoli_Body,0.03763532
230.3441,Collider_Hypoli_Body,0.03990998
230.3552,Collider_Hypoli_Body,0.03543279
230.3663,Collider_Hypoli_Body,0.03598735
230.3775,Collider_Hypoli_Body,0.03335518
230.3887,Collider_Hypoli_Body,0.03653489
230.3997,Collider_Hypoli_Body,0.03705962
230.4113,Collider_Hypoli_Body,0.03495508
230.422,Collider_Hypoli_Body,0.03610479
230.4331,Collider_Hypoli_Body,0.03586097
230.4442,Collider_Hypoli_Body,0.02967296
230.4552,Collider_Hypoli_Body,0.02972979
230.4667,Collider_Hypoli_Body,0.02411065
230.4774,Collider_Hypoli_Body,0.02669793
230.4885,Collider_Hypoli_Body,0.02883387
230.4998,Collider_Hypoli_Body,0.01729415
230.5108,Collider_Hypoli_Body,0.01861912
230.5217,Collider_Hypoli_Body,0.0419347
230.5329,Collider_Hypoli_Body,0.06089325
230.5447,Collider_Hypoli_Body,0.07450376
230.5552,Collider_Hypoli_Body,0.0847295
230.5662,Collider_Hypoli_Body,0.07696309
230.5775,Collider_Hypoli_Body,0.06646788
230.5887,Collider_Hypoli_Body,0.05440862
230.5996,Collider_Hypoli_Body,0.04629758
230.6109,Collider_Hypoli_Body,0.04121622
230.6219,Collider_Hypoli_Body,0.04001346
230.6329,Collider_Hypoli_Body,0.04317916
230.644,Collider_Hypoli_Body,0.04742466
230.6552,Collider_Hypoli_Body,0.05192548
230.6662,Collider_Hypoli_Body,0.0542065
230.6774,Collider_Hypoli_Body,0.05484054
230.6891,Collider_Hypoli_Body,0.06131999
230.6998,Collider_Hypoli_Body,0.06030922
230.7109,Collider_Hypoli_Body,0.06060128
230.7218,Collider_Hypoli_Body,0.06299707
230.733,Collider_Hypoli_Body,0.06359334
230.7449,Collider_Hypoli_Body,0.06454598
230.7556,Collider_Hypoli_Body,0.05949749
230.7662,Collider_Hypoli_Body,0.05216435
230.7773,Collider_Hypoli_Body,0.04914057
230.7895,Collider_Hypoli_Body,0.0384215
230.7995,Collider_Hypoli_Body,0.04302805
230.8105,Collider_Hypoli_Body,0.0432303
230.8216,Collider_Hypoli_Body,0.04734045
230.8337,Collider_Hypoli_Body,0.0592015
230.8439,Collider_Hypoli_Body,0.05996858
230.8552,Collider_Hypoli_Body,0.06608499
230.8661,Collider_Hypoli_Body,0.06335624
230.8774,Collider_Hypoli_Body,0.06907754
230.8883,Collider_Hypoli_Body,0.06917011
230.8995,Collider_Hypoli_Body,0.07197814
230.9105,Collider_Hypoli_Body,0.07399838
230.9217,Collider_Hypoli_Body,0.07598528
230.9328,Collider_Hypoli_Body,0.07724755
230.9442,Collider_Hypoli_Body,0.08056443
230.9549,Collider_Hypoli_Body,0.07973762
230.9662,Collider_Hypoli_Body,0.07984452
230.9771,Collider_Hypoli_Body,0.07397963
230.9884,Collider_Hypoli_Body,0.07056619
230.9994,Collider_Hypoli_Body,0.06331734
231.0108,Collider_Hypoli_Body,0.05978161
231.022,Collider_Hypoli_Body,0.06037981
231.033,Collider_Hypoli_Body,0.05800014
231.0438,Collider_Hypoli_Body,0.0610157
231.0558,Collider_Hypoli_Body,0.05831647
231.066,Collider_Hypoli_Body,0.06206742
231.0773,Collider_Hypoli_Body,0.05752453
231.0882,Collider_Hypoli_Body,0.05253034
231.0995,Collider_Hypoli_Body,0.05075899
231.1105,Collider_Hypoli_Body,0.04558333
231.1215,Collider_Hypoli_Body,0.04429124
231.1327,Collider_Hypoli_Body,0.04038414
231.1445,Collider_Hypoli_Body,0.03843307
231.155,Collider_Hypoli_Body,0.0361191
231.1661,Collider_Hypoli_Body,0.03932687
231.1771,Collider_Hypoli_Body,0.03625304
231.1883,Collider_Hypoli_Body,0.03810013
231.1993,Collider_Hypoli_Body,0.03680604
231.2104,Collider_Hypoli_Body,0.04355692
231.2216,Collider_Hypoli_Body,0.04931531
231.2327,Collider_Hypoli_Body,0.0481917
231.2437,Collider_Hypoli_Body,0.04351771
231.2548,Collider_Hypoli_Body,0.03635503
231.2659,Collider_Hypoli_Body,0.03731737
231.277,Collider_Hypoli_Body,0.03672092
231.2882,Collider_Hypoli_Body,0.03683174
231.2992,Collider_Hypoli_Body,0.04155014
231.3104,Collider_Hypoli_Body,0.04368985
231.3216,Collider_Hypoli_Body,0.04530882
231.3326,Collider_Hypoli_Body,0.04349574
231.3438,Collider_Hypoli_Body,0.05065797
231.355,Collider_Hypoli_Body,0.04768529
231.366,Collider_Hypoli_Body,0.04858911
231.3773,Collider_Hypoli_Body,0.04242203
231.388,Collider_Hypoli_Body,0.04198209
231.3992,Collider_Hypoli_Body,0.03990889
231.4103,Collider_Hypoli_Body,0.03622238
231.4214,Collider_Hypoli_Body,0.03832588
231.4331,Collider_Hypoli_Body,0.03910176
231.4436,Collider_Hypoli_Body,0.0407304
231.455,Collider_Hypoli_Body,0.0433314
231.466,Collider_Hypoli_Body,0.04238569
231.477,Collider_Hypoli_Body,0.04664934
231.4881,Collider_Hypoli_Body,0.03764196
231.4992,Collider_Hypoli_Body,0.03392084
231.5102,Collider_Hypoli_Body,0.03079982
231.5215,Collider_Hypoli_Body,0.02990733
231.5324,Collider_Hypoli_Body,0.03559429
231.5436,Collider_Hypoli_Body,0.04035229
231.5547,Collider_Hypoli_Body,0.04286144
231.5658,Collider_Hypoli_Body,0.04316645
231.577,Collider_Hypoli_Body,0.04147466
231.5881,Collider_Hypoli_Body,0.03906351
231.5992,Collider_Hypoli_Body,0.03968757
231.6102,Collider_Hypoli_Body,0.03927962
231.6213,Collider_Hypoli_Body,0.04157172
231.6324,Collider_Hypoli_Body,0.03782984
231.6435,Collider_Hypoli_Body,0.03220578
231.6547,Collider_Hypoli_Body,0.03102809
231.6658,Collider_Hypoli_Body,0.02378275
231.6771,Collider_Hypoli_Body,0.02299657
231.6881,Collider_Hypoli_Body,0.02108133
231.6991,Collider_Hypoli_Body,0.02177634
231.7101,Collider_Hypoli_Body,0.0236897
231.7213,Collider_Hypoli_Body,0.02810973
231.7324,Collider_Hypoli_Body,0.03175693
231.7436,Collider_Hypoli_Body,0.03351051
231.7555,Collider_Hypoli_Body,0.04199256
231.7659,Collider_Hypoli_Body,0.04803636
231.7769,Collider_Hypoli_Body,0.05836181
231.7879,Collider_Hypoli_Body,0.07273403
231.799,Collider_Hypoli_Body,0.07218592
231.8102,Collider_Hypoli_Body,0.08457541
231.8213,Collider_Hypoli_Body,0.09833841
231.8326,Collider_Hypoli_Body,0.1065278
231.8434,Collider_Hypoli_Body,0.1152783
231.8545,Collider_Hypoli_Body,0.1146537
231.8657,Collider_Hypoli_Body,0.1174481
231.8767,Collider_Hypoli_Body,0.1236928
231.8879,Collider_Hypoli_Body,0.1270379
231.8991,Collider_Hypoli_Body,0.1319476
231.9101,Collider_Hypoli_Body,0.1326574
231.9212,Collider_Hypoli_Body,0.1299407
231.933,Collider_Hypoli_Body,0.1342486
231.9437,Collider_Hypoli_Body,0.1319053
231.9545,Collider_Hypoli_Body,0.1343958
231.9657,Collider_Hypoli_Body,0.1312182
231.9768,Collider_Hypoli_Body,0.1299883
231.9879,Collider_Hypoli_Body,0.1211738
231.9989,Collider_Hypoli_Body,0.1246063
232.0101,Collider_Hypoli_Body,0.1096031
232.0212,Collider_Hypoli_Body,0.1092546
232.0322,Collider_Hypoli_Body,0.1104644
232.0434,Collider_Hypoli_Body,0.1076017
232.0546,Collider_Hypoli_Body,0.1033385
232.0655,Collider_Hypoli_Body,0.09854966
232.0767,Collider_Hypoli_Body,0.08820853
232.0878,Collider_Hypoli_Body,0.08174269
232.099,Collider_Hypoli_Body,0.07413957
232.11,Collider_Hypoli_Body,0.07219416
232.1212,Collider_Hypoli_Body,0.07273008
232.1322,Collider_Hypoli_Body,0.06921591
232.1434,Collider_Hypoli_Body,0.05308579
232.1546,Collider_Hypoli_Body,0.04399939
232.1656,Collider_Hypoli_Body,0.0372606
232.1767,Collider_Hypoli_Body,0.03648907
232.1878,Collider_Hypoli_Body,0.02927387
232.1989,Collider_Hypoli_Body,0.04003959
232.21,Collider_Hypoli_Body,0.0444942
232.2213,Collider_Hypoli_Body,0.04959757
232.2322,Collider_Hypoli_Body,0.05217089
232.2435,Collider_Hypoli_Body,0.05119481
232.2544,Collider_Hypoli_Body,0.05425297
232.2656,Collider_Hypoli_Body,0.05596584
232.2767,Collider_Hypoli_Body,0.05767768
232.2877,Collider_Hypoli_Body,0.05614844
232.299,Collider_Hypoli_Body,0.05267988
232.31,Collider_Hypoli_Body,0.04302371
232.3211,Collider_Hypoli_Body,0.03356922
232.3321,Collider_Hypoli_Body,0.02261402
232.3433,Collider_Hypoli_Body,0.01694359
232.3547,Collider_Hypoli_Body,0.02778882
232.3655,Collider_Hypoli_Body,0.03881656
232.3767,Collider_Hypoli_Body,0.04402992
232.3877,Collider_Hypoli_Body,0.04612991
232.3991,Collider_Hypoli_Body,0.04557909
232.4101,Collider_Hypoli_Body,0.04771364
232.4211,Collider_Hypoli_Body,0.05491349
232.4322,Collider_Hypoli_Body,0.05940041
232.444,Collider_Hypoli_Body,0.05649017
232.4545,Collider_Hypoli_Body,0.05152477
232.466,Collider_Hypoli_Body,0.04461046
232.4766,Collider_Hypoli_Body,0.03560095
232.4877,Collider_Hypoli_Body,0.02765669
232.4991,Collider_Hypoli_Body,0.02040457
232.51,Collider_Hypoli_Body,0.01854713
232.5222,Collider_Hypoli_Body,0.0134083
232.5328,Collider_Hypoli_Body,0.01591744
232.5432,Collider_Hypoli_Body,0.02137666
232.5543,Collider_Hypoli_Body,0.03357479
232.5657,Collider_Hypoli_Body,0.03626358
232.5767,Collider_Hypoli_Body,0.03445758
232.5877,Collider_Hypoli_Body,0.02637655
232.5988,Collider_Hypoli_Body,0.02955235
232.6098,Collider_Hypoli_Body,0.02891496
232.6211,Collider_Hypoli_Body,0.03177945
232.632,Collider_Hypoli_Body,0.02186061
232.6432,Collider_Hypoli_Body,0.02025418
232.6543,Collider_Hypoli_Body,0.013872
232.6655,Collider_Hypoli_Body,0.0197092
232.6764,Collider_Hypoli_Body,0.01568836
232.6876,Collider_Hypoli_Body,0.01776129
232.6986,Collider_Hypoli_Body,0.01767398
232.7099,Collider_Hypoli_Body,0.01468592
232.7209,Collider_Hypoli_Body,0.02103988
232.7321,Collider_Hypoli_Body,0.02240351
232.7432,Collider_Hypoli_Body,0.02300661
232.7542,Collider_Hypoli_Body,0.01940146
232.7656,Collider_Hypoli_Body,0.02054167
232.7764,Collider_Hypoli_Body,0.0202056
232.7875,Collider_Hypoli_Body,0.01874536
232.7985,Collider_Hypoli_Body,0.02663859
232.8097,Collider_Hypoli_Body,0.03415314
232.8209,Collider_Hypoli_Body,0.04599214
232.832,Collider_Hypoli_Body,0.05608762
232.843,Collider_Hypoli_Body,0.06812803
232.8542,Collider_Hypoli_Body,0.07978173
232.8653,Collider_Hypoli_Body,0.08341737
232.8764,Collider_Hypoli_Body,0.09181054
232.8878,Collider_Hypoli_Body,0.1086303
232.8987,Collider_Hypoli_Body,0.122685
232.9099,Collider_Hypoli_Body,0.1325786
232.9208,Collider_Hypoli_Body,0.1429173
232.9319,Collider_Hypoli_Body,0.1548249
232.9429,Collider_Hypoli_Body,0.1630961
232.9543,Collider_Hypoli_Body,0.1664591
232.9653,Collider_Hypoli_Body,0.173876
232.9764,Collider_Hypoli_Body,0.1810544
232.9877,Collider_Hypoli_Body,0.2120279
232.9985,Collider_Hypoli_Body,0.2637571
233.0098,Collider_Hypoli_Body,0.3476275
233.0208,Collider_Hypoli_Body,0.4374762
233.0319,Collider_Hypoli_Body,0.4966534
233.0432,Collider_Hypoli_Body,0.5559273
233.0543,Collider_Hypoli_Body,0.5996251
233.0655,Collider_Hypoli_Body,0.6407568
233.0766,Collider_Hypoli_Body,0.6627265
233.0876,Collider_Hypoli_Body,0.679336
233.0988,Collider_Hypoli_Body,0.6816374
233.1099,Collider_Hypoli_Body,0.6763366
233.1212,Collider_Hypoli_Body,0.6628839
233.1321,Collider_Hypoli_Body,0.6368115
233.1439,Collider_Hypoli_Body,0.5996546
233.1543,Collider_Hypoli_Body,0.5512145
233.1654,Collider_Hypoli_Body,0.5037211
233.1767,Collider_Hypoli_Body,0.4476167
233.1877,Collider_Hypoli_Body,0.3778532
233.1986,Collider_Hypoli_Body,0.3145206
233.2098,Collider_Hypoli_Body,0.2566087
233.2208,Collider_Hypoli_Body,0.1864699
233.232,Collider_Hypoli_Body,0.1352201
233.2432,Collider_Hypoli_Body,0.09146439
233.2544,Collider_Hypoli_Body,0.08870149
233.2653,Collider_Hypoli_Body,0.1123024
233.2764,Collider_Hypoli_Body,0.146632
233.2879,Collider_Hypoli_Body,0.1758648
233.2987,Collider_Hypoli_Body,0.2040241
233.3097,Collider_Hypoli_Body,0.2306544
233.3208,Collider_Hypoli_Body,0.2461088
233.3319,Collider_Hypoli_Body,0.2623908
233.3429,Collider_Hypoli_Body,0.2737326
233.3543,Collider_Hypoli_Body,0.2805258
233.3654,Collider_Hypoli_Body,0.2849567
233.3763,Collider_Hypoli_Body,0.2833623
233.3875,Collider_Hypoli_Body,0.2863594
233.3985,Collider_Hypoli_Body,0.287472
233.4096,Collider_Hypoli_Body,0.2867637
233.4209,Collider_Hypoli_Body,0.2909052
233.4319,Collider_Hypoli_Body,0.2939748
233.443,Collider_Hypoli_Body,0.2954379
233.4542,Collider_Hypoli_Body,0.3041097
233.4653,Collider_Hypoli_Body,0.3072284
233.4763,Collider_Hypoli_Body,0.3155412
233.4874,Collider_Hypoli_Body,0.3188945
233.4986,Collider_Hypoli_Body,0.3301027
233.5097,Collider_Hypoli_Body,0.342315
233.5211,Collider_Hypoli_Body,0.3554356
233.5317,Collider_Hypoli_Body,0.3738087
233.543,Collider_Hypoli_Body,0.3875152
233.554,Collider_Hypoli_Body,0.3996358
233.565,Collider_Hypoli_Body,0.4101038
233.5762,Collider_Hypoli_Body,0.4258084
233.5875,Collider_Hypoli_Body,0.4335861
233.5986,Nullreference,0.449646
233.6095,Nullreference,0.4649653
233.6206,Nullreference,0.4860418
233.6316,Nullreference,0.5132421
233.6428,Nullreference,0.5419742
233.6539,Nullreference,0.5659818
233.6649,Nullreference,0.5956109
233.676,Nullreference,0.6288918
233.6872,Nullreference,0.6711162
233.6983,Nullreference,0.7163776
233.7094,Nullreference,0.7952837
233.7207,Nullreference,0.9040801
233.7316,Nullreference,1.005651
233.7429,Nullreference,1.116247
233.7538,Nullreference,1.212851
233.7649,Nullreference,1.289009
233.776,Nullreference,1.372946
233.7871,Nullreference,1.439669
233.7982,Nullreference,1.506536
233.8094,Nullreference,1.544106
233.8204,Nullreference,1.587521
233.8316,Nullreference,1.611025
233.8426,Nullreference,1.635092
233.8537,Nullreference,1.640333
233.8652,Nullreference,1.63824
233.876,Nullreference,1.624442
233.8873,Nullreference,1.585812
233.8983,Nullreference,1.533639
233.91,Nullreference,1.474527
233.9207,Nullreference,1.395825
233.9315,Nullreference,1.331092
233.9434,Nullreference,1.244344
233.9541,Nullreference,1.156332
233.9648,Nullreference,1.08229
233.9767,Nullreference,0.9960408
233.9869,Nullreference,0.9183259
233.9991,Nullreference,0.8291941
234.0093,Nullreference,0.7548571
234.0202,Nullreference,0.6719086
234.0313,Nullreference,0.5883487
234.0424,Nullreference,0.5065023
234.0536,Nullreference,0.4253083
234.0647,Nullreference,0.3648535
234.0759,Nullreference,0.2977648
234.087,Nullreference,0.2393751
234.0981,Nullreference,0.1973113
234.109,Nullreference,0.1628118
234.1202,Nullreference,0.1312919
234.1312,Nullreference,0.1076903
234.1423,Nullreference,0.09892325
234.1536,Nullreference,0.09732521
234.165,Nullreference,0.1001864
234.1756,Nullreference,0.1059351
234.1873,Nullreference,0.1081509
234.198,Nullreference,0.1107535
234.2091,Nullreference,0.1094975
234.2202,Nullreference,0.1056268
234.2312,Nullreference,0.09746177
234.2424,Nullreference,0.08870573
234.2536,Nullreference,0.08024444
234.2645,Nullreference,0.07438831
234.2755,Nullreference,0.0613272
234.2868,Nullreference,0.06240949
234.2981,Nullreference,0.05670269
234.3089,Nullreference,0.05950603
234.3202,Nullreference,0.06092073
234.3311,Nullreference,0.06656699
234.3422,Nullreference,0.07434489
234.3535,Nullreference,0.07888503
234.3649,Nullreference,0.08369339
234.3756,Nullreference,0.08739914
234.387,Nullreference,0.09224154
234.3981,Nullreference,0.09004615
234.4089,Nullreference,0.08922479
234.4199,Nullreference,0.08755854
234.4311,Nullreference,0.07782739
234.443,Nullreference,0.06955706
234.4534,Nullreference,0.05998755
234.4646,Nullreference,0.06487989
234.4755,Nullreference,0.0570448
234.4867,Nullreference,0.05875725
234.4979,Nullreference,0.05959881
234.5089,Nullreference,0.06720783
234.5202,Nullreference,0.07458457
234.5311,Nullreference,0.08202697
234.5422,Nullreference,0.08278424
234.5538,Nullreference,0.08809504
234.5644,Nullreference,0.09486409
234.5755,Nullreference,0.09875371
234.5871,Nullreference,0.105459
234.598,Nullreference,0.1137512
234.6089,Nullreference,0.1237881
234.6199,Nullreference,0.1250867
234.6311,Nullreference,0.1248377
234.6421,Nullreference,0.1254297
234.6532,Nullreference,0.1191843
234.6644,Nullreference,0.1182871
234.6755,Nullreference,0.1129889
234.6867,Nullreference,0.09978702
234.6978,Nullreference,0.09837708
234.7088,Nullreference,0.08821309
234.72,Nullreference,0.08741736
234.731,Nullreference,0.07765783
234.742,Nullreference,0.06997035
234.7532,Nullreference,0.06143478
234.7643,Nullreference,0.05849957
234.7754,Nullreference,0.05368413
234.7872,Nullreference,0.05227202
234.7977,Nullreference,0.04559882
234.8088,Nullreference,0.03966083
234.8199,Nullreference,0.04081501
234.831,Nullreference,0.04952741
234.842,Nullreference,0.05168942
234.8532,Nullreference,0.05794168
234.8644,Nullreference,0.06938309
234.8754,Nullreference,0.07851502
234.8866,Nullreference,0.09140439
234.8978,Nullreference,0.1058118
234.9087,Nullreference,0.1230963
234.9203,Nullreference,0.142219
234.931,Nullreference,0.1606804
234.942,Nullreference,0.1673125
234.9533,Nullreference,0.1826638
234.9643,Nullreference,0.1987345
234.9754,Nullreference,0.2123743
234.9866,Nullreference,0.2193187
234.9977,Nullreference,0.2264254
235.0089,Nullreference,0.2362146
235.0199,Nullreference,0.2413785
235.0311,Nullreference,0.2490177
235.0428,Nullreference,0.252813
235.0533,Nullreference,0.2515536
235.0642,Nullreference,0.2526136
235.0754,Nullreference,0.2502851
235.0865,Nullreference,0.2378675
235.0977,Nullreference,0.2336466
235.1089,Nullreference,0.2227037
235.1198,Nullreference,0.2123256
235.131,Nullreference,0.2020214
235.142,Nullreference,0.1852588
235.1532,Nullreference,0.1763221
235.1642,Nullreference,0.1610285
235.1757,Nullreference,0.1499147
235.1866,Nullreference,0.1401124
235.1975,Nullreference,0.129868
235.2087,Nullreference,0.1238036
235.2197,Nullreference,0.1175812
235.2312,Nullreference,0.1119867
235.2427,Nullreference,0.1077388
235.2538,Nullreference,0.1051605
235.2652,Nullreference,0.1072317
235.2753,Nullreference,0.102305
235.2867,Nullreference,0.1002659
235.2974,Nullreference,0.09376314
235.3086,Nullreference,0.0897855
235.3206,Nullreference,0.08746716
235.3319,Nullreference,0.08439613
235.342,Nullreference,0.07262685
235.3532,Nullreference,0.06218132
235.3642,Nullreference,0.05318567
235.3754,Nullreference,0.04529591
235.3866,Nullreference,0.03948433
235.3976,Nullreference,0.0353454
235.4087,Nullreference,0.04121319
235.4198,Nullreference,0.03807327
235.4308,Nullreference,0.03593919
235.4419,Nullreference,0.03356549
235.4531,Nullreference,0.03380561
235.4653,Nullreference,0.03521194
235.4752,Nullreference,0.03603865
235.4864,Nullreference,0.04269994
235.4974,Nullreference,0.04801574
235.5085,Collider_Hypoli_Body,0.04655715
235.5195,Nullreference,0.05154447
235.5309,Nullreference,0.0553489
235.5419,Nullreference,0.05509996
235.5529,Nullreference,0.06150925
235.5642,Nullreference,0.06623959
235.5752,Collider_Hypoli_Body,0.07132749
235.5864,Collider_Hypoli_Body,0.06779201
235.5975,Collider_Hypoli_Body,0.07511374
235.6085,Collider_Hypoli_Body,0.07756063
235.6196,Collider_Hypoli_Body,0.08060254
235.6306,Collider_Hypoli_Body,0.08098096
235.6418,Collider_Hypoli_Body,0.08398329
235.6533,Collider_Hypoli_Body,0.08681913
235.664,Collider_Hypoli_Body,0.08663749
235.675,Collider_Hypoli_Body,0.08411538
235.6862,Collider_Hypoli_Body,0.08856044
235.6973,Collider_Hypoli_Body,0.08805098
235.7084,Collider_Hypoli_Body,0.08398389
235.7195,Collider_Hypoli_Body,0.09007277
235.7306,Collider_Hypoli_Body,0.08786885
235.7418,Collider_Hypoli_Body,0.08755833
235.753,Collider_Hypoli_Body,0.08516564
235.7641,Collider_Hypoli_Body,0.07796511
235.7753,Collider_Hypoli_Body,0.07348946
235.7867,Collider_Hypoli_Body,0.06498406
235.7974,Collider_Hypoli_Body,0.06081831
235.8083,Collider_Hypoli_Body,0.05121867
235.8196,Collider_Hypoli_Body,0.0473551
235.8307,Collider_Hypoli_Body,0.04679044
235.842,Collider_Hypoli_Body,0.04371979
235.853,Collider_Hypoli_Body,0.04831841
235.864,Collider_Hypoli_Body,0.04669259
235.8751,Collider_Hypoli_Body,0.04955887
235.8862,Collider_Hypoli_Body,0.04492707
235.8973,Collider_Hypoli_Body,0.03836161
235.9083,Collider_Hypoli_Body,0.03418192
235.9195,Collider_Hypoli_Body,0.03004228
235.9309,Collider_Hypoli_Body,0.02792955
235.9417,Collider_Hypoli_Body,0.02594665
235.9529,Collider_Hypoli_Body,0.02440149
235.9641,Collider_Hypoli_Body,0.02537131
235.9756,Collider_Hypoli_Body,0.02280654
235.9861,Collider_Hypoli_Body,0.02522907
235.9971,Collider_Hypoli_Body,0.02086297
236.0084,Collider_Hypoli_Body,0.02518908
236.0194,Collider_Hypoli_Body,0.02649351
236.0305,Collider_Hypoli_Body,0.03040776
236.0417,Collider_Hypoli_Body,0.03038657
236.0529,Collider_Hypoli_Body,0.03505899
236.0638,Collider_Hypoli_Body,0.03510758
236.0749,Collider_Hypoli_Body,0.03869558
236.0863,Collider_Hypoli_Body,0.03938948
236.0972,Collider_Hypoli_Body,0.05018302
236.1084,Collider_Hypoli_Body,0.04697204
236.1194,Collider_Hypoli_Body,0.04362686
236.1308,Collider_Hypoli_Body,0.03561344
236.1415,Collider_Hypoli_Body,0.02794336
236.1528,Collider_Hypoli_Body,0.02613431
236.1639,Collider_Hypoli_Body,0.02134713
236.1749,Collider_Hypoli_Body,0.02294183
236.1862,Collider_Hypoli_Body,0.01970064
236.1971,Collider_Hypoli_Body,0.01956839
236.2083,Collider_Hypoli_Body,0.01750834
236.2196,Collider_Hypoli_Body,0.01446796
236.2303,Collider_Hypoli_Body,0.01752639
236.242,Collider_Hypoli_Body,0.0123525
236.2526,Collider_Hypoli_Body,0.01385085
236.2637,Collider_Hypoli_Body,0.01636519
236.2748,Collider_Hypoli_Body,0.02366366
236.286,Collider_Hypoli_Body,0.02208178
236.2972,Collider_Hypoli_Body,0.02055747
236.3082,Collider_Hypoli_Body,0.0214331
236.3194,Collider_Hypoli_Body,0.02160061
236.3304,Collider_Hypoli_Body,0.02326439
236.3415,Collider_Hypoli_Body,0.02058782
236.3527,Collider_Hypoli_Body,0.01678502
236.3636,Collider_Hypoli_Body,0.01861868
236.3748,Collider_Hypoli_Body,0.01389968
236.386,Collider_Hypoli_Body,0.02035411
236.3971,Collider_Hypoli_Body,0.01773858
236.408,Collider_Hypoli_Body,0.01629343
236.4194,Collider_Hypoli_Body,0.01733086
236.4305,Collider_Hypoli_Body,0.01911628
236.4414,Collider_Hypoli_Body,0.0240781
236.4525,Collider_Hypoli_Body,0.02572189
236.4639,Collider_Hypoli_Body,0.03425592
236.4748,Collider_Hypoli_Body,0.03582642
236.4861,Collider_Hypoli_Body,0.03611722
236.497,Collider_Hypoli_Body,0.03954993
236.508,Collider_Hypoli_Body,0.04505955
236.5191,Collider_Hypoli_Body,0.04763724
236.5303,Collider_Hypoli_Body,0.04972576
236.5418,Collider_Hypoli_Body,0.04940118
236.5525,Collider_Hypoli_Body,0.05648986
236.5636,Collider_Hypoli_Body,0.05617797
236.5746,Collider_Hypoli_Body,0.05753941
236.5858,Collider_Hypoli_Body,0.05652389
236.597,Collider_Hypoli_Body,0.05838731
236.6079,Collider_Hypoli_Body,0.05623019
236.6191,Collider_Hypoli_Body,0.05461726
236.6308,Collider_Hypoli_Body,0.05442302
236.6419,Collider_Hypoli_Body,0.05537383
236.6526,Collider_Hypoli_Body,0.05589037
236.6635,Collider_Hypoli_Body,0.05816633
236.6747,Collider_Hypoli_Body,0.06092567
236.6858,Collider_Hypoli_Body,0.05344576
236.6969,Collider_Hypoli_Body,0.05696249
236.7081,Collider_Hypoli_Body,0.05631354
236.7192,Collider_Hypoli_Body,0.05784712
236.7304,Collider_Hypoli_Body,0.06255738
236.7413,Collider_Hypoli_Body,0.06341228
236.7527,Collider_Hypoli_Body,0.06386821
236.7635,Collider_Hypoli_Body,0.06056825
236.7746,Collider_Hypoli_Body,0.05578304
236.7858,Collider_Hypoli_Body,0.04860681
236.7968,Collider_Hypoli_Body,0.04654966
236.8085,Collider_Hypoli_Body,0.04738668
236.8192,Collider_Hypoli_Body,0.04619917
236.8309,Collider_Hypoli_Body,0.03964005
236.8412,Collider_Hypoli_Body,0.03530422
236.8526,Collider_Hypoli_Body,0.03435913
236.8639,Collider_Hypoli_Body,0.03568608
236.875,Collider_Hypoli_Body,0.0278894
236.8869,Collider_Hypoli_Body,0.0317965
236.8971,Collider_Hypoli_Body,0.03155854
236.9079,Collider_Hypoli_Body,0.02585506
236.9191,Collider_Hypoli_Body,0.02254175
236.9301,Collider_Hypoli_Body,0.02896488
236.9412,Collider_Hypoli_Body,0.03741971
236.9526,Collider_Hypoli_Body,0.03832253
236.9635,Collider_Hypoli_Body,0.03847491
236.9748,Collider_Hypoli_Body,0.03688938
236.9858,Collider_Hypoli_Body,0.03051972
236.9967,Collider_Hypoli_Body,0.0315853
237.0079,Collider_Hypoli_Body,0.02587752
237.0193,Collider_Hypoli_Body,0.02366517
237.0301,Collider_Hypoli_Body,0.02186398
237.0414,Collider_Hypoli_Body,0.02150439
237.0528,Collider_Hypoli_Body,0.02356216
237.0639,Collider_Hypoli_Body,0.03067326
237.0744,Collider_Hypoli_Body,0.03790624
237.0857,Collider_Hypoli_Body,0.04399815
237.0967,Collider_Hypoli_Body,0.04908792
237.1078,Collider_Hypoli_Body,0.04870259
237.1197,Collider_Hypoli_Body,0.05228427
237.1301,Collider_Hypoli_Body,0.05178277
237.1412,Collider_Hypoli_Body,0.05492553
237.1525,Collider_Hypoli_Body,0.05428562
237.1635,Collider_Hypoli_Body,0.05686691
237.1745,Collider_Hypoli_Body,0.05254826
237.1862,Collider_Hypoli_Body,0.05380758
237.1967,Collider_Hypoli_Body,0.05452847
237.2078,Collider_Hypoli_Body,0.05844804
237.219,Collider_Hypoli_Body,0.05314494
237.23,Collider_Hypoli_Body,0.0575223
237.2412,Collider_Hypoli_Body,0.05655905
237.2524,Collider_Hypoli_Body,0.05752311
237.2635,Collider_Hypoli_Body,0.05613731
237.2744,Collider_Hypoli_Body,0.05616656
237.2861,Collider_Hypoli_Body,0.05088798
237.2966,Collider_Hypoli_Body,0.05387701
237.3077,Collider_Hypoli_Body,0.0501902
237.3189,Collider_Hypoli_Body,0.05136655
237.3299,Collider_Hypoli_Body,0.04462409
237.3412,Collider_Hypoli_Body,0.0489798
237.3522,Collider_Hypoli_Body,0.05656628
237.3633,Collider_Hypoli_Body,0.06051367
237.3744,Collider_Hypoli_Body,0.05744081
237.3857,Collider_Hypoli_Body,0.05968167
237.3966,Collider_Hypoli_Body,0.05297796
237.4078,Collider_Hypoli_Body,0.04954974
237.4188,Collider_Hypoli_Body,0.04745169
237.4299,Collider_Hypoli_Body,0.04658822
237.441,Collider_Hypoli_Body,0.04746116
237.4523,Collider_Hypoli_Body,0.04282396
237.4633,Collider_Hypoli_Body,0.04252209
237.4744,Collider_Hypoli_Body,0.03905065
237.4856,Collider_Hypoli_Body,0.03918617
237.4967,Collider_Hypoli_Body,0.04487935
237.5077,Collider_Hypoli_Body,0.04531602
237.5188,Collider_Hypoli_Body,0.04662349
237.5309,Collider_Hypoli_Body,0.05340744
237.541,Collider_Hypoli_Body,0.05788276
237.5522,Collider_Hypoli_Body,0.06360009
237.5632,Collider_Hypoli_Body,0.0660481
237.5745,Collider_Hypoli_Body,0.06997025
237.5855,Collider_Hypoli_Body,0.06748739
237.5966,Collider_Hypoli_Body,0.06363402
237.6078,Collider_Hypoli_Body,0.05936434
237.6188,Collider_Hypoli_Body,0.06274777
237.6299,Collider_Hypoli_Body,0.0680064
237.6409,Collider_Hypoli_Body,0.06811952
237.6521,Collider_Hypoli_Body,0.0717091
237.6632,Collider_Hypoli_Body,0.07303081
237.6742,Collider_Hypoli_Body,0.08253089
237.6859,Nullreference,0.0831621
237.6969,Nullreference,0.07962714
237.7083,Nullreference,0.074811
237.7191,Nullreference,0.07968605
237.7303,Nullreference,0.08624468
237.7415,Nullreference,0.09059552
237.7523,Nullreference,0.09998006
237.7636,Nullreference,0.1026511
237.7745,Nullreference,0.1070051
237.7859,Nullreference,0.1057082
237.7969,Nullreference,0.1049835
237.8078,Nullreference,0.1001268
237.8198,Nullreference,0.1027316
237.8302,Nullreference,0.1010493
237.8411,Nullreference,0.09498417
237.8524,Nullreference,0.09207248
237.8635,Nullreference,0.08701991
237.8746,Nullreference,0.07975974
237.8857,Nullreference,0.08035603
237.8967,Nullreference,0.07322463
237.908,Nullreference,0.06553494
237.9191,Nullreference,0.05617377
237.9299,Nullreference,0.04776344
237.9411,Nullreference,0.0340653
237.9522,Nullreference,0.03174926
237.9636,Nullreference,0.02503848
237.9744,Nullreference,0.0141227
237.986,Nullreference,0.008420359
237.9968,Nullreference,0.008268991
238.008,Nullreference,0.01438951
238.019,Nullreference,0.02413693
238.0302,Collider_Hypoli_Body,0.02318434
238.0411,Collider_Hypoli_Body,0.03160669
238.0524,Collider_Hypoli_Body,0.03925641
238.0633,Collider_Hypoli_Body,0.05129526
238.0749,Collider_Hypoli_Body,0.05976575
238.0863,Collider_Hypoli_Body,0.05867412
238.0966,Collider_Hypoli_Body,0.05160369
238.1081,Collider_Hypoli_Body,0.05416854
238.1188,Collider_Hypoli_Body,0.05134538
238.1301,Collider_Hypoli_Body,0.04974225
238.1411,Collider_Hypoli_Body,0.04903786
238.1523,Collider_Hypoli_Body,0.05315284
238.1635,Collider_Hypoli_Body,0.05575141
238.1744,Collider_Hypoli_Body,0.05553423
238.1859,Collider_Hypoli_Body,0.05876203
238.1967,Collider_Hypoli_Body,0.05546558
238.2078,Collider_Hypoli_Body,0.0543633
238.2191,Collider_Hypoli_Body,0.04940213
238.2299,Collider_Hypoli_Body,0.04858732
238.2412,Collider_Hypoli_Body,0.04322483
238.2521,Collider_Hypoli_Body,0.03990442
238.2635,Collider_Hypoli_Body,0.03536441
238.2744,Collider_Hypoli_Body,0.03533364
238.2856,Collider_Hypoli_Body,0.03405179
238.2966,Collider_Hypoli_Body,0.03481256
238.308,Collider_Hypoli_Body,0.0361491
238.3194,Collider_Hypoli_Body,0.04244756
238.3298,Collider_Hypoli_Body,0.04706519
238.341,Collider_Hypoli_Body,0.03800723
238.3523,Collider_Hypoli_Body,0.03601156
238.3632,Collider_Hypoli_Body,0.03312506
238.3743,Collider_Hypoli_Body,0.02472897
238.3882,Collider_Hypoli_Body,0.019053
238.3964,Collider_Hypoli_Body,0.01209304
238.4076,Collider_Hypoli_Body,0.01351758
238.4187,Collider_Hypoli_Body,0.01735758
238.4298,Collider_Hypoli_Body,0.03065133
238.4409,Collider_Hypoli_Body,0.04378305
238.452,Collider_Hypoli_Body,0.05121542
238.4632,Collider_Hypoli_Body,0.06071985
238.4744,Collider_Hypoli_Body,0.06867112
238.486,Collider_Hypoli_Body,0.07766209
238.4977,Collider_Hypoli_Body,0.07710465
238.5078,Collider_Hypoli_Body,0.07744335
238.5192,Collider_Hypoli_Body,0.07647584
238.5299,Collider_Hypoli_Body,0.07115252
238.5408,Collider_Hypoli_Body,0.06340386
238.5525,Collider_Hypoli_Body,0.06114138
238.563,Collider_Hypoli_Body,0.05161005
238.5743,Collider_Hypoli_Body,0.0490367
238.586,Collider_Hypoli_Body,0.0432328
238.5968,Collider_Hypoli_Body,0.03247992
238.6075,Collider_Hypoli_Body,0.0310491
238.6184,Nullreference,0.03603973
238.6296,Nullreference,0.03707827
238.6405,Nullreference,0.0420514
238.6514,Nullreference,0.03680474
238.6626,Nullreference,0.03168403
238.6737,Nullreference,0.03252047
238.6847,Nullreference,0.03707274
238.6959,Nullreference,0.0365258
238.7069,Nullreference,0.04583846
238.7179,Nullreference,0.05605238
238.7289,Nullreference,0.06090996
238.7408,Nullreference,0.0735669
238.7513,Nullreference,0.08090275
238.7625,Nullreference,0.08587259
238.7733,Nullreference,0.08232916
238.7845,Nullreference,0.08559727
238.7957,Nullreference,0.07722202
238.8067,Nullreference,0.07982157
238.8182,Nullreference,0.08116584
238.8289,Nullreference,0.07750908
238.84,Nullreference,0.07096824
238.8514,Nullreference,0.06126218
238.8624,Nullreference,0.05159745
238.8735,Nullreference,0.05219503
238.8845,Nullreference,0.04902403
238.8958,Nullreference,0.04699904
238.9076,Nullreference,0.04448049
238.9178,Nullreference,0.04418972
238.9289,Nullreference,0.03996187
238.9399,Nullreference,0.04163446
238.951,Nullreference,0.04545679
238.9621,Nullreference,0.04588201
238.9734,Nullreference,0.04285938
238.9845,Nullreference,0.0402009
238.9956,Nullreference,0.03742085
239.0066,Nullreference,0.03528478
239.0177,Collider_Roger_Body,0.0398606
239.0291,Collider_Roger_Body,0.04704076
239.0399,Collider_Roger_Body,0.05234095
239.051,Collider_Roger_Body,0.05752474
239.0621,Collider_Roger_Body,0.05824205
239.0733,Collider_Roger_Body,0.04976182
239.0847,Collider_Roger_Body,0.04187605
239.0962,Collider_Roger_Body,0.02811576
239.1068,Collider_Roger_Body,0.0184709
239.1182,Collider_Roger_Body,0.01678136
239.1294,Collider_Roger_Body,0.01213571
239.14,Collider_Roger_Body,0.01988309
239.151,Collider_Roger_Body,0.02902162
239.162,Collider_Roger_Body,0.03064707
239.1732,Collider_Roger_Body,0.03526029
239.1843,Collider_Roger_Body,0.03646908
239.1953,Collider_Roger_Body,0.03541332
239.2064,Collider_Roger_Body,0.04123105
239.2176,Collider_Roger_Body,0.0341895
239.2289,Collider_Roger_Body,0.04236849
239.2397,Collider_Roger_Body,0.04024008
239.2509,Collider_Roger_Body,0.03742243
239.2621,Collider_Roger_Body,0.03743152
239.273,Collider_Roger_Body,0.03978003
239.2844,Collider_Roger_Body,0.0405963
239.2956,Collider_Roger_Body,0.02976466
239.3065,Collider_Roger_Body,0.03077118
239.3177,Collider_Roger_Body,0.0325884
239.3288,Collider_Roger_Body,0.03797409
239.3397,Collider_Roger_Body,0.04170434
239.3508,Collider_Roger_Body,0.03992907
239.3619,Collider_Roger_Body,0.03760546
239.373,Collider_Roger_Body,0.03443886
239.3842,Collider_Roger_Body,0.04044056
239.3953,Collider_Roger_Body,0.0459109
239.4063,Collider_Roger_Body,0.04819947
239.4175,Collider_Roger_Body,0.04656383
239.4285,Collider_Roger_Body,0.04978985
239.4396,Collider_Roger_Body,0.04807028
239.4509,Collider_Roger_Body,0.0475448
239.4619,Collider_Roger_Body,0.04393458
239.4732,Collider_Roger_Body,0.03600335
239.4843,Collider_Roger_Body,0.03236095
239.4952,Collider_Roger_Body,0.02648631
239.5063,Collider_Roger_Body,0.01904538
239.5176,Collider_Roger_Body,0.02067971
239.5284,Collider_Roger_Body,0.01658363
239.5397,Collider_Roger_Body,0.01990645
239.5508,Collider_Roger_Body,0.02164688
239.5619,Collider_Roger_Body,0.02499706
239.573,Collider_Roger_Body,0.02905463
239.5841,Collider_Roger_Body,0.03757584
239.5951,Collider_Roger_Body,0.04112092
239.6063,Collider_Roger_Body,0.05009655
239.6174,Nullreference,0.05969069
239.6284,Collider_Roger_Body,0.07569598
239.6395,Nullreference,0.09030928
239.6507,Nullreference,0.1155719
239.6618,Nullreference,0.1440543
239.6729,Nullreference,0.1760968
239.6841,Nullreference,0.2026581
239.6956,Nullreference,0.2510085
239.7063,Nullreference,0.2862665
239.7173,Nullreference,0.3209875
239.7286,Nullreference,0.3626063
239.7396,Nullreference,0.3980548
239.7507,Nullreference,0.4361875
239.7619,Nullreference,0.4683344
239.7729,Nullreference,0.5051445
239.7842,Nullreference,0.5320941
239.795,Nullreference,0.5609802
239.8061,Nullreference,0.5794687
239.8173,Nullreference,0.5946508
239.8284,Nullreference,0.6080588
239.8396,Nullreference,0.6142675
239.8508,Nullreference,0.6210799
239.8618,Nullreference,0.6217493
239.8734,Nullreference,0.6176364
239.884,Nullreference,0.6078802
239.8952,Nullreference,0.5972899
239.9061,Nullreference,0.5785542
239.9173,Nullreference,0.5578569
239.9283,Nullreference,0.5333407
239.9394,Nullreference,0.5042822
239.9506,Nullreference,0.4788855
239.9617,Nullreference,0.4459952
239.9728,Nullreference,0.4182119
239.9839,Nullreference,0.3789813
239.995,Nullreference,0.3499334
240.0062,Nullreference,0.3181737
240.0172,Nullreference,0.2836593
240.0283,Nullreference,0.2601051
240.0395,Nullreference,0.2270402
240.0505,Nullreference,0.2041438
240.0616,Nullreference,0.1763274
240.0727,Nullreference,0.1538294
240.0838,Nullreference,0.1370265
240.095,Nullreference,0.1205807
240.106,Nullreference,0.1084869
240.1171,Nullreference,0.09987426
240.1285,Nullreference,0.08380517
240.1393,Nullreference,0.07690681
240.1506,Nullreference,0.07794332
240.1617,Nullreference,0.08168494
240.1726,Nullreference,0.08616409
240.1844,Nullreference,0.0992316
240.1992,Nullreference,0.1153311
240.2067,Nullreference,0.1188164
240.2148,Nullreference,0.1304251
240.226,Nullreference,0.1439454
240.2371,Nullreference,0.1517019
240.2482,Nullreference,0.1574331
240.2593,Nullreference,0.1687544
240.2711,Nullreference,0.1734162
240.2822,Nullreference,0.1804268
240.2932,Nullreference,0.18932
240.3044,Nullreference,0.1899003
240.3154,Collider_Hypoli_Body,0.1980656
240.3273,Collider_Hypoli_Body,0.2052535
240.3379,Collider_Hypoli_Body,0.2094427
240.3487,Collider_Hypoli_Body,0.2145867
240.3599,Collider_Hypoli_Body,0.2210971
240.3712,Collider_Hypoli_Body,0.2259185
240.3824,Collider_Hypoli_Body,0.2211558
240.3932,Collider_Hypoli_Body,0.2270795
240.4042,Collider_Hypoli_Body,0.2344361
240.4154,Collider_Hypoli_Body,0.2449252
240.4266,Collider_Hypoli_Body,0.2553318
240.4378,Collider_Hypoli_Body,0.2737785
240.4493,Collider_Hypoli_Body,0.2868729
240.4598,Collider_Hypoli_Body,0.3069324
240.4711,Collider_Hypoli_Body,0.3250059
240.482,Collider_Hypoli_Body,0.3414818
240.4933,Collider_Hypoli_Body,0.3653371
240.5042,Collider_Hypoli_Body,0.377926
240.5153,Collider_Hypoli_Body,0.3930742
240.5266,Collider_Hypoli_Body,0.409137
240.5376,Collider_Hypoli_Body,0.4201318
240.5497,Collider_Hypoli_Body,0.4297834
240.5604,Collider_Hypoli_Body,0.4365236
240.5714,Collider_Hypoli_Body,0.4351087
240.5826,Collider_Hypoli_Body,0.4245338
240.5938,Collider_Hypoli_Body,0.4129722
240.605,Collider_Hypoli_Body,0.3998938
240.6163,Collider_Hypoli_Body,0.3791447
240.6276,Collider_Hypoli_Body,0.3567282
240.6388,Collider_Hypoli_Body,0.33489
240.65,Collider_Hypoli_Body,0.3097546
240.6617,Collider_Hypoli_Body,0.2769868
240.6725,Collider_Hypoli_Body,0.2496305
240.6842,Collider_Hypoli_Body,0.2250306
240.695,Collider_Hypoli_Body,0.1900227
240.7063,Collider_Hypoli_Body,0.1608654
240.7174,Collider_Hypoli_Body,0.1432803
240.7287,Collider_Hypoli_Body,0.1299178
240.7401,Collider_Hypoli_Body,0.1196163
240.751,Collider_Hypoli_Body,0.1139008
240.7621,Collider_Hypoli_Body,0.1172848
240.7731,Collider_Hypoli_Body,0.1234702
240.7842,Collider_Hypoli_Body,0.1424271
240.7953,Collider_Hypoli_Body,0.1460851
240.807,Collider_Hypoli_Body,0.1395977
240.8176,Collider_Hypoli_Body,0.1300837
240.8287,Collider_Hypoli_Body,0.1302777
240.8399,Collider_Hypoli_Body,0.1396522
240.8508,Collider_Hypoli_Body,0.1398597
240.862,Collider_Hypoli_Body,0.1478815
240.873,Collider_Hypoli_Body,0.1523079
240.8842,Collider_Hypoli_Body,0.1647843
240.8955,Collider_Hypoli_Body,0.1671345
240.9064,Collider_Hypoli_Body,0.1583901
240.9176,Collider_Hypoli_Body,0.1480083
240.9286,Collider_Hypoli_Body,0.1520971
240.9401,Collider_Hypoli_Body,0.154907
240.9515,Collider_Hypoli_Body,0.1649345
240.966,Collider_Hypoli_Body,0.1751774
240.9742,Collider_Hypoli_Body,0.196723
240.9818,Collider_Hypoli_Body,0.2117205
240.9928,Collider_Hypoli_Body,0.2381587
241.0037,Collider_Hypoli_Body,0.2580223
241.0145,Collider_Hypoli_Body,0.2718327
241.0257,Collider_Hypoli_Body,0.2892447
241.0369,Collider_Hypoli_Body,0.300246
241.0479,Collider_Hypoli_Body,0.3104191
241.0591,Collider_Hypoli_Body,0.3174891
241.0701,Collider_Hypoli_Body,0.3264945
241.0811,Collider_Hypoli_Body,0.3377901
241.0923,Collider_Hypoli_Body,0.3475398
241.1033,Collider_Hypoli_Body,0.3549839
241.1146,Collider_Hypoli_Body,0.3601578
241.1258,Collider_Hypoli_Body,0.3626201
241.1366,Collider_Hypoli_Body,0.3602248
241.1478,Collider_Hypoli_Body,0.3616071
241.1589,Collider_Hypoli_Body,0.3596923
241.1701,Collider_Hypoli_Body,0.3553039
241.1811,Collider_Hypoli_Body,0.3470389
241.1922,Collider_Hypoli_Body,0.3387773
241.2034,Collider_Hypoli_Body,0.3277769
241.2144,Collider_Hypoli_Body,0.3116979
241.2257,Collider_Hypoli_Body,0.2955305
241.2367,Collider_Hypoli_Body,0.2801542
241.2478,Collider_Hypoli_Body,0.266784
241.2591,Collider_Hypoli_Body,0.249508
241.2699,Collider_Hypoli_Body,0.2368367
241.2809,Collider_Hypoli_Body,0.2235535
241.2921,Collider_Hypoli_Body,0.2057602
241.3033,Collider_Hypoli_Body,0.1931896
241.3145,Collider_Hypoli_Body,0.1772257
241.3258,Collider_Hypoli_Body,0.1649498
241.337,Collider_Hypoli_Body,0.1461045
241.3481,Collider_Hypoli_Body,0.1251063
241.3596,Collider_Hypoli_Body,0.1112783
241.3711,Collider_Hypoli_Body,0.09399553
241.382,Collider_Hypoli_Body,0.07743724
241.3934,Collider_Hypoli_Body,0.06559531
241.4046,Collider_Hypoli_Body,0.05669814
241.4159,Collider_Hypoli_Body,0.04137706
241.4276,Collider_Hypoli_Body,0.02796066
241.4386,Collider_Hypoli_Body,0.02288317
241.4496,Collider_Hypoli_Body,0.01084537
241.4613,Collider_Hypoli_Body,0.008579495
241.4722,Collider_Hypoli_Body,0.0154979
241.4836,Collider_Hypoli_Body,0.01973612
241.495,Collider_Hypoli_Body,0.02763079
241.5061,Collider_Hypoli_Body,0.02981891
241.5172,Collider_Hypoli_Body,0.02730557
241.5283,Collider_Hypoli_Body,0.02984872
241.5394,Collider_Hypoli_Body,0.03158684
241.5505,Collider_Hypoli_Body,0.03501421
241.5617,Collider_Hypoli_Body,0.0345985
241.5727,Collider_Hypoli_Body,0.03406435
241.5839,Collider_Hypoli_Body,0.02941748
241.5949,Collider_Hypoli_Body,0.02118197
241.606,Collider_Hypoli_Body,0.0216357
241.6172,Collider_Hypoli_Body,0.02463642
241.6283,Collider_Hypoli_Body,0.03142341
241.6393,Collider_Hypoli_Body,0.04067738
241.6504,Collider_Hypoli_Body,0.04110752
241.6616,Collider_Hypoli_Body,0.03940704
241.6727,Collider_Hypoli_Body,0.03481965
241.6837,Collider_Hypoli_Body,0.03007648
241.6948,Collider_Hypoli_Body,0.02697845
241.7059,Collider_Hypoli_Body,0.01774452
241.7171,Collider_Hypoli_Body,0.02057147
241.7281,Collider_Hypoli_Body,0.02447001
241.7393,Collider_Hypoli_Body,0.02577225
241.7505,Collider_Hypoli_Body,0.02244676
241.7616,Collider_Hypoli_Body,0.02548299
241.7726,Collider_Hypoli_Body,0.03000286
241.7838,Collider_Hypoli_Body,0.03390864
241.7947,Collider_Hypoli_Body,0.03671807
241.806,Collider_Hypoli_Body,0.03975753
241.8171,Collider_Hypoli_Body,0.04221195
241.8282,Collider_Hypoli_Body,0.04451846
241.8392,Collider_Hypoli_Body,0.04844609
241.8503,Collider_Hypoli_Body,0.04534984
241.8613,Collider_Hypoli_Body,0.04855521
241.8726,Collider_Hypoli_Body,0.05281237
241.8838,Collider_Hypoli_Body,0.0658332
241.8949,Collider_Hypoli_Body,0.08207017
241.9059,Collider_Hypoli_Body,0.0952476
241.9169,Collider_Hypoli_Body,0.1042597
241.9281,Collider_Hypoli_Body,0.1117582
241.9392,Collider_Hypoli_Body,0.1107722
241.9502,Collider_Hypoli_Body,0.1053099
241.9613,Collider_Hypoli_Body,0.09539028
241.9726,Collider_Hypoli_Body,0.08324499
241.984,Collider_Hypoli_Body,0.07582254
241.9947,Collider_Hypoli_Body,0.07689998
242.0063,Collider_Hypoli_Body,0.07341987
242.0169,Collider_Hypoli_Body,0.0691639
242.0279,Collider_Hypoli_Body,0.06319714
242.0392,Collider_Hypoli_Body,0.0574534
242.0501,Collider_Hypoli_Body,0.05250035
242.0614,Collider_Hypoli_Body,0.05618409
242.0719,Collider_Roger_State_action,0.05663409
242.083,Collider_Roger_State_action,0.05476174
242.0942,Collider_Roger_State_action,0.05607354
242.1051,Collider_Roger_State_action,0.05073125
242.1162,Collider_Roger_State_action,0.04374045
242.1273,Collider_Roger_State_action,0.03893887
242.1396,Collider_Roger_State_action,0.03558863
242.1505,Collider_Roger_State_action,0.03541809
242.1606,Collider_Roger_State_action,0.03951526
242.1721,Collider_Roger_State_action,0.04213022
242.1837,Collider_Roger_State_action,0.04782273
242.1946,Collider_Roger_State_action,0.05334152
242.2051,Collider_Roger_State_action,0.05827536
242.2165,Collider_Roger_State_action,0.05189114
242.2273,Collider_Roger_State_action,0.04402949
242.2383,Collider_Roger_State_action,0.03628184
242.2497,Collider_Roger_State_action,0.03102724
242.2607,Collider_Roger_State_action,0.02741105
242.2716,Collider_Roger_State_action,0.02459448
242.2828,Collider_Roger_State_action,0.0316458
242.2939,Collider_Roger_State_action,0.03748278
242.305,Collider_Roger_State_action,0.03744076
242.3161,Collider_Roger_State_action,0.03988502
242.3273,Collider_Roger_State_action,0.03614005
242.3383,Collider_Roger_State_action,0.04044635
242.3495,Collider_Roger_State_action,0.04552513
242.3606,Collider_Roger_State_action,0.04752668
242.3726,Collider_Roger_State_action,0.04687864
242.3827,Collider_Roger_State_action,0.04909532
242.3938,Collider_Hypoli_Body,0.05191351
242.4049,Collider_Hypoli_Body,0.05504245
242.4161,Collider_Hypoli_Body,0.05080123
242.4271,Collider_Hypoli_Body,0.05536933
242.4382,Collider_Hypoli_Body,0.06127043
242.4493,Collider_Hypoli_Body,0.06886947
242.4606,Collider_Hypoli_Body,0.07511678
242.4716,Collider_Hypoli_Body,0.0876911
242.4835,Collider_Hypoli_Body,0.09493443
242.4939,Collider_Hypoli_Body,0.104464
242.5049,Collider_Hypoli_Body,0.1064478
242.516,Collider_Hypoli_Body,0.1126329
242.5271,Collider_Hypoli_Body,0.1153656
242.5381,Collider_Hypoli_Body,0.1148472
242.5493,Collider_Hypoli_Body,0.1126091
242.5603,Collider_Hypoli_Body,0.114841
242.5715,Collider_Hypoli_Body,0.1098288
242.5827,Collider_Hypoli_Body,0.1115325
242.5938,Collider_Hypoli_Body,0.1051608
242.6049,Collider_Hypoli_Body,0.1007923
242.6159,Collider_Hypoli_Body,0.09863135
242.6269,Collider_Hypoli_Body,0.0936114
242.6382,Collider_Hypoli_Body,0.08805726
242.6492,Collider_Hypoli_Body,0.08083605
242.6605,Collider_Hypoli_Body,0.08047511
242.6716,Collider_Hypoli_Body,0.08161003
242.6828,Collider_Hypoli_Body,0.07893848
242.6937,Collider_Hypoli_Body,0.07341028
242.705,Collider_Hypoli_Body,0.06840166
242.7159,Collider_Hypoli_Body,0.06488912
242.7269,Collider_Hypoli_Body,0.06265718
242.7382,Collider_Hypoli_Body,0.05408643
242.749,Collider_Hypoli_Body,0.05267367
242.7603,Collider_Hypoli_Body,0.04702385
242.7713,Collider_Hypoli_Body,0.04390966
242.7825,Collider_Hypoli_Body,0.0360295
242.7938,Collider_Hypoli_Body,0.03165108
242.8047,Collider_Hypoli_Body,0.03100252
242.8159,Collider_Hypoli_Body,0.02855667
242.8269,Collider_Hypoli_Body,0.02622594
242.8381,Collider_Hypoli_Body,0.01943035
242.8491,Collider_Hypoli_Body,0.01708225
242.8601,Collider_Hypoli_Body,0.02076866
242.8714,Collider_Hypoli_Body,0.02865979
242.8824,Collider_Hypoli_Body,0.040319
242.8936,Collider_Hypoli_Body,0.03921987
242.9045,Collider_Hypoli_Body,0.03496538
242.9157,Collider_Hypoli_Body,0.03633958
242.9268,Collider_Hypoli_Body,0.0362164
242.9381,Collider_Hypoli_Body,0.03741404
242.9491,Collider_Hypoli_Body,0.03973122
242.9602,Collider_Hypoli_Body,0.04682427
242.9713,Collider_Hypoli_Body,0.05947984
242.9824,Collider_Roger_State_action,0.06950782
242.9935,Collider_Roger_State_action,0.0746939
243.0046,Collider_Roger_State_action,0.08640081
243.0161,Collider_Roger_State_action,0.09638941
243.0269,Collider_Roger_State_action,0.1041026
243.0381,Collider_Roger_State_action,0.107461
243.0492,Collider_Roger_State_action,0.1141399
243.0602,Collider_Roger_State_action,0.1103991
243.0713,Collider_Roger_State_action,0.1115414
243.0824,Collider_Roger_State_action,0.1084893
243.0935,Collider_Roger_State_action,0.095981
243.1045,Collider_Roger_State_action,0.08616088
243.1157,Collider_Roger_State_action,0.07578016
243.1267,Collider_Roger_State_action,0.06359705
243.1378,Collider_Roger_State_action,0.0524759
243.1491,Collider_Roger_State_action,0.03437788
243.1601,Collider_Roger_State_action,0.02354809
243.1712,Collider_Roger_State_action,0.009303677
243.1826,Collider_Roger_State_action,0.01520767
243.1935,Collider_Roger_State_action,0.02319457
243.2046,Collider_Roger_State_action,0.03191973
243.2157,Collider_Roger_State_action,0.03556472
243.2271,Collider_Roger_State_action,0.04326063
243.2379,Collider_Roger_State_action,0.04693246
243.2489,Collider_Roger_State_action,0.04659299
243.2601,Collider_Roger_State_action,0.04168074
243.2711,Collider_Roger_State_action,0.0347892
243.2823,Collider_Roger_State_action,0.02505969
243.2934,Collider_Roger_State_action,0.02012883
243.3045,Collider_Roger_State_action,0.01528359
243.3157,Collider_Roger_State_action,0.00897232
243.3268,Collider_Roger_State_action,0.001306975
243.3382,Collider_Roger_State_action,0.006944761
243.3489,Collider_Roger_State_action,0.003689002
243.3599,Collider_Roger_State_action,0.01053095
243.371,Collider_Roger_State_action,0.01221201
243.3822,Collider_Roger_State_action,0.0142764
243.3932,Collider_Roger_State_action,0.01243756
243.4044,Collider_Roger_State_action,0.008317703
243.4156,Collider_Roger_State_action,0.003336436
243.4267,Collider_Roger_State_action,0.007831708
243.4378,Collider_Roger_State_action,0.01613001
243.449,Collider_Roger_State_action,0.01443681
243.46,Collider_Roger_State_action,0.01983014
243.4711,Collider_Roger_State_action,0.01998105
243.4823,Collider_Roger_State_action,0.02938969
243.4933,Collider_Roger_State_action,0.03379191
243.5046,Collider_Roger_State_action,0.03566024
243.5156,Collider_Roger_State_action,0.03805622
243.5265,Collider_Roger_State_action,0.0468316
243.5377,Collider_Roger_State_action,0.04745338
243.5487,Collider_Roger_State_action,0.05080204
243.5599,Collider_Roger_State_action,0.04785423
243.5709,Collider_Roger_State_action,0.04810609
243.5821,Collider_Roger_State_action,0.04655058
243.5932,Collider_Roger_State_action,0.04720741
243.6043,Collider_Roger_State_action,0.0403447
243.6156,Collider_Roger_State_action,0.04376964
243.6266,Collider_Roger_State_action,0.03973428
243.6376,Collider_Roger_State_action,0.03539808
243.6488,Collider_Roger_State_action,0.03074991
243.66,Collider_Roger_State_action,0.0246162
243.6709,Collider_Roger_State_action,0.01753026
243.682,Collider_Roger_State_action,0.01478905
243.6935,Collider_Roger_State_action,0.008858899
243.7043,Collider_Roger_State_action,0.01169539
243.7154,Collider_Roger_State_action,0.01513997
243.7265,Collider_Roger_State_action,0.01748721
243.7375,Collider_Roger_State_action,0.01543579
243.7486,Collider_Roger_State_action,0.0179215
243.7597,Collider_Roger_State_action,0.01474454
243.7708,Collider_Roger_State_action,0.02162348
243.782,Collider_Roger_State_action,0.03283202
243.7931,Collider_Roger_State_action,0.05077535
243.8043,Collider_Roger_State_action,0.06487446
243.8153,Collider_Roger_State_action,0.07588172
243.8264,Collider_Roger_State_action,0.08090613
243.8375,Collider_Roger_State_action,0.08463904
243.8487,Collider_Roger_State_action,0.08421986
243.8597,Collider_Roger_State_action,0.08473311
243.8708,Collider_Roger_State_action,0.08472339
243.882,Collider_Roger_State_action,0.08164849
243.8931,Collider_Roger_State_action,0.08090036
243.9043,Collider_Roger_State_action,0.0836432
243.9155,Collider_Roger_State_action,0.07951181
243.9265,Collider_Roger_State_action,0.0751441
243.9375,Collider_Roger_State_action,0.06715167
243.9486,Collider_Roger_State_action,0.06336862
243.9597,Collider_Roger_State_action,0.05737545
243.9709,Collider_Roger_State_action,0.05401008
243.9819,Collider_Roger_State_action,0.04659748
243.993,Collider_Roger_State_action,0.04469179
244.0043,Collider_Roger_State_action,0.03673682
244.0156,Collider_Roger_State_action,0.03290439
244.0264,Collider_Roger_State_action,0.03392389
244.0376,Collider_Roger_State_action,0.03931687
244.0485,Collider_Roger_State_action,0.04392269
244.0596,Collider_Roger_State_action,0.05310594
244.0708,Collider_Roger_State_action,0.06780639
244.0819,Collider_Roger_State_action,0.08043406
244.0929,Collider_Roger_State_action,0.08668026
244.1041,Collider_Roger_State_action,0.09006335
244.1153,Collider_Roger_State_action,0.08294828
244.1263,Collider_Roger_State_action,0.08151697
244.1374,Collider_Roger_State_action,0.07631627
244.1485,Collider_Roger_State_action,0.0773325
244.1597,Collider_Roger_State_action,0.08534452
244.1709,Collider_Roger_State_action,0.09558661
244.1817,Collider_Roger_State_action,0.1071697
244.1929,Collider_Roger_State_action,0.1224342
244.2042,Collider_Roger_State_action,0.1231034
244.2152,Collider_Roger_State_action,0.1362892
244.2262,Collider_Roger_State_action,0.1396426
244.2374,Collider_Roger_State_action,0.1384557
244.2484,Collider_Roger_State_action,0.1405393
244.2596,Collider_Roger_State_action,0.1348803
244.2706,Collider_Roger_State_action,0.1360717
244.2817,Collider_Roger_State_action,0.1319574
244.2929,Collider_Roger_State_action,0.1357193
244.304,Collider_Roger_State_action,0.1372212
244.3152,Collider_Roger_State_action,0.1411846
244.3265,Collider_Roger_State_action,0.1446833
244.3373,Collider_Roger_State_action,0.1405585
244.3487,Collider_Roger_State_action,0.1426499
244.3596,Collider_Roger_State_action,0.1397924
244.3705,Collider_Roger_State_action,0.1329387
244.3817,Collider_Roger_State_action,0.1285857
244.3927,Collider_Roger_State_action,0.1178539
244.4039,Collider_Roger_State_action,0.1143584
244.4151,Collider_Roger_State_action,0.1068198
244.4263,Collider_Roger_State_action,0.101019
244.4373,Collider_Roger_State_action,0.1024154
244.4483,Collider_Roger_State_action,0.1037599
244.4595,Collider_Roger_State_action,0.1120329
244.4706,Collider_Roger_State_action,0.1159944
244.4817,Collider_Roger_State_action,0.1269278
244.4928,Collider_Roger_State_action,0.1335312
244.5039,Collider_Roger_State_action,0.1448528
244.5149,Collider_Roger_State_action,0.1565721
244.5261,Collider_Roger_State_action,0.1653936
244.5372,Collider_Roger_State_action,0.1783301
244.5484,Collider_Roger_State_action,0.1819163
244.5595,Collider_Roger_State_action,0.1870171
244.5705,Collider_Roger_State_action,0.1897591
244.5817,Collider_Roger_State_action,0.1907837
244.5927,Collider_Roger_State_action,0.1957544
244.6037,Collider_Roger_State_action,0.2004374
244.6152,Collider_Roger_State_action,0.20494
244.6261,Collider_Roger_State_action,0.208859
244.6371,Collider_Roger_State_action,0.2178834
244.6482,Collider_Roger_State_action,0.2262571
244.6594,Collider_Roger_State_action,0.2354508
244.6704,Collider_Roger_State_action,0.2387963
244.6816,Collider_Roger_State_action,0.2430269
244.6929,Collider_Roger_State_action,0.2524106
244.7039,Collider_Roger_State_action,0.2558595
244.7148,Collider_Roger_State_action,0.2625242
244.726,Collider_Roger_State_action,0.2708859
244.7371,Collider_Roger_State_action,0.2762915
244.7482,Collider_Roger_State_action,0.2842969
244.7594,Collider_Roger_State_action,0.2907003
244.7705,Collider_Roger_State_action,0.2852427
244.7815,Collider_Roger_State_action,0.2880259
244.7926,Collider_Roger_State_action,0.2791219
244.8037,Collider_Roger_State_action,0.2772141
244.8149,Collider_Roger_State_action,0.2666003
244.8259,Collider_Roger_State_action,0.2571052
244.8371,Collider_Roger_State_action,0.2462208
244.8481,Collider_Roger_State_action,0.2427723
244.8592,Collider_Roger_State_action,0.2245611
244.8703,Collider_Roger_State_action,0.2164493
244.8815,Collider_Roger_State_action,0.196988
244.8925,Collider_Roger_State_action,0.1891183
244.9037,Collider_Roger_State_action,0.1768687
244.9148,Collider_Roger_State_action,0.1632787
244.9258,Collider_Roger_State_action,0.1558335
244.937,Collider_Roger_State_action,0.1354749
244.9481,Collider_Roger_State_action,0.1218774
244.9592,Collider_Roger_State_action,0.109313
244.9703,Collider_Roger_State_action,0.09301049
244.9814,Collider_Roger_State_action,0.08138804
244.9926,Collider_Roger_State_action,0.07682077
245.0036,Collider_Roger_State_action,0.07524604
245.0155,Collider_Roger_State_action,0.07486187
245.0258,Collider_Roger_State_action,0.08005261
245.037,Collider_Roger_State_action,0.08202464
245.048,Collider_Roger_State_action,0.08430903
245.0592,Collider_Roger_State_action,0.08935369
245.0703,Collider_Roger_State_action,0.09704627
245.0813,Collider_Roger_State_action,0.09973424
245.0927,Collider_Roger_State_action,0.09898322
245.1036,Collider_Roger_State_action,0.1002241
245.1147,Collider_Roger_State_action,0.09672465
245.1258,Collider_Roger_State_action,0.08852176
245.1369,Collider_Roger_State_action,0.08151533
245.148,Collider_Roger_State_action,0.08579072
245.1592,Collider_Roger_State_action,0.09387455
245.1703,Collider_Roger_State_action,0.1064284
245.1813,Collider_Roger_State_action,0.1145912
245.1924,Collider_Roger_State_action,0.1166848
245.2036,Collider_Roger_State_action,0.1134599
245.2147,Collider_Roger_State_action,0.1150303
245.2259,Collider_Roger_State_action,0.1107773
245.2368,Collider_Roger_State_action,0.1052474
245.2479,Collider_Roger_State_action,0.107679
245.2591,Collider_Roger_State_action,0.105883
245.2702,Collider_Roger_State_action,0.1144775
245.2812,Collider_Roger_State_action,0.1286633
245.2924,Collider_Roger_State_action,0.1450272
245.3036,Collider_Roger_State_action,0.1604078
245.3146,Collider_Roger_State_action,0.1773723
245.3257,Collider_Roger_State_action,0.1969752
245.3368,Collider_Roger_State_action,0.2211981
245.3481,Collider_Roger_State_action,0.2521323
245.3591,Collider_Roger_State_action,0.2830712
245.3702,Collider_Roger_State_action,0.3222836
245.3812,Collider_Roger_State_action,0.3572592
245.3924,Collider_Roger_State_action,0.3864985
245.4036,Collider_Roger_State_action,0.4054603
245.4145,Collider_Roger_State_action,0.4131076
245.4258,Collider_Roger_State_action,0.4113784
245.4367,Collider_Roger_State_action,0.4023499
245.448,Collider_Roger_State_action,0.3845935
245.459,Collider_Roger_State_action,0.3592962
245.4701,Collider_Roger_State_action,0.3362426
245.4815,Collider_Roger_State_action,0.3050624
245.4929,Collider_Roger_State_action,0.2819281
245.5035,Collider_Roger_State_action,0.2549828
245.5145,Collider_Roger_State_action,0.2246765
245.5256,Collider_Roger_State_action,0.1923725
245.5368,Collider_Roger_State_action,0.1670808
245.5479,Collider_Roger_State_action,0.1431662
245.5589,Collider_Roger_State_action,0.1203014
245.5701,Collider_Roger_State_action,0.1069782
245.5812,Collider_Roger_State_action,0.08979885
245.5922,Collider_Roger_State_action,0.08271641
245.6034,Collider_Roger_State_action,0.07746815
245.6144,Collider_Roger_State_action,0.07212046
245.6255,Collider_Roger_State_action,0.0851982
245.6368,Collider_Roger_State_action,0.09990763
245.6478,Collider_Roger_State_action,0.1141443
245.659,Collider_Roger_State_action,0.1209005
245.67,Collider_Roger_State_action,0.1308707
245.6811,Collider_Roger_State_action,0.1342989
245.6922,Collider_Roger_State_action,0.1420625
245.7035,Collider_Roger_State_action,0.1472174
245.7144,Collider_Roger_State_action,0.154783
245.7255,Collider_Roger_State_action,0.1577746
245.7366,Collider_Roger_State_action,0.1654817
245.7476,Collider_Roger_State_action,0.1683306
245.759,Collider_Roger_State_action,0.1666553
245.7699,Collider_Roger_State_action,0.1707029
245.7811,Collider_Roger_State_action,0.1739018
245.7921,Collider_Roger_State_action,0.1775189
245.8032,Collider_Roger_State_action,0.1918719
245.8143,Collider_Roger_State_action,0.1991385
245.8255,Collider_Roger_State_action,0.2114119
245.8365,Collider_Roger_State_action,0.2213991
245.8477,Collider_Roger_State_action,0.2337929
245.8588,Collider_Roger_State_action,0.256255
245.8701,Collider_Roger_State_action,0.2758022
245.881,Collider_Roger_State_action,0.3036286
245.8921,Collider_Roger_State_action,0.33742
245.9033,Collider_Roger_State_action,0.3748021
245.9143,Collider_Roger_State_action,0.4115646
245.9256,Collider_Roger_State_action,0.4482969
245.9366,Collider_Roger_State_action,0.4790716
245.9476,Collider_Roger_State_action,0.5133166
245.9588,Collider_Roger_State_action,0.5473101
245.9699,Collider_Roger_State_action,0.5738668
245.981,Collider_Roger_State_action,0.5990481
245.9921,Collider_Roger_State_action,0.623655
246.0033,Collider_Roger_State_action,0.6409711
246.0143,Collider_Roger_State_action,0.6482198
246.0257,Collider_Roger_State_action,0.6445479
246.0365,Collider_Roger_State_action,0.6311061
246.0476,Collider_Roger_State_action,0.6103514
246.0587,Collider_Roger_State_action,0.5856325
246.0699,Collider_Roger_State_action,0.5549685
246.0809,Collider_Roger_State_action,0.5283335
246.092,Collider_Roger_State_action,0.4903264
246.1031,Collider_Roger_State_action,0.4559997
246.1143,Collider_Roger_State_action,0.4227414
246.1254,Collider_Roger_State_action,0.3830312
246.1365,Collider_Roger_State_action,0.3476247
246.1476,Collider_Roger_State_action,0.3043755
246.1587,Collider_Roger_State_action,0.269123
246.1698,Collider_Roger_State_action,0.2332648
246.1809,Collider_Roger_State_action,0.2045634
246.192,Collider_Roger_State_action,0.1782564
246.2031,Collider_Roger_State_action,0.1639138
246.2143,Collider_Roger_State_action,0.1565829
246.2254,Collider_Roger_State_action,0.15933
246.2364,Collider_Roger_Body,0.1678367
246.2476,Collider_Roger_Body,0.1811053
246.2587,Collider_Roger_Body,0.1982921
246.2697,Collider_Roger_Body,0.2310582
246.2808,Collider_Roger_Body,0.2476045
246.292,Collider_Roger_Body,0.2684979
246.3031,Collider_Roger_Body,0.2858349
246.3143,Collider_Roger_Body,0.2986526
246.3254,Collider_Roger_Body,0.3021608
246.3364,Collider_Roger_Body,0.2987598
246.3475,Collider_Roger_Body,0.2979597
246.3586,Collider_Roger_Body,0.2880693
246.3698,Collider_Roger_Body,0.276771
246.3807,Collider_Roger_Body,0.2570352
246.3919,Collider_Roger_Body,0.2276711
246.403,Collider_Roger_Body,0.2036712
246.4143,Collider_Roger_Body,0.1675568
246.4255,Collider_Roger_Body,0.1374582
246.4365,Collider_Roger_Body,0.109762
246.4474,Collider_Roger_Body,0.06855328
246.4586,Collider_Roger_Body,0.03054021
246.4697,Collider_Roger_Body,0.002323002
246.481,Collider_Roger_Body,0.02200365
246.4918,Collider_Roger_Body,0.03773186
246.5029,Collider_Roger_Body,0.04752647
246.5145,Collider_Roger_Body,0.05033012
246.5254,Collider_Roger_Body,0.04898299
246.5363,Collider_Roger_Body,0.04924671
246.5474,Collider_Roger_Body,0.04293742
246.5589,Collider_Roger_Body,0.04724827
246.5695,Collider_Roger_Body,0.05473427
246.5813,Collider_Roger_Body,0.0591435
246.5922,Collider_Roger_Body,0.0620483
246.603,Collider_Roger_Body,0.06919573
246.6141,Collider_Roger_Body,0.07452988
246.6252,Collider_Roger_Body,0.07014783
246.6364,Collider_Roger_Body,0.06240623
246.6473,Collider_Roger_Body,0.0461338
246.6585,Collider_Roger_Body,0.0243014
246.6695,Collider_Roger_Body,0.01911024
246.6806,Collider_Roger_Body,0.04085207
246.6918,Collider_Roger_Body,0.05291611
246.7032,Collider_Roger_Body,0.07156093
246.714,Collider_Roger_Body,0.07051115
246.7251,Collider_Roger_Body,0.07861
246.7363,Collider_Roger_Body,0.09179253
246.7472,Collider_Roger_Body,0.1051516
246.7584,Collider_Roger_Body,0.1231035
246.7695,Collider_Roger_Body,0.1416834
246.7806,Collider_Roger_Body,0.1580056
246.7917,Collider_Roger_Body,0.1733276
246.8028,Collider_Roger_Body,0.1835725
246.814,Collider_Roger_Body,0.192556
246.8253,Collider_Roger_Body,0.2036105
246.8361,Collider_Hypoli_Body,0.2074119
246.8472,Collider_Hypoli_Body,0.2087517
246.8583,Collider_Hypoli_Body,0.2095909
246.8694,Collider_Hypoli_Body,0.2092764
246.8805,Collider_Hypoli_Body,0.2019271
246.8916,Collider_Hypoli_Body,0.2018519
246.9027,Collider_Hypoli_Body,0.2013052
246.9138,Collider_Hypoli_Body,0.1968594
246.925,Collider_Hypoli_Body,0.200904
246.936,Collider_Hypoli_Body,0.2023674
246.9472,Collider_Hypoli_Body,0.2085594
246.9584,Collider_Hypoli_Body,0.2125853
246.9694,Collider_Hypoli_Body,0.217836
246.9807,Collider_Hypoli_Body,0.2258359
246.9916,Collider_Hypoli_Body,0.2301648
247.0027,Collider_Hypoli_Body,0.2313678
247.0138,Collider_Hypoli_Body,0.2352385
247.025,Collider_Hypoli_Body,0.2345013
247.036,Collider_Hypoli_Body,0.2278488
247.0471,Collider_Hypoli_Body,0.2235949
247.0583,Collider_Hypoli_Body,0.2202993
247.0696,Collider_Hypoli_Body,0.2094194
247.0805,Collider_Hypoli_Body,0.1984116
247.0918,Collider_Hypoli_Body,0.1840767
247.1026,Collider_Hypoli_Body,0.1725988
247.1139,Collider_Hypoli_Body,0.1581628
247.125,Collider_Hypoli_Body,0.1466271
247.136,Collider_Hypoli_Body,0.1397064
247.1472,Collider_Hypoli_Body,0.1284366
247.1582,Collider_Hypoli_Body,0.1255251
247.1695,Collider_Hypoli_Body,0.1235158
247.1805,Collider_Hypoli_Body,0.1225212
247.1915,Collider_Hypoli_Body,0.1306001
247.2027,Collider_Hypoli_Body,0.1402559
247.2137,Collider_Hypoli_Body,0.155267
247.2252,Collider_Hypoli_Body,0.1642385
247.2359,Collider_Hypoli_Body,0.1862444
247.247,Collider_Hypoli_Body,0.193276
247.2583,Collider_Hypoli_Body,0.211381
247.2693,Collider_Hypoli_Body,0.213125
247.2804,Collider_Hypoli_Body,0.2135184
247.2915,Collider_Hypoli_Body,0.2149477
247.3025,Collider_Hypoli_Body,0.2204235
247.3137,Collider_Hypoli_Body,0.2171877
247.325,Collider_Hypoli_Body,0.21139
247.3359,Collider_Hypoli_Body,0.1977904
247.347,Collider_Hypoli_Body,0.1893128
247.3582,Collider_Hypoli_Body,0.1839853
247.3693,Collider_Hypoli_Body,0.1659891
247.3804,Collider_Hypoli_Body,0.1570407
247.3914,Collider_Hypoli_Body,0.1418492
247.4026,Collider_Hypoli_Body,0.1226065
247.4137,Collider_Hypoli_Body,0.1038334
247.4249,Collider_Hypoli_Body,0.08462333
247.4358,Collider_Hypoli_Body,0.0658586
247.4469,Collider_Hypoli_Body,0.04090706
247.4582,Collider_Hypoli_Body,0.02557546
247.4693,Collider_Hypoli_Body,0.01831873
247.4803,Collider_Hypoli_Body,0.03059413
247.4913,Collider_Hypoli_Body,0.04591292
247.5025,Collider_Hypoli_Body,0.06599063
247.5137,Collider_Hypoli_Body,0.07709277
247.5253,Collider_Hypoli_Body,0.08711968
247.5361,Collider_Hypoli_Body,0.09859961
247.547,Collider_Hypoli_Body,0.1092514
247.5583,Collider_Roger_Body,0.118353
247.5691,Collider_Roger_Body,0.124243
247.5802,Collider_Roger_Body,0.1351199
247.5916,Collider_Roger_Body,0.1424356
247.6026,Collider_Roger_Body,0.1503061
247.6136,Collider_Roger_Body,0.1601739
247.6248,Collider_Roger_Body,0.1695002
247.6359,Collider_Roger_Body,0.1743226
247.6468,Collider_Roger_Body,0.1735074
247.658,Collider_Roger_Body,0.1818937
247.669,Collider_Roger_Body,0.1777403
247.6802,Collider_Roger_Body,0.1819935
247.6914,Collider_Roger_Body,0.177484
247.7025,Collider_Roger_Body,0.1759727
247.7137,Collider_Roger_Body,0.1678034
247.7247,Collider_Roger_Body,0.1631254
247.7358,Collider_Roger_Body,0.1577225
247.7469,Collider_Roger_Body,0.1571589
247.7582,Collider_Roger_Body,0.1499937
247.7691,Collider_Roger_Body,0.1467217
247.7802,Collider_Roger_Body,0.145412
247.7913,Collider_Roger_Body,0.1441156
247.8024,Collider_Roger_Body,0.1405126
247.8135,Collider_Roger_Body,0.1358743
247.8246,Collider_Roger_Body,0.1321043
247.8356,Collider_Roger_Body,0.1305971
247.847,Collider_Roger_Body,0.1312111
247.8579,Collider_Roger_Body,0.1326704
247.869,Collider_Roger_Body,0.138588
247.8801,Collider_Roger_Body,0.1382445
247.8911,Collider_Roger_Body,0.1264136
247.9023,Collider_Roger_Body,0.1200447
247.9135,Collider_Roger_Body,0.114203
247.9245,Collider_Roger_Body,0.1143119
247.9362,Collider_Roger_Body,0.1089143
247.9471,Collider_Roger_Body,0.1048301
247.9579,Collider_Roger_Body,0.1005868
247.9689,Collider_Roger_Body,0.09510674
247.98,Collider_Roger_Body,0.08471513
247.9911,Collider_Roger_Body,0.0689009
248.0023,Collider_Hypoli_Body,0.0573028
248.0132,Collider_Hypoli_Body,0.04458674
248.0245,Collider_Hypoli_Body,0.03147953
248.0357,Collider_Hypoli_Body,0.02188939
248.0467,Collider_Hypoli_Body,0.01814118
248.0577,Collider_Hypoli_Body,0.01703828
248.069,Collider_Hypoli_Body,0.02132067
248.0799,Collider_Hypoli_Body,0.02576829
248.0913,Collider_Hypoli_Body,0.03678789
248.1022,Collider_Hypoli_Body,0.04452251
248.1133,Collider_Hypoli_Body,0.05582223
248.1246,Collider_Hypoli_Body,0.05863679
248.1355,Collider_Hypoli_Body,0.05570247
248.1466,Collider_Hypoli_Body,0.054527
248.1578,Collider_Hypoli_Body,0.04749021
248.1688,Collider_Hypoli_Body,0.04052358
248.18,Collider_Hypoli_Body,0.04013688
248.1911,Collider_Hypoli_Body,0.03550852
248.2022,Collider_Hypoli_Body,0.02619435
248.2132,Collider_Hypoli_Body,0.02353321
248.2245,Collider_Hypoli_Body,0.02056397
248.2354,Collider_Hypoli_Body,0.02373208
248.2467,Collider_Hypoli_Body,0.03220303
248.2577,Collider_Hypoli_Body,0.0423196
248.2689,Collider_Hypoli_Body,0.05241814
248.2799,Collider_Hypoli_Body,0.07148314
248.291,Collider_Hypoli_Body,0.09049936
248.3021,Collider_Hypoli_Body,0.1094787
248.3132,Collider_Hypoli_Body,0.1228297
248.3243,Collider_Hypoli_Body,0.1300654
248.3355,Collider_Hypoli_Body,0.1314641
248.3465,Collider_Hypoli_Body,0.1318016
248.3577,Collider_Hypoli_Body,0.127548
248.3689,Collider_Hypoli_Body,0.1164536
248.3801,Collider_Hypoli_Body,0.1098277
248.3911,Collider_Hypoli_Body,0.09234726
248.4021,Collider_Hypoli_Body,0.08302684
248.4132,Collider_Hypoli_Body,0.07085277
248.4244,Collider_Hypoli_Body,0.06952354
248.4355,Collider_Hypoli_Body,0.07246701
248.4465,Collider_Hypoli_Body,0.0787617
248.4576,Collider_Hypoli_Body,0.08591917
248.4688,Collider_Hypoli_Body,0.09645241
248.4799,Collider_Hypoli_Body,0.101179
248.4909,Collider_Hypoli_Body,0.1009942
248.5022,Collider_Hypoli_Body,0.09337633
248.513,Collider_Hypoli_Body,0.08500378
248.5243,Collider_Hypoli_Body,0.07299725
248.5355,Collider_Hypoli_Body,0.06445967
248.5464,Collider_Hypoli_Body,0.05827622
248.5575,Collider_Hypoli_Body,0.05318741
248.5686,Collider_Hypoli_Body,0.04434015
248.5797,Collider_Hypoli_Body,0.03994944
248.5909,Collider_Hypoli_Body,0.03754437
248.6019,Collider_Hypoli_Body,0.03740354
248.613,Collider_Hypoli_Body,0.02537654
248.6244,Collider_Hypoli_Body,0.02613161
248.6354,Collider_Hypoli_Body,0.02889109
248.6464,Collider_Hypoli_Body,0.02755019
248.6576,Collider_Hypoli_Body,0.03589892
248.6687,Collider_Hypoli_Body,0.03334455
248.6798,Collider_Hypoli_Body,0.03563239
248.6909,Collider_Hypoli_Body,0.03807881
248.7021,Collider_Hypoli_Body,0.03695593
248.713,Collider_Hypoli_Body,0.04135282
248.7242,Collider_Hypoli_Body,0.03758562
248.7352,Collider_Hypoli_Body,0.03791219
248.7465,Collider_Hypoli_Body,0.03379074
248.7576,Collider_Hypoli_Body,0.03829544
248.7686,Collider_Hypoli_Body,0.04381768
248.7797,Collider_Hypoli_Body,0.05097083
248.7907,Collider_Hypoli_Body,0.05319025
248.8019,Collider_Hypoli_Body,0.0575818
248.813,Collider_Hypoli_Body,0.05258289
248.8241,Collider_Hypoli_Body,0.05105681
248.8351,Collider_Hypoli_Body,0.0409833
248.8465,Collider_Hypoli_Body,0.04179555
248.8574,Collider_Hypoli_Body,0.02839406
248.8692,Collider_Hypoli_Body,0.02529718
248.8796,Collider_Hypoli_Body,0.02116124
248.8907,Collider_Hypoli_Body,0.01802285
248.9017,Collider_Hypoli_Body,0.02099395
248.9128,Collider_Hypoli_Body,0.03474107
248.924,Collider_Hypoli_Body,0.04631833
248.9352,Collider_Hypoli_Body,0.05210868
248.9462,Collider_Hypoli_Body,0.05727005
248.9577,Collider_Hypoli_Body,0.05658482
248.9684,Collider_Hypoli_Body,0.05235867
248.9796,Collider_Hypoli_Body,0.05576426
248.9909,Collider_Hypoli_Body,0.05367474
249.0018,Collider_Hypoli_Body,0.05415439
249.0129,Collider_Hypoli_Body,0.05680863
249.024,Collider_Hypoli_Body,0.05493674
249.0351,Collider_Hypoli_Body,0.05981418
249.0461,Collider_Hypoli_Body,0.06217292
249.0574,Collider_Hypoli_Body,0.06653723
249.0683,Collider_Hypoli_Body,0.07254617
249.0798,Collider_Hypoli_Body,0.07971752
249.0908,Collider_Hypoli_Body,0.08804713
249.1017,Collider_Hypoli_Body,0.0912542
249.1129,Collider_Roger_Body,0.09820724
249.1241,Collider_Roger_Body,0.1055854
249.1351,Collider_Roger_Body,0.1152629
249.1461,Collider_Roger_Body,0.1180782
249.1574,Collider_Roger_Body,0.1143351
249.1685,Collider_Roger_Body,0.1159787
249.1796,Collider_Roger_Body,0.1177416
249.1906,Collider_Roger_Body,0.1095973
249.2016,Collider_Roger_Body,0.1041994
249.2128,Collider_Roger_Body,0.09967791
249.2239,Collider_Roger_Body,0.09234844
249.235,Collider_Roger_Body,0.08353868
249.2461,Collider_Roger_Body,0.07729008
249.2573,Collider_Roger_Body,0.07064115
249.2683,Collider_Roger_Body,0.06352941
249.2795,Collider_Roger_Body,0.05391374
249.2907,Collider_Roger_Body,0.04649194
249.3016,Collider_Roger_Body,0.04053995
249.3128,Collider_Roger_Body,0.03641832
249.324,Collider_Roger_Body,0.03763641
249.335,Collider_Roger_Body,0.03007739
249.3462,Collider_Roger_Body,0.02758366
249.3572,Collider_Roger_Body,0.02459018
249.3684,Collider_Roger_Body,0.01912732
249.3795,Collider_Roger_Body,0.01827232
249.3905,Collider_Roger_Body,0.02119164
249.4018,Collider_Roger_Body,0.02093263
249.413,Collider_Roger_Body,0.01856179
249.424,Collider_Roger_Body,0.02256754
249.435,Collider_Roger_Body,0.02365571
249.4461,Collider_Roger_Body,0.02762912
249.4572,Collider_Roger_Body,0.02815522
249.4684,Collider_Roger_Body,0.0301947
249.4794,Collider_Roger_Body,0.02957951
249.4905,Collider_Roger_Body,0.02967805
249.5017,Collider_Roger_Body,0.03040273
249.5127,Collider_Roger_Body,0.03248483
249.524,Collider_Roger_Body,0.02845793
249.535,Collider_Roger_Body,0.02789561
249.546,Collider_Roger_Body,0.03761764
249.5571,Collider_Roger_Body,0.04656899
249.5682,Collider_Roger_Body,0.05252485
249.5793,Collider_Roger_Body,0.05280196
249.5904,Collider_Roger_Body,0.05064305
249.6015,Collider_Roger_Body,0.04392063
249.6127,Collider_Roger_Body,0.04162017
249.6238,Collider_Hypoli_Body,0.04690117
249.6348,Collider_Hypoli_Body,0.04572539
249.646,Collider_Hypoli_Body,0.05647504
249.6571,Collider_Hypoli_Body,0.0651586
249.6682,Collider_Hypoli_Body,0.06752533
249.6793,Collider_Hypoli_Body,0.07515465
249.6906,Collider_Hypoli_Body,0.07840403
249.7015,Collider_Hypoli_Body,0.08453651
249.7126,Collider_Hypoli_Body,0.09562032
249.7237,Collider_Hypoli_Body,0.09813239
249.735,Collider_Hypoli_Body,0.09783114
249.7459,Collider_Hypoli_Body,0.09720206
249.7571,Collider_Hypoli_Body,0.1046294
249.7682,Collider_Hypoli_Body,0.1070669
249.7791,Collider_Hypoli_Body,0.1052807
249.7903,Collider_Hypoli_Body,0.1046359
249.8015,Collider_Hypoli_Body,0.09847686
249.8128,Collider_Hypoli_Body,0.09501423
249.8236,Collider_Hypoli_Body,0.09737721
249.8348,Collider_Hypoli_Body,0.09218463
249.8458,Collider_Hypoli_Body,0.09059366
249.8569,Collider_Hypoli_Body,0.08530106
249.868,Collider_Hypoli_Body,0.08887055
249.8791,Collider_Hypoli_Body,0.08497417
249.8903,Collider_Hypoli_Body,0.07953564
249.9013,Collider_Hypoli_Body,0.0753696
249.9125,Collider_Hypoli_Body,0.06717331
249.9236,Collider_Hypoli_Body,0.06647675
249.9347,Collider_Hypoli_Body,0.06060179
249.9458,Collider_Hypoli_Body,0.05177126
249.9569,Collider_Hypoli_Body,0.03858636
249.9681,Collider_Hypoli_Body,0.03168958
249.9791,Collider_Hypoli_Body,0.02067496
249.9902,Collider_Hypoli_Body,0.01532077
250.0013,Collider_Hypoli_Body,0.02060735
250.0124,Collider_Hypoli_Body,0.03383045
250.0235,Collider_Hypoli_Body,0.04398208
250.0348,Collider_Hypoli_Body,0.06637897
250.0457,Collider_Hypoli_Body,0.07281066
250.0568,Collider_Hypoli_Body,0.07962123
250.0679,Collider_Hypoli_Body,0.07645962
250.079,Collider_Hypoli_Body,0.06932449
250.0903,Collider_Hypoli_Body,0.04958488
250.1013,Collider_Hypoli_Body,0.02938527
250.1125,Collider_Hypoli_Body,0.01815657
250.1234,Collider_Hypoli_Body,0.02620549
250.1346,Collider_Hypoli_Body,0.04783946
250.1456,Collider_Hypoli_Body,0.06624065
250.1567,Collider_Hypoli_Body,0.07678956
250.1678,Collider_Hypoli_Body,0.08548333
250.179,Collider_Hypoli_Body,0.09486293
250.1901,Collider_Hypoli_Body,0.09845341
250.2012,Collider_Hypoli_Body,0.09563351
250.2124,Collider_Hypoli_Body,0.08955735
250.2235,Collider_Hypoli_Body,0.08368374
250.2345,Collider_Hypoli_Body,0.06938301
250.2456,Collider_Hypoli_Body,0.06075238
250.2567,Collider_Hypoli_Body,0.05092168
250.2678,Collider_Hypoli_Body,0.0458964
250.2789,Collider_Hypoli_Body,0.0396679
250.29,Collider_Hypoli_Body,0.04215929
250.3011,Collider_Hypoli_Body,0.04874677
250.3122,Collider_Hypoli_Body,0.04828951
250.3235,Collider_Hypoli_Body,0.05372742
250.3346,Collider_Hypoli_Body,0.062293
250.3456,Collider_Hypoli_Body,0.06939996
250.3566,Collider_Hypoli_Body,0.07762131
250.3678,Collider_Hypoli_Body,0.08601155
250.3789,Collider_Hypoli_Body,0.09540682
250.39,Collider_Hypoli_Body,0.1008273
250.401,Collider_Hypoli_Body,0.1026845
250.4122,Collider_Hypoli_Body,0.1205508
250.4234,Collider_Hypoli_Body,0.1332985
250.4344,Collider_Hypoli_Body,0.1411012
250.4454,Collider_Hypoli_Body,0.1482468
250.4566,Collider_Hypoli_Body,0.1495036
250.4677,Collider_Hypoli_Body,0.1468983
250.4788,Collider_Hypoli_Body,0.1402094
250.4901,Collider_Hypoli_Body,0.1426565
250.5011,Collider_Hypoli_Body,0.1373535
250.5122,Collider_Hypoli_Body,0.1357533
250.5234,Collider_Hypoli_Body,0.1256366
250.5345,Collider_Hypoli_Body,0.1131957
250.5454,Collider_Hypoli_Body,0.1071493
250.5565,Collider_Hypoli_Body,0.09659173
250.5676,Collider_Hypoli_Body,0.08768019
250.5788,Collider_Hypoli_Body,0.07555404
250.5899,Collider_Hypoli_Body,0.06842958
250.601,Collider_Hypoli_Body,0.05966761
250.612,Collider_Hypoli_Body,0.05642428
250.6234,Collider_Hypoli_Body,0.0561552
250.6344,Collider_Hypoli_Body,0.05671065
250.6454,Collider_Hypoli_Body,0.05884725
250.6565,Collider_Hypoli_Body,0.06003818
250.6676,Collider_Hypoli_Body,0.06236743
250.6787,Collider_Hypoli_Body,0.05923008
250.69,Collider_Roger_Body,0.05759906
250.701,Collider_Roger_Body,0.05278279
250.7122,Collider_Roger_Body,0.04770472
250.7232,Collider_Roger_Body,0.0439879
250.7343,Collider_Roger_Body,0.03742157
250.7453,Collider_Roger_Body,0.03057197
250.7565,Collider_Roger_Body,0.02157421
250.7675,Collider_Roger_Body,0.02278118
250.7787,Collider_Roger_Body,0.02764165
250.7897,Collider_Roger_Body,0.02717866
250.8009,Collider_Roger_Body,0.02332397
250.812,Collider_Roger_Body,0.0199673
250.8231,Collider_Roger_Body,0.02236011
250.8344,Collider_Roger_Body,0.03170711
250.8453,Collider_Roger_Body,0.03606172
250.8564,Collider_Roger_Body,0.03862935
250.8675,Collider_Roger_Body,0.04268236
250.8786,Collider_Roger_Body,0.04687373
250.8897,Collider_Roger_Body,0.05029963
250.9008,Collider_Roger_Body,0.04980502
250.9121,Collider_Roger_Body,0.04966385
250.9231,Collider_Roger_Body,0.04455113
250.9341,Collider_Roger_Body,0.04107809
250.9461,Collider_Roger_Body,0.04104432
250.9565,Collider_Roger_Body,0.04417604
250.9675,Collider_Roger_Body,0.04342206
250.9785,Collider_Roger_Body,0.04248547
250.9897,Collider_Roger_Body,0.04556092
251.0008,Collider_Roger_Body,0.05096811
251.0118,Collider_Roger_Body,0.0526243
251.023,Collider_Roger_Body,0.05160537
251.0341,Collider_Roger_Body,0.05466606
251.0452,Collider_Roger_Body,0.05636021
251.0563,Collider_Roger_Body,0.06267461
251.0674,Collider_Roger_Body,0.06901526
251.0787,Collider_Roger_Body,0.07035458
251.0899,Collider_Roger_Body,0.06365941
251.101,Collider_Roger_Body,0.06211121
251.112,Collider_Roger_Body,0.06567112
251.1233,Collider_Roger_Body,0.06727344
251.134,Collider_Roger_Body,0.06377438
251.1454,Collider_Roger_Body,0.0594222
251.1567,Collider_Roger_Body,0.05844112
251.1674,Collider_Roger_Body,0.05101978
251.1785,Collider_Roger_Body,0.04848699
251.1897,Collider_Roger_Body,0.04435626
251.2007,Collider_Roger_Body,0.04512147
251.2118,Collider_Roger_Body,0.04517293
251.2229,Collider_Roger_Body,0.04767251
251.234,Collider_Roger_Body,0.04717499
251.2453,Collider_Roger_Body,0.04620638
251.2562,Collider_Roger_Body,0.04733622
251.2675,Collider_Roger_Body,0.04594713
251.2784,Collider_Roger_Body,0.04524789
251.2896,Collider_Roger_Body,0.04404513
251.3006,Collider_Roger_Body,0.04858415
251.3117,Collider_Roger_Body,0.04957971
251.3229,Collider_Roger_Body,0.05105039
251.334,Collider_Roger_Body,0.0554144
251.3452,Collider_Roger_Body,0.05318531
251.3562,Collider_Roger_Body,0.05006023
251.3674,Collider_Roger_Body,0.05082353
251.3784,Collider_Roger_Body,0.04842281
251.3896,Collider_Roger_Body,0.04832283
251.4007,Collider_Roger_Body,0.05048109
251.4117,Collider_Roger_Body,0.04417767
251.4229,Collider_Roger_Body,0.04079859
251.4339,Collider_Roger_Body,0.04192692
251.4453,Collider_Roger_Body,0.04096728
251.4563,Collider_Roger_Body,0.04268134
251.4682,Collider_Roger_Body,0.05055174
251.4791,Collider_Roger_Body,0.04673856
251.4894,Collider_Roger_Body,0.04525003
251.5005,Collider_Roger_Body,0.03946329
251.5116,Collider_Roger_Body,0.04231512
251.5228,Collider_Roger_Body,0.03486699
251.5339,Collider_Roger_Body,0.03379123
251.5449,Collider_Roger_Body,0.03400899
251.556,Collider_Roger_Body,0.03221967
251.5672,Collider_Roger_Body,0.03312236
251.5783,Collider_Roger_Body,0.03086983
251.5894,Collider_Roger_Body,0.03195519
251.6005,Collider_Roger_Body,0.03372145
251.6116,Collider_Roger_Body,0.03083426
251.6227,Collider_Roger_Body,0.03933278
251.6338,Collider_Roger_Body,0.04115379
251.645,Collider_Roger_Body,0.03755116
251.6561,Collider_Roger_Body,0.04044845
251.6674,Collider_Roger_Body,0.04029593
251.6782,Collider_Roger_Body,0.03615505
251.6895,Collider_Roger_Body,0.03539649
251.7005,Collider_Roger_Body,0.02935271
251.7116,Collider_Roger_Body,0.02636048
251.7227,Collider_Hypoli_Body,0.01526412
251.7338,Collider_Hypoli_Body,0.01210948
251.7449,Collider_Hypoli_Body,0.01044961
251.7561,Collider_Hypoli_Body,0.01178376
251.767,Collider_Hypoli_Body,0.01295801
251.7782,Collider_Hypoli_Body,0.01939845
251.7893,Collider_Hypoli_Body,0.01961155
251.8004,Collider_Hypoli_Body,0.02463081
251.8115,Collider_Hypoli_Body,0.02586547
251.8226,Collider_Hypoli_Body,0.02983337
251.8338,Collider_Hypoli_Body,0.03846737
251.8448,Collider_Hypoli_Body,0.0415698
251.856,Collider_Hypoli_Body,0.04017847
251.8671,Collider_Hypoli_Body,0.03722753
251.8782,Collider_Hypoli_Body,0.03535988
251.8895,Collider_Hypoli_Body,0.0356093
251.9003,Collider_Hypoli_Body,0.03424427
251.9115,Collider_Hypoli_Body,0.0318155
251.9226,Collider_Hypoli_Body,0.03036465
251.9338,Collider_Hypoli_Body,0.02701844
251.9448,Collider_Hypoli_Body,0.03055281
251.956,Collider_Hypoli_Body,0.03042258
251.9671,Collider_Hypoli_Body,0.02773855
251.978,Collider_Hypoli_Body,0.02704754
251.9893,Collider_Hypoli_Body,0.02824947
252.0005,Collider_Hypoli_Body,0.02688104
252.0115,Collider_Hypoli_Body,0.03388166
252.0226,Collider_Hypoli_Body,0.03629761
252.0338,Collider_Hypoli_Body,0.0381686
252.0449,Collider_Hypoli_Body,0.04269623
252.0559,Collider_Hypoli_Body,0.04700667
252.0669,Collider_Hypoli_Body,0.04576843
252.0781,Collider_Hypoli_Body,0.04028839
252.0892,Collider_Hypoli_Body,0.03435802
252.1006,Collider_Hypoli_Body,0.02532881
252.1115,Collider_Hypoli_Body,0.02092363
252.1226,Collider_Hypoli_Body,0.01040898
252.1339,Collider_Hypoli_Body,0.01102173
252.1447,Collider_Hypoli_Body,0.0212996
252.1559,Collider_Hypoli_Body,0.03396074
252.1669,Collider_Hypoli_Body,0.04360752
252.178,Collider_Hypoli_Body,0.0486659
252.1892,Collider_Hypoli_Body,0.05199502
252.2004,Collider_Hypoli_Body,0.05574547
252.2115,Collider_Hypoli_Body,0.05771925
252.2226,Collider_Hypoli_Body,0.05761457
252.2337,Collider_Hypoli_Body,0.06014549
252.245,Collider_Hypoli_Body,0.0626419
252.256,Collider_Hypoli_Body,0.05928605
252.267,Collider_Hypoli_Body,0.05501311
252.278,Collider_Hypoli_Body,0.05061206
252.2891,Collider_Hypoli_Body,0.04747977
252.3002,Collider_Hypoli_Body,0.04302521
252.3114,Collider_Hypoli_Body,0.04352297
252.3224,Collider_Hypoli_Body,0.03597802
252.3335,Collider_Hypoli_Body,0.03039342
252.3447,Collider_Hypoli_Body,0.0238382
252.3559,Collider_Hypoli_Body,0.02537187
252.367,Collider_Hypoli_Body,0.02206952
252.378,Collider_Hypoli_Body,0.03116775
252.3891,Collider_Hypoli_Body,0.02746607
252.4003,Collider_Hypoli_Body,0.03064813
252.4113,Collider_Hypoli_Body,0.02975392
252.4225,Collider_Hypoli_Body,0.02995802
252.4336,Collider_Hypoli_Body,0.03350005
252.4447,Collider_Hypoli_Body,0.0329738
252.4558,Collider_Hypoli_Body,0.03775696
252.4668,Collider_Hypoli_Body,0.04117781
252.4781,Collider_Hypoli_Body,0.04693946
252.4891,Collider_Hypoli_Body,0.04380355
252.5001,Collider_Hypoli_Body,0.04612121
252.5112,Collider_Hypoli_Body,0.04589019
252.5223,Collider_Hypoli_Body,0.04632672
252.5335,Collider_Hypoli_Body,0.041192
252.5445,Collider_Hypoli_Body,0.03613644
252.5556,Collider_Hypoli_Body,0.03430345
252.5667,Collider_Hypoli_Body,0.02623372
252.5778,Collider_Hypoli_Body,0.02727866
252.5889,Collider_Hypoli_Body,0.02958719
252.6,Collider_Hypoli_Body,0.03541752
252.6113,Collider_Hypoli_Body,0.03416248
252.6222,Collider_Hypoli_Body,0.04126941
252.6333,Collider_Hypoli_Body,0.04398115
252.6447,Collider_Hypoli_Body,0.04181143
252.6557,Collider_Hypoli_Body,0.04089595
252.6667,Collider_Hypoli_Body,0.04076668
252.6778,Collider_Hypoli_Body,0.0403923
252.6889,Collider_Hypoli_Body,0.03570808
252.7,Collider_Hypoli_Body,0.03332221
252.7112,Collider_Hypoli_Body,0.02570881
252.7223,Collider_Hypoli_Body,0.02242583
252.7336,Collider_Hypoli_Body,0.02531947
252.7444,Collider_Hypoli_Body,0.02517894
252.7556,Collider_Hypoli_Body,0.02385528
252.7666,Collider_Hypoli_Body,0.02259128
252.7779,Collider_Hypoli_Body,0.01529396
252.7888,Collider_Hypoli_Body,0.008280959
252.7999,Collider_Hypoli_Body,0.01139695
252.8111,Collider_Hypoli_Body,0.01584907
252.8222,Collider_Hypoli_Body,0.02362331
252.8333,Collider_Hypoli_Body,0.02541943
252.8445,Collider_Hypoli_Body,0.02383487
252.8555,Collider_Hypoli_Body,0.02810708
252.8667,Collider_Hypoli_Body,0.02696666
252.8777,Collider_Hypoli_Body,0.02652162
252.8889,Collider_Hypoli_Body,0.02640314
252.9,Collider_Hypoli_Body,0.02965543
252.9111,Collider_Hypoli_Body,0.02861402
252.9221,Collider_Hypoli_Body,0.02713669
252.9333,Collider_Hypoli_Body,0.01974855
252.9444,Collider_Hypoli_Body,0.01828018
252.9554,Collider_Hypoli_Body,0.01692887
252.9665,Collider_Hypoli_Body,0.01101684
252.9777,Collider_Hypoli_Body,0.00372516
252.989,Collider_Hypoli_Body,0.004436728
253,Collider_Hypoli_Body,0.007150165
253.0112,Collider_Hypoli_Body,0.005975258
253.0222,Collider_Hypoli_Body,0.006105993
253.0331,Collider_Hypoli_Body,0.006461261
253.0444,Collider_Hypoli_Body,0.004465507
253.0555,Collider_Hypoli_Body,0.004093441
253.0666,Collider_Hypoli_Body,0.009236731
253.0777,Collider_Hypoli_Body,0.009631892
253.0888,Collider_Hypoli_Body,0.01318274
253.1,Collider_Hypoli_Body,0.01320931
253.111,Collider_Hypoli_Body,0.01036022
253.1221,Collider_Hypoli_Body,0.01803889
253.1332,Collider_Hypoli_Body,0.01197857
253.1453,Collider_Hypoli_Body,0.0104542
253.1555,Collider_Hypoli_Body,0.01015277
253.1665,Collider_Hypoli_Body,0.008847817
253.1776,Collider_Hypoli_Body,0.006035137
253.1887,Collider_Hypoli_Body,0.01088743
253.1998,Collider_Hypoli_Body,0.008701159
253.2109,Collider_Hypoli_Body,0.01183996
253.222,Collider_Hypoli_Body,0.007449384
253.2331,Collider_Hypoli_Body,0.006353415
253.2443,Collider_Hypoli_Body,0.005758097
253.2556,Collider_Hypoli_Body,0.006973727
253.2666,Collider_Hypoli_Body,0.00992149
253.2775,Collider_Hypoli_Body,0.007976413
253.2887,Collider_Hypoli_Body,0.006528097
253.2998,Collider_Hypoli_Body,0.008336295
253.3109,Collider_Hypoli_Body,0.003380134
253.3221,Collider_Hypoli_Body,0.007393084
253.3334,Collider_Hypoli_Body,0.007279607
253.3443,Collider_Hypoli_Body,0.01553101
253.3554,Collider_Hypoli_Body,0.01700264
253.3665,Collider_Hypoli_Body,0.02078498
253.3777,Collider_Hypoli_Body,0.02066556
253.3887,Collider_Hypoli_Body,0.017609
253.3998,Collider_Hypoli_Body,0.02165114
253.4108,Collider_Hypoli_Body,0.01602093
253.422,Collider_Hypoli_Body,0.008311313
253.433,Collider_Hypoli_Body,0.005072388
253.4442,Collider_Hypoli_Body,0.0105675
253.4553,Collider_Hypoli_Body,0.01352337
253.4664,Collider_Roger_Body,0.01404689
253.4777,Collider_Roger_Body,0.01430287
253.4887,Collider_Roger_Body,0.01108598
253.4998,Collider_Roger_Body,0.01117681
253.5108,Collider_Roger_Body,0.01291849
253.5219,Collider_Roger_Body,0.006765244
253.5333,Collider_Roger_Body,0.004206845
253.5442,Collider_Roger_Body,0.00240559
253.5552,Collider_Roger_Body,0.007447557
253.5663,Collider_Roger_Body,0.0067394
253.5774,Collider_Roger_Body,0.006459619
253.5886,Collider_Roger_Body,0.007331452
253.5997,Collider_Roger_Body,0.005562486
253.6108,Collider_Roger_Body,0.00635958
253.6218,Collider_Roger_Body,0.006453794
253.6329,Collider_Roger_Body,0.01260434
253.6441,Collider_Roger_Body,0.02164233
253.6553,Collider_Roger_Body,0.02112462
253.6665,Collider_Roger_Body,0.01815527
253.6773,Collider_Roger_Body,0.01932867
253.6885,Collider_Roger_Body,0.02093771
253.7002,Collider_Roger_Body,0.02127616
253.7116,Collider_Roger_Body,0.01803976
253.7218,Collider_Roger_Body,0.01995102
253.733,Collider_Roger_Body,0.01738322
253.744,Collider_Roger_Body,0.01804957
253.7555,Collider_Roger_Body,0.01381845
253.7662,Collider_Roger_Body,0.01305476
253.7776,Collider_Roger_Body,0.01276188
253.7885,Collider_Roger_Body,0.01039927
253.7995,Collider_Roger_Body,0.01415765
253.8107,Collider_Roger_Body,0.01259453
253.8218,Collider_Roger_Body,0.01478966
253.8329,Collider_Roger_Body,0.01249948
253.844,Collider_Roger_Body,0.01338643
253.8553,Collider_Roger_Body,0.009725554
253.8663,Collider_Roger_Body,0.0093838
253.8773,Collider_Roger_Body,0.01067403
253.8885,Collider_Roger_Body,0.0075505
253.8998,Collider_Roger_Body,0.005409157
253.9108,Collider_Roger_Body,0.01047959
253.9217,Collider_Roger_Body,0.007077441
253.9329,Collider_Roger_Body,0.01380966
253.9439,Collider_Roger_Body,0.01041179
253.955,Collider_Roger_Body,0.01259871
253.9661,Collider_Roger_Body,0.01247008
253.9774,Collider_Roger_Body,0.008396039
253.9884,Collider_Roger_Body,0.007845292
253.9995,Collider_Roger_Body,0.01019787
254.0105,Collider_Roger_Body,0.01160405
254.0216,Collider_Roger_Body,0.008476826
254.033,Collider_Roger_Body,0.01101755
254.0441,Collider_Roger_Body,0.01907091
254.055,Collider_Roger_Body,0.01931723
254.0661,Collider_Roger_Body,0.01909229
254.0771,Collider_Roger_Body,0.015928
254.0883,Collider_Roger_Body,0.005693836
254.0995,Collider_Roger_Body,0.008071128
254.1105,Collider_Roger_Body,0.01796739
254.1217,Collider_Roger_Body,0.01661465
254.1329,Collider_Roger_Body,0.01697716
254.1438,Collider_Roger_Body,0.01688016
254.155,Collider_Roger_Body,0.01755456
254.166,Collider_Roger_Body,0.01824882
254.1771,Collider_Roger_Body,0.01801485
254.1883,Collider_Roger_Body,0.02223419
254.1994,Collider_Roger_Body,0.0266745
254.2104,Collider_Roger_Body,0.02998155
254.2217,Collider_Roger_Body,0.03448603
254.2326,Collider_Roger_Body,0.03475841
254.2438,Collider_Roger_Body,0.03856689
254.2549,Collider_Roger_Body,0.04012481
254.2659,Collider_Roger_Body,0.04083641
254.277,Collider_Roger_Body,0.04538514
254.2882,Collider_Roger_Body,0.0519504
254.2992,Collider_Roger_Body,0.0526393
254.3104,Collider_Roger_Body,0.04974864
254.3214,Collider_Roger_Body,0.0531451
254.3326,Collider_Roger_Body,0.04882668
254.3437,Collider_Roger_Body,0.04487848
254.355,Collider_Roger_Body,0.04110482
254.366,Collider_Roger_Body,0.0398134
254.377,Collider_Roger_Body,0.03110349
254.3881,Collider_Roger_Body,0.02073011
254.3992,Collider_Roger_Body,0.01164247
254.4112,Collider_Roger_Body,0.011937
254.4215,Collider_Roger_Body,0.01259852
254.4326,Collider_Roger_Body,0.01970045
254.4439,Collider_Roger_Body,0.02418874
254.4549,Collider_Roger_Body,0.0300913
254.4662,Collider_Roger_Body,0.03300823
254.4769,Collider_Roger_Body,0.03216304
254.488,Collider_Roger_Body,0.03046996
254.4991,Collider_Roger_Body,0.03069727
254.5104,Collider_Roger_Body,0.03151302
254.5214,Collider_Roger_Body,0.0305354
254.5325,Collider_Roger_Body,0.02794158
254.5438,Collider_Roger_Body,0.02267148
254.5547,Collider_Roger_Body,0.02115853
254.5658,Collider_Roger_Body,0.02096215
254.5773,Collider_Roger_Body,0.0194635
254.588,Collider_Hypoli_Body,0.01528077
254.5991,Collider_Hypoli_Body,0.01474031
254.6103,Collider_Hypoli_Body,0.01513938
254.6215,Collider_Roger_Body,0.02241317
254.6325,Collider_Roger_Body,0.02475138
254.6436,Collider_Hypoli_Body,0.02782443
254.655,Collider_Hypoli_Body,0.03511905
254.6658,Collider_Roger_Body,0.04407998
254.6768,Collider_Hypoli_Body,0.04906033
254.6879,Collider_Hypoli_Body,0.05731763
254.6991,Collider_Hypoli_Body,0.05822064
254.7102,Collider_Hypoli_Body,0.05462932
254.7213,Collider_Hypoli_Body,0.05579658
254.7324,Collider_Hypoli_Body,0.05528463
254.7435,Collider_Hypoli_Body,0.05662542
254.7546,Collider_Hypoli_Body,0.05461235
254.7657,Collider_Hypoli_Body,0.0537774
254.7768,Collider_Hypoli_Body,0.05047502
254.788,Collider_Hypoli_Body,0.04971221
254.7993,Collider_Hypoli_Body,0.05772967
254.8103,Collider_Hypoli_Body,0.05463797
254.8213,Collider_Hypoli_Body,0.0582803
254.8325,Collider_Hypoli_Body,0.05797996
254.8438,Collider_Hypoli_Body,0.05668982
254.8546,Collider_Hypoli_Body,0.05222838
254.8657,Collider_Hypoli_Body,0.04869879
254.8768,Collider_Hypoli_Body,0.03818312
254.8878,Collider_Hypoli_Body,0.0326597
254.899,Collider_Hypoli_Body,0.02987282
254.9104,Collider_Hypoli_Body,0.02440521
254.9212,Collider_Hypoli_Body,0.01652998
254.9323,Collider_Hypoli_Body,0.02388828
254.9434,Collider_Hypoli_Body,0.03025243
254.9546,Collider_Hypoli_Body,0.04663095
254.9655,Collider_Hypoli_Body,0.0495055
254.9767,Collider_Hypoli_Body,0.05428575
254.9879,Collider_Hypoli_Body,0.05999164
254.999,Collider_Hypoli_Body,0.06682762
255.01,Collider_Hypoli_Body,0.07865794
255.0212,Collider_Hypoli_Body,0.08162616
255.0323,Collider_Hypoli_Body,0.08447959
255.0434,Collider_Hypoli_Body,0.09444814
255.0544,Collider_Hypoli_Body,0.09544916
255.0656,Collider_Hypoli_Body,0.1018916
255.0766,Collider_Hypoli_Body,0.09806283
255.0878,Collider_Hypoli_Body,0.09570368
255.0989,Collider_Hypoli_Body,0.09052944
255.1102,Collider_Hypoli_Body,0.08443483
255.121,Collider_Hypoli_Body,0.08070863
255.1322,Collider_Hypoli_Body,0.07729957
255.1437,Collider_Hypoli_Body,0.06960357
255.1545,Collider_Hypoli_Body,0.06491302
255.1655,Collider_Hypoli_Body,0.06377143
255.1766,Collider_Hypoli_Body,0.05872806
255.1878,Collider_Hypoli_Body,0.05496963
255.1989,Collider_Hypoli_Body,0.04903806
255.2099,Collider_Hypoli_Body,0.04968834
255.2211,Collider_Hypoli_Body,0.05327872
255.2322,Collider_Hypoli_Body,0.05238204
255.2433,Collider_Hypoli_Body,0.05070928
255.2544,Collider_Hypoli_Body,0.05541158
255.2655,Collider_Hypoli_Body,0.0513382
255.2766,Collider_Hypoli_Body,0.05130401
255.2877,Collider_Hypoli_Body,0.05238731
255.2989,Collider_Hypoli_Body,0.05213329
255.3099,Collider_Hypoli_Body,0.05212564
255.3213,Collider_Hypoli_Body,0.05391683
255.3323,Collider_Hypoli_Body,0.05494687
255.3435,Collider_Hypoli_Body,0.05369602
255.3544,Collider_Hypoli_Body,0.05281936
255.3655,Collider_Hypoli_Body,0.05224016
255.3765,Collider_Hypoli_Body,0.05459391
255.3877,Collider_Hypoli_Body,0.05765256
255.3989,Collider_Hypoli_Body,0.05498717
255.4099,Collider_Hypoli_Body,0.05073766
255.421,Collider_Hypoli_Body,0.0523997
255.4321,Collider_Hypoli_Body,0.04715717
255.4433,Collider_Hypoli_Body,0.03960401
255.4546,Collider_Hypoli_Body,0.03497288
255.4655,Collider_Hypoli_Body,0.03062984
255.4766,Collider_Hypoli_Body,0.03065897
255.4876,Collider_Hypoli_Body,0.03360847
255.4987,Collider_Hypoli_Body,0.03271391
255.51,Collider_Hypoli_Body,0.03812361
255.5209,Collider_Hypoli_Body,0.03567487
255.5321,Collider_Hypoli_Body,0.03548875
255.5432,Collider_Hypoli_Body,0.04099315
255.5543,Collider_Hypoli_Body,0.04553217
255.5653,Collider_Hypoli_Body,0.05089686
255.5764,Collider_Hypoli_Body,0.05914908
255.5878,Collider_Hypoli_Body,0.06530418
255.5988,Collider_Hypoli_Body,0.07066924
255.6099,Collider_Hypoli_Body,0.07308014
255.6211,Collider_Hypoli_Body,0.07286358
255.632,Collider_Hypoli_Body,0.07609984
255.6433,Collider_Hypoli_Body,0.07809214
255.6541,Collider_Hypoli_Body,0.08314143
255.6652,Collider_Hypoli_Body,0.08444784
255.6764,Collider_Hypoli_Body,0.09562872
255.688,Collider_Hypoli_Body,0.105845
255.6986,Collider_Hypoli_Body,0.1181602
255.7098,Collider_Hypoli_Body,0.133489
255.7208,Collider_Hypoli_Body,0.1500899
255.732,Collider_Hypoli_Body,0.1669766
255.7433,Collider_Hypoli_Body,0.1763698
255.7541,Collider_Hypoli_Body,0.1890745
255.7654,Collider_Hypoli_Body,0.1985252
255.7763,Collider_Hypoli_Body,0.2174511
255.7875,Collider_Hypoli_Body,0.2330485
255.7985,Collider_Roger_Body,0.2475174
255.8099,Collider_Roger_Body,0.2537343
255.8208,Collider_Roger_Body,0.2508879
255.8322,Collider_Roger_Body,0.2456609
255.8431,Collider_Roger_Body,0.2476454
255.8541,Collider_Roger_Body,0.240383
255.8652,Collider_Roger_Body,0.2457544
255.8763,Collider_Roger_Body,0.2576823
255.8875,Collider_Roger_Body,0.2752709
255.8985,Collider_Roger_Body,0.2992136
255.9098,Collider_Roger_Body,0.328675
255.9208,Collider_Roger_Body,0.3528864
255.9322,Collider_Roger_Body,0.3691911
255.9431,Collider_Roger_Body,0.3805069
255.954,Collider_Roger_Body,0.400875
255.9651,Collider_Roger_Body,0.4163471
255.9763,Collider_Roger_Body,0.4326622
255.9873,Collider_Roger_Body,0.4413465
255.9985,Collider_Roger_Body,0.4528301
256.0097,Collider_Roger_Body,0.4493392
256.0209,Collider_Roger_Body,0.4495935
256.032,Collider_Roger_Body,0.4475655
256.0434,Collider_Roger_Body,0.4379398
256.054,Collider_Roger_Body,0.4240071
256.0652,Collider_Roger_Body,0.4100316
256.0762,Collider_Roger_Body,0.3938996
256.0874,Collider_Roger_Body,0.3825607
256.0984,Collider_Roger_Body,0.3670654
256.1095,Collider_Roger_Body,0.3414956
256.1206,Collider_Roger_Body,0.3250624
256.1317,Collider_Roger_Body,0.3144603
256.143,Collider_Roger_Body,0.3094936
256.1541,Collider_Roger_Body,0.2916141
256.1652,Collider_Roger_Body,0.2851939
256.1762,Collider_Roger_Body,0.2776808
256.1872,Collider_Roger_Body,0.2765297
256.1983,Collider_Roger_Body,0.272471
256.2094,Collider_Roger_Body,0.2703057
256.2205,Collider_Roger_Body,0.2677023
256.2317,Collider_Roger_Body,0.2671511
256.2432,Collider_Roger_Body,0.2629515
256.2539,Collider_Roger_Body,0.2563602
256.265,Collider_Roger_Body,0.2510661
256.2761,Collider_Roger_Body,0.2520188
256.2871,Collider_Roger_Body,0.2481378
256.2982,Collider_Roger_Body,0.2517287
256.3094,Collider_Roger_Body,0.2590362
256.3205,Collider_Roger_Body,0.268602
256.3316,Collider_Roger_Body,0.2888603
256.3427,Collider_Roger_Body,0.3080575
256.3537,Collider_Roger_Body,0.3201543
256.3651,Collider_Roger_Body,0.3209309
256.376,Collider_Roger_State_action,0.3282445
256.3873,Collider_Roger_State_action,0.3372014
256.3983,Collider_Roger_State_action,0.3525282
256.4095,Collider_Roger_State_action,0.3644249
256.4207,Collider_Roger_State_action,0.3708747
256.4319,Collider_Roger_State_action,0.3784266
256.4428,Collider_Roger_State_action,0.3904985
256.4543,Collider_Roger_State_action,0.4062422
256.465,Collider_Roger_State_action,0.4195044
256.4761,Collider_Roger_State_action,0.4242186
256.4872,Collider_Roger_State_action,0.4264225
256.4983,Collider_Roger_State_action,0.4324082
256.5095,Collider_Roger_State_action,0.4434668
256.5204,Collider_Roger_State_action,0.4668169
256.5315,Collider_Roger_State_action,0.4914739
256.5427,Collider_Roger_State_action,0.5207897
256.5538,Collider_Roger_State_action,0.5337433
256.5649,Collider_Roger_State_action,0.5364015
256.5759,Collider_Roger_State_action,0.5322313
256.587,Collider_Roger_State_action,0.5316085
256.5981,Collider_Roger_State_action,0.5343268
256.6093,Collider_Roger_State_action,0.5474346
256.6204,Collider_Roger_State_action,0.5771532
256.6315,Collider_Roger_State_action,0.6145705
256.6428,Collider_Roger_State_action,0.6489318
256.6538,Collider_Roger_State_action,0.6738906
256.6649,Collider_Roger_State_action,0.6800761
256.6758,Collider_Roger_State_action,0.6797644
256.6871,Collider_Roger_State_action,0.6744394
256.6983,Collider_Roger_State_action,0.6749029
256.7094,Collider_Roger_State_action,0.6689789
256.7206,Collider_Roger_State_action,0.6668934
256.7314,Collider_Roger_State_action,0.6547154
256.7425,Collider_Roger_State_action,0.6477395
256.7538,Collider_Roger_State_action,0.6453767
256.7648,Collider_Roger_State_action,0.6397614
256.7759,Collider_Roger_State_action,0.6419848
256.787,Collider_Roger_State_action,0.6516047
256.7981,Collider_Roger_State_action,0.6562047
256.8092,Collider_Roger_State_action,0.6537935
256.8203,Collider_Roger_State_action,0.6342659
256.8321,Collider_Roger_State_action,0.6095478
256.8426,Collider_Roger_State_action,0.5700988
256.8537,Collider_Roger_State_action,0.5241228
256.8647,Collider_Roger_Body,0.4819096
256.8758,Collider_Roger_Body,0.4602275
256.8869,Collider_Roger_Body,0.4643079
256.898,Collider_Roger_Body,0.4794801
256.9091,Collider_Roger_Body,0.4827353
256.9204,Collider_Roger_Body,0.4821612
256.9315,Collider_Roger_Body,0.4755883
256.9426,Collider_Roger_Body,0.4769628
256.9536,Collider_Roger_Body,0.4868459
256.9647,Collider_Roger_Body,0.494725
256.9759,Collider_Roger_Body,0.4826223
256.9869,Collider_Roger_Body,0.4437548
256.9979,Collider_Roger_Body,0.3816693
257.0094,Collider_Roger_Body,0.3218295
257.0204,Collider_Roger_Body,0.2823731
257.0314,Collider_Roger_Body,0.2653866
257.0427,Collider_Roger_Body,0.2682542
257.0536,Collider_Roger_Body,0.2613639
257.0647,Collider_Roger_Body,0.2617532
257.0758,Collider_Roger_Body,0.2797413
257.087,Collider_Roger_Body,0.3448772
257.0982,Collider_Roger_Body,0.4134826
257.109,Collider_Roger_Body,0.5049648
257.1202,Collider_Roger_Body,0.5961663
257.1313,Collider_Roger_Body,0.6762083
257.1424,Collider_Roger_Body,0.7568371
257.1535,Collider_Roger_Body,0.8125148
257.1651,Collider_Roger_Body,0.880072
257.1757,Collider_Hypoli_Body,0.9463645
257.1868,Collider_Hypoli_Body,1.004875
257.1979,Collider_Hypoli_Body,1.060222
257.209,Collider_Hypoli_Body,1.1317
257.2202,Collider_Hypoli_Body,1.19138
257.2314,Collider_Hypoli_Body,1.251613
257.2423,Collider_Hypoli_Body,1.317357
257.2536,Collider_Hypoli_Body,1.355189
257.2646,Collider_Hypoli_Body,1.391616
257.2756,Collider_Hypoli_Body,1.410969
257.2867,Collider_Hypoli_Body,1.425236
257.2979,Collider_Hypoli_Body,1.430684
257.3089,Collider_Hypoli_Body,1.423232
257.32,Collider_Hypoli_Body,1.414577
257.3314,Collider_Hypoli_Body,1.396409
257.3423,Collider_Hypoli_Body,1.370552
257.3535,Collider_Hypoli_Body,1.333686
257.3644,Collider_Hypoli_Body,1.292585
257.3758,Collider_Hypoli_Body,1.244444
257.3868,Collider_Hypoli_Body,1.211144
257.398,Collider_Hypoli_Body,1.174045
257.41,Collider_Hypoli_Body,1.120886
257.42,Collider_Hypoli_Body,1.070682
257.431,Collider_Hypoli_Body,1.012436
257.4423,Collider_Hypoli_Body,0.9488654
257.4536,Collider_Hypoli_Body,0.8735974
257.4644,Collider_Hypoli_Body,0.80761
257.4754,Collider_Hypoli_Body,0.7381037
257.4866,Collider_Hypoli_Body,0.6617417
257.4977,Collider_Hypoli_Body,0.5949338
257.5088,Collider_Hypoli_Body,0.5238491
257.5203,Collider_Hypoli_Body,0.4655028
257.531,Collider_Hypoli_Body,0.3958183
257.5422,Collider_Hypoli_Body,0.3390839
257.5533,Collider_Hypoli_Body,0.2750272
257.5643,Collider_Hypoli_Body,0.2406382
257.5755,Collider_Hypoli_Body,0.2380351
257.5866,Collider_Hypoli_Body,0.2560278
257.5977,Collider_Hypoli_Body,0.2661676
257.6089,Collider_Hypoli_Body,0.2603972
257.62,Collider_Hypoli_Body,0.2455892
257.631,Collider_Hypoli_Body,0.2157709
257.6423,Collider_Hypoli_Body,0.2065783
257.6533,Collider_Hypoli_Body,0.2087658
257.6643,Collider_Hypoli_Body,0.2174411
257.6754,Collider_Hypoli_Body,0.2198953
257.6866,Collider_Hypoli_Body,0.2133993
257.6977,Collider_Hypoli_Body,0.194965
257.709,Collider_Hypoli_Body,0.1706183
257.7198,Collider_Hypoli_Body,0.1342087
257.7313,Collider_Hypoli_Body,0.1092642
257.7422,Collider_Hypoli_Body,0.09595503
257.7532,Collider_Hypoli_Body,0.1161548
257.7643,Collider_Hypoli_Body,0.1370914
257.7754,Collider_Hypoli_Body,0.1741356
257.7866,Collider_Hypoli_Body,0.1971258
257.7977,Collider_Hypoli_Body,0.2213839
257.8088,Collider_Hypoli_Body,0.2442255
257.82,Collider_Hypoli_Body,0.2553203
257.8313,Nullreference,0.2721061
257.8425,Nullreference,0.2763849
257.8535,Nullreference,0.2813079
257.8646,Nullreference,0.2875213
257.8757,Nullreference,0.2997239
257.8868,Nullreference,0.3134418
257.8979,Nullreference,0.3199904
257.909,Nullreference,0.3231431
257.9201,Nullreference,0.3240393
257.9313,Nullreference,0.3175785
257.9424,Nullreference,0.3091682
257.9535,Nullreference,0.2908961
257.9644,Nullreference,0.2803376
257.9756,Nullreference,0.2615509
257.9867,Nullreference,0.2444967
257.9977,Nullreference,0.2339566
258.0089,Nullreference,0.2273376
258.0204,Nullreference,0.2176296
258.0311,Nullreference,0.2078221
258.0421,Nullreference,0.1945326
258.0535,Nullreference,0.1868305
258.0645,Nullreference,0.1804625
258.0756,Nullreference,0.1755166
258.0867,Nullreference,0.1735175
258.0979,Nullreference,0.1698403
258.1089,Nullreference,0.1627407
258.1199,Nullreference,0.1546068
258.1311,Nullreference,0.1482403
258.1424,Nullreference,0.1430112
258.1535,Nullreference,0.1327185
258.1646,Nullreference,0.1238548
258.1757,Nullreference,0.1190971
258.1869,Nullreference,0.1163637
258.1978,Nullreference,0.115795
258.2088,Nullreference,0.1141582
258.2202,Nullreference,0.1141725
258.231,Nullreference,0.1101528
258.2421,Nullreference,0.1104107
258.2534,Nullreference,0.1096435
258.2646,Nullreference,0.1034652
258.2755,Nullreference,0.09696754
258.2866,Nullreference,0.09448613
258.2978,Nullreference,0.09888138
258.3088,Nullreference,0.1016284
258.3199,Nullreference,0.1151719
258.3311,Nullreference,0.1278219
258.342,Nullreference,0.1359838
258.3532,Nullreference,0.1547388
258.3645,Nullreference,0.1689708
258.3754,Nullreference,0.1916405
258.3866,Nullreference,0.2133886
258.398,Nullreference,0.2296415
258.4088,Nullreference,0.2468922
258.4199,Nullreference,0.2532943
258.4309,Nullreference,0.2652875
258.442,Nullreference,0.2658566
258.4535,Nullreference,0.2690693
258.4644,Nullreference,0.2644614
258.4756,Nullreference,0.2602846
258.4867,Nullreference,0.2478199
258.4977,Nullreference,0.2405701
258.5088,Nullreference,0.2309427
258.5199,Nullreference,0.2137522
258.5309,Nullreference,0.202388
258.5419,Nullreference,0.1878603
258.5531,Nullreference,0.171837
258.5641,Nullreference,0.1511461
258.5754,Nullreference,0.1359402
258.5864,Nullreference,0.1194902
258.5975,Nullreference,0.1053512
258.6086,Nullreference,0.09016337
258.6197,Nullreference,0.07495075
258.6307,Nullreference,0.06572248
258.6423,Nullreference,0.06392388
258.6531,Nullreference,0.05850412
258.6643,Nullreference,0.05212304
258.6752,Nullreference,0.04969366
258.6864,Nullreference,0.04805554
258.6978,Nullreference,0.05576787
258.7086,Nullreference,0.06462696
258.7198,Nullreference,0.07268082
258.7309,Nullreference,0.08167774
258.7418,Nullreference,0.0864898
258.7533,Nullreference,0.08724629
258.7641,Nullreference,0.09073853
258.7758,Nullreference,0.09055341
258.7864,Nullreference,0.08476294
258.7975,Nullreference,0.08358029
258.8086,Nullreference,0.07556446
258.8197,Nullreference,0.06931596
258.8309,Nullreference,0.06352639
258.8418,Nullreference,0.05939071
258.8529,Nullreference,0.05504727
258.8642,Nullreference,0.04570577
258.8751,Nullreference,0.04276133
258.8863,Nullreference,0.03935484
258.8976,Nullreference,0.04330663
258.9084,Nullreference,0.04526507
258.9196,Nullreference,0.0442086
258.9313,Nullreference,0.03474674
258.9418,Nullreference,0.02700234
258.953,Nullreference,0.02422615
258.9641,Nullreference,0.03017828
258.9753,Nullreference,0.02725903
258.9862,Nullreference,0.03250533
258.9974,Nullreference,0.03661791
259.0085,Nullreference,0.0327955
259.0196,Nullreference,0.03686855
259.0306,Nullreference,0.04050872
259.0418,Nullreference,0.0449357
259.0529,Nullreference,0.05398964
259.0639,Nullreference,0.06775352
259.075,Nullreference,0.07350132
259.0864,Nullreference,0.08560912
259.0974,Nullreference,0.09286989
259.1084,Nullreference,0.1015005
259.1196,Nullreference,0.1069632
259.1306,Nullreference,0.1139396
259.1417,Nullreference,0.1184978
259.1527,Nullreference,0.1218441
259.1639,Nullreference,0.1196028
259.175,Nullreference,0.1204422
259.1861,Nullreference,0.1092205
259.1972,Nullreference,0.100849
259.2083,Nullreference,0.09600649
259.2195,Nullreference,0.09010812
259.2305,Nullreference,0.08998306
259.2416,Nullreference,0.0828433
259.2529,Nullreference,0.08177291
259.2639,Nullreference,0.07723004
259.275,Nullreference,0.07490023
259.2861,Nullreference,0.0651723
259.2972,Nullreference,0.05459652
259.3083,Nullreference,0.0503669
259.3194,Nullreference,0.04510538
259.3306,Nullreference,0.03984217
259.3418,Nullreference,0.0374597
259.3528,Nullreference,0.03682926
259.3639,Nullreference,0.02986713
259.3749,Nullreference,0.02867267
259.3862,Nullreference,0.02303218
259.3972,Nullreference,0.0158785
259.4084,Nullreference,0.01454671
259.4196,Nullreference,0.01156136
259.4306,Nullreference,0.01081491
259.4416,Nullreference,0.0194777
259.4533,Nullreference,0.02732399
259.4641,Nullreference,0.03082014
259.4751,Nullreference,0.03703192
259.4861,Nullreference,0.04613545
259.4972,Nullreference,0.04788607
259.5084,Nullreference,0.05392729
259.5193,Nullreference,0.05858591
259.5306,Nullreference,0.05805086
259.5417,Nullreference,0.06103336
259.5529,Nullreference,0.06897677
259.5638,Nullreference,0.06744683
259.5749,Nullreference,0.05996928
259.5861,Nullreference,0.05302661
259.5971,Nullreference,0.04674381
259.6082,Nullreference,0.04028081
259.6195,Nullreference,0.04213454
259.6306,Nullreference,0.04282142
259.6417,Nullreference,0.04726645
259.653,Nullreference,0.04357791
259.6645,Nullreference,0.0459311
259.675,Nullreference,0.03670042
259.6861,Nullreference,0.04144825
259.6971,Nullreference,0.03989549
259.7082,Nullreference,0.04489072
259.7195,Nullreference,0.05423386
259.7305,Nullreference,0.05545886
259.7416,Nullreference,0.06509282
259.7529,Nullreference,0.06569517
259.7638,Nullreference,0.0630175
259.7749,Nullreference,0.06750104
259.7859,Nullreference,0.05629785
259.7972,Nullreference,0.04557485
259.8083,Nullreference,0.03843024
259.8195,Nullreference,0.02913751
259.8305,Nullreference,0.02491774
259.8416,Nullreference,0.02941741
259.8527,Nullreference,0.02985245
259.8639,Nullreference,0.03209998
259.8748,Nullreference,0.03794322
259.8864,Nullreference,0.03973149
259.897,Nullreference,0.04488658
259.9082,Nullreference,0.04304063
259.9195,Nullreference,0.04577319
259.9305,Nullreference,0.04393402
259.9414,Nullreference,0.04726218
259.9529,Nullreference,0.04297846
259.9637,Nullreference,0.0353083
259.9748,Nullreference,0.03082683
259.9859,Nullreference,0.02839377
259.997,Nullreference,0.02612035
260.008,Nullreference,0.02212592
260.0192,Nullreference,0.01709337
260.0302,Nullreference,0.0194685
260.0416,Nullreference,0.01542716
260.0525,Nullreference,0.01856438
260.0636,Nullreference,0.01707132
260.0746,Nullreference,0.01552033
260.086,Nullreference,0.008693642
260.0971,Nullreference,0.007922241
260.108,Nullreference,0.006090956
260.1195,Nullreference,0.01767887
260.1305,Nullreference,0.02513298
260.1414,Nullreference,0.02458093
260.1526,Nullreference,0.02996914
260.1637,Nullreference,0.02835027
260.1747,Nullreference,0.02863315
260.1859,Nullreference,0.03139928
260.197,Nullreference,0.03930051
260.208,Nullreference,0.04076817
260.2192,Nullreference,0.03360374
260.2301,Nullreference,0.03708987
260.2414,Nullreference,0.03993257
260.2525,Nullreference,0.03436228
260.2636,Nullreference,0.03739581
260.2747,Nullreference,0.04297414
260.2858,Nullreference,0.04179267
260.2969,Nullreference,0.04431414
260.3084,Nullreference,0.04484194
260.3191,Nullreference,0.04309906
260.3302,Nullreference,0.04422738
260.3416,Nullreference,0.03643427
260.3525,Nullreference,0.02993996
260.3635,Nullreference,0.02356152
260.3746,Nullreference,0.02152902
260.3857,Nullreference,0.02297116
260.3968,Nullreference,0.02516934
260.4081,Nullreference,0.02475684
260.419,Nullreference,0.01879464
260.4301,Nullreference,0.02163505
260.4412,Nullreference,0.02174546
260.4522,Nullreference,0.02572618
260.4637,Nullreference,0.02256275
260.4745,Nullreference,0.02288751
260.4866,Nullreference,0.0241391
260.4969,Nullreference,0.02456814
260.5079,Nullreference,0.03214955
260.519,Nullreference,0.02768785
260.53,Nullreference,0.02936327
260.5411,Collider_Hypoli_Body,0.02950279
260.5522,Collider_Hypoli_Body,0.02358104
260.5633,Collider_Hypoli_Body,0.02270275
260.5744,Collider_Hypoli_Body,0.0188857
260.5859,Collider_Hypoli_Body,0.01814209
260.5968,Collider_Hypoli_Body,0.02015194
260.6078,Collider_Hypoli_Body,0.01851005
260.6188,Collider_Hypoli_Body,0.01371061
260.6302,Collider_Hypoli_Body,0.02305858
260.6411,Collider_Hypoli_Body,0.02215742
260.6524,Collider_Hypoli_Body,0.01947049
260.6632,Collider_Hypoli_Body,0.02070935
260.6744,Collider_Hypoli_Body,0.02095683
260.6855,Collider_Hypoli_Body,0.02839277
260.6965,Collider_Hypoli_Body,0.04232729
260.7077,Collider_Hypoli_Body,0.05170841
260.7188,Collider_Hypoli_Body,0.05204156
260.7298,Collider_Hypoli_Body,0.04079924
260.7409,Collider_Hypoli_Body,0.03438416
260.7521,Collider_Hypoli_Body,0.02961177
260.7632,Collider_Hypoli_Body,0.02299391
260.7742,Collider_Hypoli_Body,0.01767311
260.7856,Collider_Hypoli_Body,0.01338353
260.7966,Collider_Hypoli_Body,0.01613438
260.8075,Collider_Hypoli_Body,0.0124033
260.8186,Collider_Hypoli_Body,0.0110945
260.8298,Collider_Hypoli_Body,0.0144928
260.8409,Collider_Hypoli_Body,0.01497218
260.8521,Collider_Hypoli_Body,0.01582014
260.8633,Collider_Hypoli_Body,0.01526174
260.8742,Collider_Hypoli_Body,0.01650516
260.8855,Collider_Hypoli_Body,0.01898642
260.8964,Collider_Roger_Body,0.01933365
260.9076,Collider_Roger_Body,0.01740862
260.9189,Collider_Roger_Body,0.01354263
260.9297,Collider_Roger_Body,0.006737589
260.9408,Collider_Roger_Body,0.01164973
260.952,Collider_Roger_Body,0.01871399
260.9631,Collider_Roger_Body,0.019585
260.9741,Collider_Roger_Body,0.03211725
260.9852,Collider_Roger_Body,0.03516278
260.9966,Collider_Roger_Body,0.03573056
261.0074,Collider_Roger_Body,0.03835119
261.0187,Collider_Roger_Body,0.03018647
261.0297,Collider_Roger_Body,0.02867861
261.0407,Collider_Roger_Body,0.02186788
261.0519,Collider_Roger_Body,0.02007696
261.063,Collider_Roger_Body,0.01600113
261.0741,Collider_Roger_Body,0.01707434
261.0852,Collider_Roger_Body,0.01529477
261.0963,Collider_Roger_Body,0.01864224
261.1074,Collider_Roger_Body,0.02035935
261.1186,Collider_Roger_Body,0.0235904
261.1298,Collider_Roger_Body,0.02475162
261.1409,Collider_Roger_Body,0.02698066
261.1521,Collider_Roger_Body,0.0250321
261.1631,Collider_Roger_Body,0.01987028
261.1743,Collider_Roger_Body,0.01766682
261.1854,Collider_Roger_Body,0.01827345
261.1963,Collider_Roger_Body,0.01451584
261.2074,Collider_Roger_Body,0.01610899
261.2186,Collider_Roger_Body,0.01585128
261.2297,Collider_Roger_Body,0.01851818
261.2407,Collider_Roger_Body,0.01575385
261.2519,Collider_Roger_Body,0.02057303
261.2629,Collider_Roger_Body,0.02099112
261.274,Collider_Roger_Body,0.02301946
261.2852,Collider_Roger_Body,0.02990107
261.2963,Collider_Roger_Body,0.02848565
261.3074,Collider_Roger_Body,0.03079041
261.3187,Collider_Roger_Body,0.03284542
261.3295,Collider_Roger_Body,0.038407
261.3406,Collider_Roger_Body,0.04598998
261.3517,Collider_Roger_Body,0.04825078
261.3629,Collider_Roger_Body,0.05047487
261.374,Collider_Roger_Body,0.05333268
261.3851,Collider_Roger_Body,0.05090402
261.3961,Collider_Roger_Body,0.0526264
261.4074,Collider_Roger_Body,0.04973305
261.4186,Collider_Roger_Body,0.05330772
261.4295,Collider_Roger_Body,0.05852494
261.4406,Collider_Roger_Body,0.0561814
261.4517,Collider_Roger_Body,0.05546061
261.4631,Collider_Roger_Body,0.0562773
261.4741,Collider_Roger_Body,0.05658809
261.4851,Collider_Roger_Body,0.05522725
261.4962,Collider_Roger_Body,0.05283092
261.5073,Collider_Roger_Body,0.05245635
261.5184,Collider_Roger_Body,0.04653612
261.5295,Collider_Roger_Body,0.04304143
261.5405,Collider_Roger_Body,0.04509185
261.5517,Collider_Roger_Body,0.04805489
261.5628,Collider_Roger_Body,0.04440978
261.5739,Collider_Roger_Body,0.04510167
261.585,Collider_Roger_Body,0.03864563
261.5963,Collider_Roger_Body,0.03859253
261.6072,Collider_Roger_Body,0.03724882
261.6184,Collider_Roger_Body,0.03545244
261.6297,Collider_Roger_Body,0.0392711
261.6407,Collider_Roger_Body,0.0379343
261.6557,Collider_Hypoli_Body,0.03921818
261.6635,Collider_Hypoli_Body,0.0392037
261.6719,Collider_Hypoli_Body,0.03688165
261.6831,Collider_Hypoli_Body,0.03254538
261.6942,Collider_Hypoli_Body,0.02995394
261.7054,Collider_Hypoli_Body,0.02691066
261.7166,Collider_Hypoli_Body,0.02532899
261.7276,Collider_Hypoli_Body,0.02515541
261.7386,Collider_Hypoli_Body,0.01956094
261.7497,Collider_Hypoli_Body,0.02251728
261.7608,Collider_Hypoli_Body,0.02344004
261.772,Collider_Hypoli_Body,0.02111686
261.7831,Collider_Hypoli_Body,0.02466885
261.7941,Collider_Hypoli_Body,0.02506817
261.8053,Collider_Hypoli_Body,0.02422063
261.8163,Collider_Hypoli_Body,0.02650996
261.8284,Collider_Hypoli_Body,0.02920465
261.8387,Collider_Hypoli_Body,0.02812457
261.8497,Collider_Hypoli_Body,0.0272535
261.8609,Collider_Hypoli_Body,0.02546734
261.8719,Collider_Hypoli_Body,0.02776167
261.883,Collider_Hypoli_Body,0.02806195
261.8942,Collider_Hypoli_Body,0.03134789
261.9052,Collider_Hypoli_Body,0.027381
261.9164,Collider_Hypoli_Body,0.03529607
261.9275,Collider_Hypoli_Body,0.03739555
261.9387,Collider_Hypoli_Body,0.02963929
261.9497,Collider_Hypoli_Body,0.02262791
261.9608,Collider_Hypoli_Body,0.02179379
261.9719,Collider_Hypoli_Body,0.02774478
261.9831,Collider_Hypoli_Body,0.02523461
261.9942,Collider_Hypoli_Body,0.02668158
262.0052,Collider_Hypoli_Body,0.02679161
262.0165,Collider_Hypoli_Body,0.03384972
262.0279,Collider_Hypoli_Body,0.03148711
262.039,Collider_Hypoli_Body,0.03637781
262.0504,Collider_Hypoli_Body,0.03233266
262.0615,Collider_Hypoli_Body,0.03414983
262.0727,Collider_Hypoli_Body,0.03692608
262.0841,Collider_Hypoli_Body,0.03602901
262.0953,Collider_Hypoli_Body,0.03798274
262.1066,Collider_Hypoli_Body,0.04073898
262.1178,Collider_Hypoli_Body,0.04786848
262.1291,Collider_Hypoli_Body,0.06218522
262.1403,Collider_Hypoli_Body,0.06941711
262.1517,Collider_Hypoli_Body,0.07606808
262.1626,Collider_Hypoli_Body,0.08429957
262.1738,Collider_Hypoli_Body,0.08877888
262.1854,Collider_Hypoli_Body,0.09455612
262.196,Collider_Hypoli_Body,0.09484942
262.207,Collider_Hypoli_Body,0.09828171
262.2184,Collider_Hypoli_Body,0.1021099
262.2292,Collider_Hypoli_Body,0.09939662
262.2404,Collider_Hypoli_Body,0.106348
262.2515,Collider_Hypoli_Body,0.1048582
262.2626,Collider_Hypoli_Body,0.1087008
262.2739,Collider_Hypoli_Body,0.1117615
262.285,Collider_Hypoli_Body,0.1133745
262.2959,Collider_Hypoli_Body,0.1156383
262.307,Collider_Hypoli_Body,0.1083727
262.3181,Collider_Hypoli_Body,0.1109582
262.3292,Collider_Hypoli_Body,0.1109925
262.3405,Collider_Hypoli_Body,0.1106135
262.3516,Collider_Hypoli_Body,0.1029614
262.3626,Collider_Hypoli_Body,0.09173965
262.3737,Collider_Hypoli_Body,0.08513867
262.3847,Collider_Hypoli_Body,0.07663475
262.3959,Collider_Hypoli_Body,0.07193486
262.4069,Collider_Hypoli_Body,0.05799508
262.4183,Collider_Hypoli_Body,0.04553079
262.4292,Collider_Hypoli_Body,0.027624
262.4402,Collider_Hypoli_Body,0.02091101
262.4513,Collider_Hypoli_Body,0.02644869
262.4627,Collider_Hypoli_Body,0.03376466
262.4738,Collider_Hypoli_Body,0.03793707
262.4848,Collider_Hypoli_Body,0.03993864
262.496,Collider_Hypoli_Body,0.0433921
262.507,Collider_Hypoli_Body,0.04083194
262.5181,Collider_Hypoli_Body,0.04731427
262.5291,Collider_Hypoli_Body,0.04787272
262.5404,Collider_Hypoli_Body,0.04857795
262.5515,Collider_Hypoli_Body,0.0532487
262.5626,Collider_Hypoli_Body,0.05300598
262.5736,Collider_Hypoli_Body,0.05691152
262.585,Collider_Hypoli_Body,0.061583
262.5958,Collider_Hypoli_Body,0.06357355
262.6069,Collider_Hypoli_Body,0.0709373
262.618,Collider_Hypoli_Body,0.08018664
262.6291,Collider_Hypoli_Body,0.0864292
262.6402,Collider_Hypoli_Body,0.09390303
262.6513,Collider_Hypoli_Body,0.1027348
262.6625,Collider_Hypoli_Body,0.1101944
262.6735,Collider_Hypoli_Body,0.1257681
262.6846,Collider_Hypoli_Body,0.1380022
262.6958,Collider_Hypoli_Body,0.1530062
262.7069,Collider_Hypoli_Body,0.1772767
262.718,Collider_Hypoli_Body,0.1993984
262.7291,Collider_Hypoli_Body,0.2183751
262.7401,Collider_Hypoli_Body,0.2393
262.7513,Collider_Hypoli_Body,0.25736
262.7622,Collider_Hypoli_Body,0.2742156
262.7736,Collider_Hypoli_Body,0.2875319
262.7845,Collider_Hypoli_Body,0.2992681
262.7959,Collider_Hypoli_Body,0.3103414
262.8069,Collider_Hypoli_Body,0.3239001
262.818,Collider_Hypoli_Body,0.3326299
262.829,Collider_Hypoli_Body,0.3390895
262.84,Collider_Hypoli_Body,0.3443952
262.8511,Collider_Hypoli_Body,0.3523259
262.8624,Collider_Hypoli_Body,0.3530271
262.8734,Collider_Hypoli_Body,0.3507143
262.8847,Collider_Hypoli_Body,0.3477553
262.8957,Collider_Hypoli_Body,0.3419742
262.9067,Collider_Hypoli_Body,0.3405408
262.9179,Collider_Hypoli_Body,0.3339468
262.9293,Collider_Hypoli_Body,0.3296979
262.94,Collider_Hypoli_Body,0.3227091
262.9511,Collider_Hypoli_Body,0.3160452
262.9622,Collider_Hypoli_Body,0.3071977
262.9735,Collider_Hypoli_Body,0.2963663
262.9845,Collider_Hypoli_Body,0.2891757
262.9955,Collider_Hypoli_Body,0.2743146
263.0067,Collider_Hypoli_Body,0.2678773
263.0177,Collider_Hypoli_Body,0.252756
263.0289,Collider_Hypoli_Body,0.2474031
263.0401,Collider_Hypoli_Body,0.241588
263.051,Collider_Hypoli_Body,0.2397069
263.0621,Collider_Hypoli_Body,0.2408539
263.0733,Collider_Hypoli_Body,0.2452565
263.0845,Collider_Hypoli_Body,0.2524168
263.0996,Collider_Hypoli_Body,0.2658382
263.1067,Collider_Hypoli_Body,0.2729272
263.116,Collider_Hypoli_Body,0.2809579
263.1271,Collider_Hypoli_Body,0.2861643
263.1383,Collider_Hypoli_Body,0.2981024
263.1494,Collider_Hypoli_Body,0.3088022
263.1605,Collider_Hypoli_Body,0.3234164
263.1716,Collider_Hypoli_Body,0.3338456
263.1827,Collider_Hypoli_Body,0.3471678
263.1939,Collider_Hypoli_Body,0.3563431
263.2048,Collider_Hypoli_Body,0.3738478
263.216,Collider_Hypoli_Body,0.3881645
263.2271,Collider_Hypoli_Body,0.4046676
263.2383,Collider_Hypoli_Body,0.426354
263.2493,Collider_Hypoli_Body,0.4474423
263.2608,Collider_Hypoli_Body,0.4580953
263.2715,Collider_Hypoli_Body,0.4809595
263.2827,Collider_Hypoli_Body,0.4992351
263.2937,Collider_Hypoli_Body,0.5172547
263.3049,Collider_Hypoli_Body,0.5433992
263.3159,Collider_Hypoli_Body,0.5629155
263.3273,Collider_Hypoli_Body,0.5798919
263.3383,Collider_Hypoli_Body,0.5918216
263.3492,Collider_Hypoli_Body,0.6041878
263.3604,Collider_Hypoli_Body,0.6135576
263.3713,Collider_Hypoli_Body,0.6219368
263.3826,Collider_Hypoli_Body,0.6253971
263.3937,Collider_Hypoli_Body,0.6337508
263.4046,Collider_Hypoli_Body,0.6374068
263.4158,Collider_Hypoli_Body,0.6356274
263.4269,Collider_Hypoli_Body,0.6344286
263.438,Collider_Hypoli_Body,0.6282699
263.4491,Collider_Hypoli_Body,0.6226425
263.4606,Collider_Hypoli_Body,0.6114274
263.4716,Collider_Hypoli_Body,0.6043407
263.4829,Collider_Hypoli_Body,0.5970006
263.4941,Collider_Hypoli_Body,0.5861149
263.5054,Collider_Hypoli_Body,0.5634916
263.5167,Collider_Hypoli_Body,0.5366924
263.5278,Collider_Hypoli_Body,0.50539
263.5391,Collider_Hypoli_Body,0.4594239
263.5505,Collider_Hypoli_Body,0.4065793
263.5618,Collider_Hypoli_Body,0.369696
263.5728,Collider_Hypoli_Body,0.3255349
263.5842,Collider_Hypoli_Body,0.2839462
263.5952,Collider_Hypoli_Body,0.2363186
263.6064,Collider_Hypoli_Body,0.2009977
263.6174,Collider_Hypoli_Body,0.1747466
263.6285,Collider_Hypoli_Body,0.1572867
263.6397,Collider_Hypoli_Body,0.1570583
263.6507,Collider_Hypoli_Body,0.1647787
263.6619,Collider_Hypoli_Body,0.1715268
263.6729,Collider_Hypoli_Body,0.1863776
263.6841,Collider_Hypoli_Body,0.2011373
263.6952,Collider_Hypoli_Body,0.2154914
263.7063,Collider_Hypoli_Body,0.2337875
263.7174,Collider_Hypoli_Body,0.2446777
263.7327,Collider_Hypoli_Body,0.2595363
263.7395,Collider_Hypoli_Body,0.2715309
263.7485,Collider_Hypoli_Body,0.2781334
263.7598,Collider_Hypoli_Body,0.2900957
263.7709,Collider_Hypoli_Body,0.2942688
263.7818,Collider_Hypoli_Body,0.308727
263.7932,Collider_Hypoli_Body,0.3092895
263.8041,Collider_Hypoli_Body,0.3237801
263.8152,Collider_Hypoli_Body,0.3315553
263.8263,Collider_Hypoli_Body,0.3370213
263.8375,Collider_Hypoli_Body,0.3447478
263.8485,Collider_Hypoli_Body,0.3444818
263.8596,Collider_Hypoli_Body,0.3493437
263.8707,Collider_Hypoli_Body,0.3570035
263.8819,Collider_Hypoli_Body,0.3593488
263.893,Collider_Hypoli_Body,0.3660026
263.9041,Collider_Hypoli_Body,0.3723084
263.9151,Collider_Hypoli_Body,0.3863645
263.9262,Collider_Hypoli_Body,0.3959914
263.9373,Collider_Hypoli_Body,0.4142582
263.9484,Collider_Hypoli_Body,0.4316955
263.9596,Collider_Hypoli_Body,0.4521545
263.9707,Collider_Hypoli_Body,0.4783889
263.9818,Collider_Hypoli_Body,0.4977581
263.9929,Collider_Roger_Body,0.521028
264.004,Collider_Roger_Body,0.5519773
264.0151,Collider_Roger_Body,0.5706794
264.0262,Collider_Roger_Body,0.6017022
264.0374,Collider_Roger_Body,0.6332736
264.0484,Collider_Roger_Body,0.6592281
264.0596,Collider_Roger_Body,0.6894093
264.0708,Collider_Roger_Body,0.7138594
264.0818,Collider_Roger_Body,0.7338727
264.0932,Collider_Roger_Body,0.757696
264.1047,Collider_Roger_Body,0.7733366
264.1156,Collider_Roger_Body,0.7977765
264.1269,Collider_Roger_Body,0.810841
264.1382,Collider_Roger_Body,0.8235327
264.1494,Collider_Roger_Body,0.8245693
264.1606,Collider_Roger_Body,0.8354041
264.1718,Collider_Roger_Body,0.8369614
264.1831,Collider_Roger_Body,0.8391125
264.1944,Collider_Roger_Body,0.8314742
264.2056,Collider_Roger_Body,0.8288168
264.2169,Collider_Roger_Body,0.8273861
264.2285,Collider_Roger_Body,0.8199291
264.2393,Collider_Roger_Body,0.8118243
264.2505,Collider_Roger_Body,0.8068875
264.2617,Collider_Roger_Body,0.7935646
264.2727,Collider_Roger_Body,0.7790994
264.2841,Collider_Roger_Body,0.761867
264.2949,Collider_Roger_Body,0.741958
264.306,Collider_Roger_Body,0.7235246
264.3172,Collider_Roger_Body,0.7027667
264.3285,Collider_Roger_Body,0.6945765
264.3394,Collider_Roger_Body,0.6733759
264.3506,Collider_Roger_Body,0.6579728
264.3616,Collider_Roger_Body,0.6397486
264.3727,Collider_Roger_Body,0.6219957
264.3839,Collider_Roger_Body,0.6068082
264.3949,Collider_Roger_Body,0.5902231
264.406,Collider_Roger_Body,0.5734956
264.4171,Collider_Roger_Body,0.5562787
264.4283,Collider_Roger_Body,0.5321766
264.4393,Collider_Roger_Body,0.5203912
264.4504,Collider_Roger_Body,0.5086466
264.4615,Collider_Roger_Body,0.4906794
264.4726,Collider_Roger_Body,0.4739439
264.484,Collider_Roger_Body,0.4484207
264.4948,Collider_Roger_Body,0.4316545
264.5062,Collider_Roger_Body,0.4125396
264.5171,Collider_Roger_Body,0.3956362
264.5282,Collider_Roger_Body,0.3760934
264.5393,Collider_Roger_Body,0.3583836
264.5504,Collider_Roger_Body,0.3370475
264.5616,Collider_Roger_Body,0.3221266
264.5726,Collider_Roger_Body,0.3047524
264.5839,Collider_Roger_Body,0.2886942
264.5948,Collider_Roger_Body,0.2674486
264.606,Collider_Roger_Body,0.2552691
264.6169,Collider_Roger_Body,0.2398883
264.6281,Collider_Roger_Body,0.2218167
264.6395,Collider_Roger_Body,0.2075951
264.6503,Collider_Roger_Body,0.1863472
264.6615,Collider_Roger_Body,0.1752667
264.6726,Collider_Roger_Body,0.1590389
264.6837,Collider_Roger_Body,0.1428334
264.6949,Collider_Roger_Body,0.1292733
264.7058,Collider_Roger_Body,0.116748
264.7169,Collider_Roger_Body,0.1034488
264.7285,Collider_Roger_Body,0.09809061
264.7394,Collider_Roger_Body,0.08338912
264.7503,Collider_Roger_Body,0.07667901
264.7614,Collider_Roger_Body,0.06912957
264.7725,Collider_Roger_Body,0.06388371
264.7837,Collider_Roger_Body,0.05638052
264.7947,Collider_Roger_Body,0.05640483
264.8058,Collider_Roger_Body,0.05208752
264.8169,Collider_Roger_Body,0.04820172
264.8281,Collider_Roger_Body,0.042967
264.8392,Collider_Roger_Body,0.03427968
264.8504,Collider_Roger_Body,0.03993012
264.8614,Collider_Roger_Body,0.04433772
264.8726,Collider_Roger_Body,0.04430154
264.8838,Collider_Roger_Body,0.04372439
264.8948,Collider_Roger_Body,0.04397521
264.9064,Collider_Roger_Body,0.04712554
264.9169,Collider_Roger_Body,0.05118152
264.9279,Collider_Roger_Body,0.05689902
264.9391,Collider_Roger_Body,0.06911924
264.9502,Collider_Roger_Body,0.07193979
264.9613,Collider_Roger_Body,0.0789274
264.9725,Collider_Roger_Body,0.0834081
264.9836,Collider_Roger_Body,0.08455332
264.9946,Collider_Roger_Body,0.08821416
265.0057,Collider_Roger_Body,0.09013936
265.0168,Collider_Roger_Body,0.09111179
265.0279,Collider_Roger_Body,0.09697007
265.039,Collider_Roger_Body,0.09890361
265.0501,Collider_Roger_Body,0.09986287
265.0613,Collider_Roger_Body,0.1034391
265.0724,Collider_Roger_Body,0.1069284
265.0835,Collider_Roger_Body,0.1063668
265.0946,Collider_Roger_Body,0.1057573
265.1057,Collider_Roger_Body,0.1083991
265.1173,Collider_Roger_Body,0.107405
265.1278,Collider_Roger_Body,0.1103263
265.1392,Collider_Roger_Body,0.1169724
265.1501,Collider_Roger_Body,0.1220181
265.1612,Collider_Roger_Body,0.1226721
265.1723,Collider_Roger_Body,0.1286105
265.1834,Collider_Roger_Body,0.1303668
265.1946,Collider_Roger_Body,0.1294832
265.2057,Collider_Roger_Body,0.1331254
265.2169,Collider_Roger_Body,0.1348054
265.2279,Collider_Roger_Body,0.1401263
265.239,Collider_Roger_Body,0.1411696
265.2501,Collider_Roger_Body,0.1453338
265.2613,Collider_Roger_Body,0.1478032
265.2724,Collider_Roger_Body,0.1513193
265.2835,Collider_Roger_Body,0.1528399
265.2946,Collider_Roger_Body,0.1566447
265.3056,Collider_Roger_Body,0.1613
265.3174,Collider_Roger_Body,0.1618098
265.3279,Collider_Roger_Body,0.1625933
265.3389,Collider_Roger_Body,0.1614677
265.3501,Collider_Roger_Body,0.1641408
265.3613,Collider_Roger_Body,0.1645242
265.3723,Collider_Roger_Body,0.165527
265.3833,Collider_Roger_Body,0.1596705
265.3946,Collider_Roger_Body,0.1592084
265.4056,Collider_Roger_Body,0.1525414
265.4167,Collider_Roger_Body,0.1500022
265.4279,Collider_Roger_Body,0.1482917
265.4389,Collider_Roger_Body,0.1378912
265.45,Collider_Roger_Body,0.1397023
265.4611,Collider_Roger_Body,0.1304847
265.4726,Collider_Roger_Body,0.1249101
265.4834,Collider_Roger_Body,0.1105095
265.4946,Collider_Roger_Body,0.1002234
265.5056,Collider_Roger_Body,0.09758046
265.5168,Collider_Roger_Body,0.09052633
265.5277,Collider_Roger_Body,0.08990686
265.5389,Collider_Roger_Body,0.09185722
265.5499,Collider_Roger_Body,0.08873227
265.561,Collider_Roger_Body,0.09046908
265.5722,Collider_Roger_Body,0.09032363
265.5834,Collider_Hypoli_Body,0.09544495
265.5945,Collider_Hypoli_Body,0.09811385
265.6057,Collider_Hypoli_Body,0.09968419
265.6166,Collider_Roger_Body,0.1087049
265.628,Collider_Roger_Body,0.1054684
265.6388,Collider_Hypoli_Body,0.106524
265.6499,Collider_Hypoli_Body,0.1052678
265.661,Nullreference,0.1099821
265.6721,Collider_Hypoli_Body,0.1144076
265.6832,Collider_Hypoli_Body,0.120338
265.6944,Collider_Hypoli_Body,0.1220153
265.7056,Collider_Hypoli_Body,0.1237774
265.7166,Collider_Hypoli_Body,0.1224974
265.7279,Collider_Hypoli_Body,0.1257231
265.7388,Collider_Hypoli_Body,0.1202549
265.7499,Collider_Hypoli_Body,0.1194158
265.761,Collider_Hypoli_Body,0.1185896
265.7722,Collider_Hypoli_Body,0.1203106
265.7831,Collider_Hypoli_Body,0.1132242
265.7943,Collider_Hypoli_Body,0.1100336
265.8055,Collider_Hypoli_Body,0.103538
265.8165,Collider_Hypoli_Body,0.09943122
265.8277,Collider_Hypoli_Body,0.09273563
265.8387,Collider_Hypoli_Body,0.09122179
265.8499,Collider_Hypoli_Body,0.08697023
265.861,Collider_Hypoli_Body,0.08215732
265.872,Collider_Hypoli_Body,0.07892155
265.8832,Collider_Hypoli_Body,0.07481539
265.8942,Collider_Hypoli_Body,0.07107455
265.9055,Collider_Hypoli_Body,0.06370942
265.9166,Collider_Hypoli_Body,0.06056239
265.9277,Collider_Hypoli_Body,0.05437169
265.9387,Collider_Hypoli_Body,0.04760945
265.9498,Collider_Hypoli_Body,0.04302514
265.961,Collider_Hypoli_Body,0.04158139
265.972,Collider_Hypoli_Body,0.03896431
265.9831,Collider_Hypoli_Body,0.03454429
265.9942,Collider_Hypoli_Body,0.03682673
266.0053,Collider_Hypoli_Body,0.03550537
266.0164,Collider_Hypoli_Body,0.03583121
266.0277,Collider_Hypoli_Body,0.03546346
266.0387,Collider_Hypoli_Body,0.03607714
266.0498,Collider_Hypoli_Body,0.03716158
266.0613,Collider_Hypoli_Body,0.0344302
266.072,Collider_Hypoli_Body,0.03689565
266.0831,Collider_Hypoli_Body,0.0412211
266.0943,Collider_Hypoli_Body,0.0429545
266.1054,Collider_Hypoli_Body,0.03909685
266.1166,Collider_Hypoli_Body,0.03884923
266.1277,Collider_Hypoli_Body,0.03742608
266.1389,Collider_Hypoli_Body,0.03462453
266.15,Collider_Hypoli_Body,0.03073229
266.1609,Collider_Hypoli_Body,0.03046327
266.172,Collider_Hypoli_Body,0.02201357
266.1831,Collider_Hypoli_Body,0.01908896
266.1943,Collider_Hypoli_Body,0.02225971
266.2053,Collider_Hypoli_Body,0.0178379
266.2165,Collider_Hypoli_Body,0.018664
266.2275,Collider_Hypoli_Body,0.01741324
266.2386,Collider_Hypoli_Body,0.01887716
266.2498,Collider_Hypoli_Body,0.01955369
266.2609,Collider_Hypoli_Body,0.02037902
266.272,Collider_Hypoli_Body,0.01890832
266.2831,Collider_Hypoli_Body,0.02187696
266.2942,Collider_Hypoli_Body,0.0243128
266.3053,Collider_Hypoli_Body,0.02990739
266.3164,Collider_Hypoli_Body,0.03993669
266.3275,Collider_Hypoli_Body,0.03742191
266.3387,Collider_Hypoli_Body,0.04121463
266.3498,Collider_Roger_Body,0.0495447
266.3608,Collider_Roger_Body,0.05140584
266.3719,Collider_Roger_Body,0.054311
266.383,Nullreference,0.0511636
266.3941,Nullreference,0.05337576
266.4051,Nullreference,0.04784519
266.4164,Nullreference,0.05048093
266.4274,Nullreference,0.04818635
266.4385,Nullreference,0.0435699
266.4496,Nullreference,0.03886046
266.4607,Nullreference,0.03767753
266.4719,Collider_Hypoli_Body,0.03028232
266.4831,Collider_Hypoli_Body,0.02303895
266.4941,Collider_Hypoli_Body,0.01655425
266.5053,Collider_Hypoli_Body,0.01180336
266.5164,Collider_Hypoli_Body,0.01232323
266.5274,Collider_Hypoli_Body,0.01517906
266.5385,Collider_Hypoli_Body,0.02499393
266.5496,Collider_Hypoli_Body,0.03284432
266.5607,Collider_Hypoli_Body,0.03825027
266.5718,Collider_Hypoli_Body,0.04103414
266.5829,Collider_Hypoli_Body,0.04528686
266.594,Collider_Hypoli_Body,0.05032317
266.6052,Collider_Hypoli_Body,0.0487217
266.6162,Collider_Hypoli_Body,0.04803223
266.6274,Collider_Hypoli_Body,0.04659513
266.6385,Collider_Hypoli_Body,0.03859023
266.6497,Collider_Hypoli_Body,0.03592958
266.6608,Collider_Hypoli_Body,0.03468662
266.672,Collider_Hypoli_Body,0.03670298
266.683,Collider_Hypoli_Body,0.03244108
266.694,Collider_Hypoli_Body,0.03223269
266.7053,Collider_Hypoli_Body,0.0305645
266.7166,Collider_Hypoli_Body,0.02910204
266.7273,Collider_Hypoli_Body,0.02409566
266.7384,Collider_Hypoli_Body,0.01863606
266.7496,Collider_Hypoli_Body,0.005949537
266.7609,Collider_Hypoli_Body,0.01475003
266.7717,Collider_Hypoli_Body,0.02529968
266.7829,Collider_Hypoli_Body,0.02282463
266.7939,Collider_Hypoli_Body,0.01742789
266.8051,Collider_Hypoli_Body,0.002723297
266.8162,Collider_Hypoli_Body,0.00587358
266.8275,Collider_Hypoli_Body,0.00725114
266.8384,Collider_Hypoli_Body,0.00863054
266.8495,Collider_Hypoli_Body,0.01045306
266.8606,Collider_Hypoli_Body,0.01193716
266.8717,Collider_Hypoli_Body,0.01310299
266.8828,Collider_Hypoli_Body,0.01626587
266.8939,Collider_Hypoli_Body,0.02119529
266.905,Collider_Hypoli_Body,0.0286146
266.9164,Collider_Hypoli_Body,0.02906712
266.9272,Collider_Hypoli_Body,0.03153241
266.9383,Collider_Hypoli_Body,0.02780279
266.9495,Collider_Hypoli_Body,0.02715384
266.9605,Collider_Hypoli_Body,0.02607565
266.9718,Collider_Hypoli_Body,0.02552713
266.9827,Collider_Hypoli_Body,0.0250033
266.9939,Collider_Hypoli_Body,0.02439164
267.005,Collider_Hypoli_Body,0.02278087
267.0161,Collider_Hypoli_Body,0.0131336
267.0273,Collider_Hypoli_Body,0.01155013
267.0383,Collider_Hypoli_Body,0.01157342
267.0494,Collider_Roger_Body,0.01422138
267.0605,Collider_Roger_Body,0.01421537
267.0719,Collider_Roger_Body,0.01420962
267.0827,Collider_Roger_Body,0.01401555
267.0938,Collider_Roger_Body,0.01757735
267.1053,Collider_Roger_Body,0.0141183
267.1163,Collider_Roger_Body,0.01991875
267.1271,Collider_Roger_Body,0.02149416
267.1383,Collider_Roger_Body,0.01949489
267.1494,Collider_Roger_Body,0.02208427
267.1604,Collider_Roger_Body,0.02105842
267.1716,Collider_Roger_Body,0.02307588
267.1829,Collider_Roger_Body,0.0250103
267.1938,Collider_Roger_Body,0.02535919
267.2049,Collider_Roger_Body,0.02646617
267.2159,Collider_Roger_Body,0.02512779
267.2274,Collider_Roger_Body,0.0192219
267.2382,Collider_Roger_Body,0.01617879
267.2492,Collider_Roger_Body,0.01459503
267.2604,Collider_Roger_Body,0.01453854
267.2716,Collider_Roger_Body,0.01577204
267.2825,Collider_Roger_Body,0.01577966
267.2937,Collider_Roger_Body,0.01832804
267.3047,Collider_Roger_Body,0.02282156
267.316,Collider_Roger_Body,0.02809859
267.3272,Collider_Roger_Body,0.02608628
267.338,Collider_Roger_Body,0.02765015
267.3491,Collider_Roger_Body,0.03786228
267.3603,Collider_Roger_Body,0.04141676
267.3717,Collider_Roger_Body,0.04374813
267.3824,Collider_Roger_Body,0.04519272
267.3938,Collider_Roger_Body,0.04633078
267.4048,Collider_Roger_Body,0.04518563
267.4159,Collider_Roger_Body,0.04130737
267.4269,Collider_Roger_Body,0.04044133
267.4382,Collider_Roger_Body,0.04501668
267.4491,Collider_Roger_Body,0.0456083
267.4602,Collider_Roger_Body,0.04887671
267.4717,Collider_Roger_Body,0.04569671
267.4825,Collider_Roger_Body,0.04519734
267.4937,Collider_Roger_Body,0.04353848
267.5047,Collider_Roger_Body,0.03836345
267.5158,Collider_Roger_Body,0.03822988
267.5269,Collider_Roger_Body,0.03561458
267.538,Collider_Roger_Body,0.03718075
267.5492,Collider_Roger_Body,0.04568414
267.5602,Collider_Roger_Body,0.04837827
267.5717,Collider_Roger_Body,0.05826054
267.5825,Collider_Roger_Body,0.06612249
267.5936,Collider_Roger_Body,0.07605062
267.6047,Collider_Roger_Body,0.0816824
267.6165,Collider_Roger_Body,0.08211438
267.6269,Collider_Roger_Body,0.08157385
267.6379,Collider_Roger_Body,0.07743903
267.649,Collider_Roger_Body,0.06516082
267.6602,Collider_Roger_Body,0.06109818
267.6718,Collider_Roger_Body,0.05043714
267.6825,Collider_Roger_Body,0.04097473
267.6938,Collider_Roger_Body,0.03674847
267.7048,Collider_Roger_Body,0.0338171
267.7158,Collider_Roger_Body,0.03035204
267.7269,Collider_Roger_Body,0.03462859
267.7382,Collider_Roger_Body,0.0267328
267.7491,Collider_Roger_Body,0.03345174
267.7602,Collider_Roger_Body,0.03737137
267.7714,Collider_Roger_Body,0.03360273
267.7824,Collider_Roger_Body,0.03260816
267.7935,Collider_Roger_Body,0.04030998
267.8046,Collider_Roger_Body,0.03853139
267.8157,Collider_Roger_Body,0.0365855
267.8268,Collider_Roger_Body,0.03609987
267.838,Collider_Roger_Body,0.03644231
267.849,Collider_Roger_Body,0.03724107
267.8601,Collider_Roger_Body,0.03594272
267.8713,Collider_Roger_Body,0.03379136
267.8824,Collider_Roger_Body,0.02923834
267.8935,Collider_Roger_Body,0.02801723
267.9048,Collider_Roger_Body,0.02650889
267.9156,Collider_Roger_Body,0.02848742
267.9269,Collider_Roger_Body,0.02614281
267.938,Collider_Roger_Body,0.026795
267.949,Collider_Roger_Body,0.03401566
267.9601,Collider_Roger_Body,0.04283088
267.9714,Collider_Roger_Body,0.04870275
267.9823,Collider_Roger_Body,0.06196968
267.9936,Collider_Roger_Body,0.07473443
268.0046,Collider_Roger_Body,0.08224975
268.0157,Collider_Roger_Body,0.07361103
268.0268,Collider_Roger_Body,0.0697401
268.0379,Collider_Roger_Body,0.06222239
268.049,Collider_Roger_Body,0.06628993
268.0602,Collider_Roger_Body,0.06656235
268.0711,Collider_Roger_Body,0.06794064
268.0823,Collider_Roger_Body,0.06539733
268.0934,Collider_Roger_Body,0.05777388
268.1046,Collider_Roger_Body,0.04267527
268.1156,Collider_Roger_Body,0.03968101
268.1267,Collider_Roger_Body,0.03614461
268.1379,Collider_Roger_Body,0.02957744
268.1489,Collider_Roger_Body,0.02371613
268.16,Collider_Roger_Body,0.02504659
268.1711,Collider_Roger_Body,0.01789632
268.1822,Collider_Roger_Body,0.01717395
268.1933,Collider_Roger_Body,0.02011422
268.2045,Collider_Roger_Body,0.02582265
268.2155,Collider_Roger_Body,0.02891453
268.227,Collider_Roger_Body,0.03275223
268.2378,Collider_Roger_Body,0.03406167
268.2487,Collider_Roger_Body,0.04025086
268.2599,Collider_Roger_Body,0.04129205
268.271,Collider_Roger_Body,0.04556803
268.2824,Collider_Roger_Body,0.05216663
268.2932,Collider_Roger_Body,0.0566961
268.3044,Collider_Roger_Body,0.0658745
268.3155,Collider_Roger_Body,0.0644188
268.3265,Collider_Roger_Body,0.06590251
268.3378,Collider_Roger_Body,0.06821495
268.3489,Collider_Roger_Body,0.07046364
268.36,Collider_Roger_Body,0.06794589
268.371,Collider_Roger_Body,0.07397741
268.382,Collider_Roger_Body,0.07982513
268.3932,Collider_Roger_Body,0.07836206
268.4043,Collider_Roger_Body,0.08167775
268.4155,Collider_Roger_Body,0.08297148
268.4265,Collider_Roger_Body,0.08526196
268.4376,Collider_Roger_Body,0.08812927
268.4487,Collider_Roger_Body,0.09186303
268.4599,Collider_Roger_Body,0.09395139
268.471,Collider_Roger_Body,0.0960975
268.4821,Collider_Roger_Body,0.1022947
268.4933,Collider_Roger_Body,0.1055363
268.5042,Collider_Roger_Body,0.1083548
268.5153,Collider_Roger_Body,0.112671
268.5265,Collider_Roger_Body,0.1171469
268.5376,Collider_Roger_Body,0.1247693
268.5488,Collider_Roger_Body,0.1265951
268.5598,Collider_Roger_Body,0.1303768
268.571,Collider_Roger_Body,0.1403773
268.582,Collider_Roger_Body,0.1442625
268.5932,Collider_Roger_Body,0.1586054
268.6042,Collider_Roger_Body,0.1609923
268.6153,Collider_Roger_Body,0.1608383
268.6264,Collider_Roger_Body,0.1595865
268.6376,Collider_Roger_Body,0.156171
268.6487,Collider_Roger_Body,0.1584927
268.6598,Collider_Roger_Body,0.1562619
268.6708,Collider_Roger_Body,0.1581919
268.682,Collider_Roger_Body,0.1558138
268.6932,Collider_Roger_Body,0.1534806
268.7046,Collider_Roger_Body,0.1450648
268.7153,Collider_Roger_Body,0.1429698
268.7263,Collider_Roger_Body,0.1391577
268.7376,Collider_Roger_Body,0.1353415
268.7487,Collider_Roger_Body,0.1308241
268.7598,Collider_Roger_Body,0.1277147
268.7715,Collider_Roger_Body,0.1170686
268.782,Collider_Roger_Body,0.1129446
268.793,Collider_Roger_Body,0.1108131
268.8044,Collider_Roger_Body,0.1057944
268.8152,Collider_Roger_Body,0.1024132
268.8265,Collider_Roger_Body,0.1034755
268.8375,Collider_Roger_Body,0.09475468
268.8486,Collider_Roger_Body,0.09253147
268.8598,Collider_Roger_Body,0.08890928
268.8708,Collider_Roger_Body,0.08760864
268.882,Collider_Roger_Body,0.08413383
268.893,Collider_Roger_Body,0.08436788
268.9041,Collider_Roger_Body,0.08437476
268.9153,Collider_Roger_Body,0.08009372
268.9265,Collider_Roger_Body,0.07816049
268.9375,Collider_Roger_Body,0.0766338
268.9485,Collider_Roger_Body,0.07304186
268.9597,Collider_Roger_Body,0.0736923
268.9709,Collider_Roger_Body,0.0688303
268.9818,Collider_Roger_Body,0.06826776
268.9932,Collider_Roger_Body,0.06296541
269.004,Collider_Roger_Body,0.06632654
269.0151,Collider_Roger_Body,0.06559674
269.0263,Collider_Roger_Body,0.06736206
269.0374,Collider_Roger_Body,0.06369049
269.0486,Collider_Roger_Body,0.06761871
269.0598,Collider_Roger_Body,0.06276196
269.0707,Collider_Roger_Body,0.06414184
269.0818,Collider_Roger_Body,0.06052976
269.0929,Collider_Roger_Body,0.05447084
269.104,Collider_Roger_Body,0.05336279
269.1154,Collider_Roger_Body,0.04978034
269.1265,Collider_Roger_Body,0.04663059
269.1375,Collider_Roger_Body,0.04726673
269.1485,Collider_Roger_Body,0.04412952
269.1595,Collider_Roger_Body,0.04025424
269.1706,Collider_Roger_Body,0.04035354
269.1818,Collider_Roger_Body,0.03110872
269.1928,Collider_Roger_Body,0.02732628
269.2039,Collider_Roger_Body,0.02446979
269.2151,Collider_Roger_Body,0.02462157
269.2261,Collider_Roger_Body,0.02347085
269.2374,Collider_Roger_Body,0.03005788
269.2484,Collider_Roger_Body,0.04470908
269.2595,Collider_Roger_Body,0.0545735
269.2706,Collider_Roger_Body,0.05974448
269.2816,Collider_Roger_Body,0.05795746
269.2928,Collider_Roger_Body,0.05714103
269.304,Collider_Roger_Body,0.05176802
269.3151,Collider_Roger_Body,0.04701195
269.326,Collider_Roger_Body,0.04189376
269.3372,Collider_Roger_Body,0.0384657
269.3483,Collider_Roger_Body,0.03560009
269.3593,Collider_Roger_Body,0.03323283
269.3705,Collider_Roger_Body,0.03777807
269.3818,Collider_Roger_Body,0.03523581
269.3927,Collider_Roger_Body,0.03582747
269.404,Collider_Roger_Body,0.0335463
269.4149,Collider_Roger_Body,0.03479818
269.426,Collider_Roger_Body,0.03017866
269.4371,Collider_Roger_Body,0.02955875
269.4482,Collider_Roger_Body,0.03415176
269.4593,Collider_Roger_Body,0.03716869
269.4704,Collider_Roger_Body,0.03764822
269.4818,Collider_Roger_Body,0.04551757
269.4927,Collider_Roger_Body,0.04501675
269.5037,Collider_Roger_Body,0.05013182
269.5149,Collider_Roger_Body,0.05508749
269.5261,Collider_Roger_Body,0.05635973
269.5372,Collider_Roger_Body,0.06031341
269.5483,Collider_Roger_Body,0.06253407
269.5594,Collider_Roger_Body,0.06310441
269.5705,Collider_Roger_Body,0.06857859
269.5815,Collider_Roger_Body,0.0714382
269.5927,Collider_Roger_Body,0.06907486
269.6039,Collider_Roger_Body,0.07904071
269.6151,Collider_Roger_Body,0.08487121
269.6259,Collider_Roger_Body,0.1030331
269.637,Collider_Roger_Body,0.1150113
269.6484,Collider_Roger_Body,0.1332808
269.6593,Collider_Roger_Body,0.1664531
269.6707,Collider_Roger_Body,0.1821792
269.6816,Collider_Roger_Body,0.1965379
269.6928,Collider_Roger_Body,0.2053401
269.7037,Collider_Hypoli_Body,0.199238
269.7148,Collider_Roger_Body,0.175854
269.7264,Nullreference,0.1531343
269.7372,Nullreference,0.1375184
269.7481,Nullreference,0.127969
269.7592,Collider_Roger_Body,0.118999
269.7703,Collider_Hypoli_Body,0.1100689
269.7814,Collider_Hypoli_Body,0.08965459
269.7926,Nullreference,0.07091247
269.8039,Collider_Roger_Body,0.0540587
269.8152,Collider_Roger_Body,0.04808943
269.8258,Collider_Roger_Body,0.04080772
269.8369,Collider_Roger_Body,0.0408624
269.848,Collider_Roger_Body,0.04478135
269.8595,Collider_Roger_Body,0.05051506
269.8703,Collider_Roger_Body,0.044245
269.8814,Collider_Roger_Body,0.049423
269.8925,Collider_Roger_Body,0.04400137
269.9037,Collider_Roger_Body,0.04391342
269.9148,Collider_Roger_Body,0.03881549
269.9259,Collider_Roger_Body,0.03232526
269.937,Collider_Roger_Body,0.03363411
269.948,Collider_Roger_Body,0.04344769
269.9591,Collider_Roger_Body,0.05606538
269.9702,Collider_Roger_Body,0.07252129
269.9813,Collider_Roger_Body,0.08261962
269.9924,Collider_Roger_Body,0.08482165
270.0035,Collider_Roger_Body,0.08514775
270.0149,Collider_Roger_Body,0.07810525
270.0258,Collider_Roger_Body,0.07123468
270.0369,Collider_Roger_Body,0.0708283
270.0482,Collider_Roger_Body,0.05600312
270.0591,Collider_Roger_Body,0.05238155
270.0703,Collider_Roger_Body,0.054537
270.0813,Collider_Roger_Body,0.06662621
270.0923,Collider_Roger_Body,0.08960442
270.1036,Collider_Roger_Body,0.09732289
270.1146,Collider_Roger_Body,0.1135182
270.1257,Collider_Roger_Body,0.1264109
270.137,Collider_Roger_Body,0.1336447
270.1478,Collider_Roger_Body,0.1593118
270.1591,Collider_Roger_Body,0.2123576
270.1705,Collider_Roger_Body,0.2706695
270.1813,Collider_Roger_Body,0.3047448
270.1923,Collider_Roger_Body,0.305001
270.2037,Collider_Roger_Body,0.283252
270.2146,Collider_Roger_Body,0.2562551
270.2257,Collider_Roger_Body,0.2183735
270.2369,Collider_Roger_Body,0.1741231
270.2483,Collider_Roger_Body,0.1410461
270.259,Collider_Roger_Body,0.1036258
270.2701,Collider_Roger_Body,0.07965703
270.2815,Collider_Roger_Body,0.06776194
270.2925,Collider_Roger_Body,0.07572314
270.3035,Collider_Roger_Body,0.09803957
270.3145,Collider_Roger_Body,0.1191925
270.3257,Collider_Roger_Body,0.1083122
270.3367,Collider_Roger_Body,0.08393501
270.3478,Collider_Roger_Body,0.04099071
270.3589,Collider_Roger_Body,0.02730227
270.3701,Collider_Roger_Body,0.04250923
270.3813,Collider_Roger_Body,0.05598264
270.3924,Collider_Roger_Body,0.0703724
270.4037,Collider_Roger_Body,0.09049839
270.4145,Collider_Roger_Body,0.1113757
270.4257,Collider_Roger_Body,0.1117827
270.4367,Collider_Roger_Body,0.1014814
270.4478,Collider_Roger_Body,0.09219262
270.459,Collider_Roger_Body,0.08002335
270.47,Collider_Roger_Body,0.06906519
270.4812,Collider_Roger_Body,0.0697026
270.4924,Collider_Roger_Body,0.06131702
270.5034,Collider_Hypoli_Body,0.05941894
270.5144,Collider_Hypoli_Body,0.06364402
270.5257,Nullreference,0.05665884
270.5368,Collider_Hypoli_Body,0.04793542
270.5479,Collider_Hypoli_Body,0.04579963
270.5589,Collider_Roger_Body,0.05407921
270.57,Collider_Roger_Body,0.07176752
270.5811,Collider_Roger_Body,0.09533449
270.5921,Collider_Roger_Body,0.1082517
270.6033,Collider_Roger_Body,0.1230857
270.6151,Nullreference,0.1321919
270.6255,Nullreference,0.1422172
270.6367,Nullreference,0.1504371
270.6479,Nullreference,0.151756
270.6602,Nullreference,0.1594541
270.6713,Nullreference,0.1747357
270.6826,Nullreference,0.1753671
270.6935,Nullreference,0.1776006
270.7049,Nullreference,0.1835287
270.7161,Nullreference,0.1861611
270.7268,Nullreference,0.1925467
270.7379,Nullreference,0.2038629
270.7491,Nullreference,0.2075932
270.76,Nullreference,0.2207032
270.7712,Nullreference,0.229232
270.7824,Nullreference,0.2481002
270.7933,Nullreference,0.2572016
270.8046,Nullreference,0.2762967
270.817,Nullreference,0.2771415
270.8267,Nullreference,0.276607
270.837,Nullreference,0.2849303
270.8482,Nullreference,0.3003954
270.8595,Nullreference,0.3059353
270.8706,Nullreference,0.3274046
270.8816,Nullreference,0.3404223
270.8926,Nullreference,0.3473158
270.9038,Nullreference,0.3569499
270.9149,Nullreference,0.365928
270.9261,Nullreference,0.3639849
270.9371,Nullreference,0.3668476
270.9482,Nullreference,0.3759385
270.9593,Nullreference,0.3781502
270.9705,Nullreference,0.3719968
270.9814,Nullreference,0.3723876
270.9932,Nullreference,0.3700132
271.0038,Nullreference,0.3569609
271.015,Nullreference,0.3537747
271.026,Nullreference,0.3441518
271.0371,Nullreference,0.3451286
271.0482,Nullreference,0.3430239
271.0594,Nullreference,0.3334811
271.0704,Nullreference,0.3322322
271.0815,Nullreference,0.330469
271.0926,Nullreference,0.3317682
271.104,Nullreference,0.3293548
271.1151,Nullreference,0.3252794
271.1258,Nullreference,0.3204882
271.1371,Nullreference,0.3175527
271.1482,Nullreference,0.3078593
271.1594,Nullreference,0.2980609
271.1709,Nullreference,0.2905705
271.1815,Nullreference,0.2856821
271.1924,Nullreference,0.2706906
271.2038,Nullreference,0.2547268
271.2151,Nullreference,0.2379527
271.2263,Nullreference,0.2163496
271.2375,Nullreference,0.1915074
271.2489,Nullreference,0.1685029
271.2603,Nullreference,0.1362948
271.2707,Nullreference,0.1039377
271.2819,Nullreference,0.07147904
271.2934,Nullreference,0.04038676
271.3042,Nullreference,0.04391468
271.3152,Nullreference,0.08242466
271.3264,Nullreference,0.1182946
271.3378,Nullreference,0.14553
271.3486,Nullreference,0.1769565
271.3597,Nullreference,0.2062518
271.3708,Nullreference,0.2318281
271.3825,Nullreference,0.2630609
271.3929,Nullreference,0.2810845
271.4041,Nullreference,0.2960901
271.4153,Nullreference,0.3112942
271.4265,Nullreference,0.3328763
271.4375,Nullreference,0.3549845
271.4487,Nullreference,0.3667569
271.46,Nullreference,0.3801421
271.4708,Nullreference,0.400939
271.482,Nullreference,0.4147408
271.4933,Nullreference,0.4237678
271.5041,Nullreference,0.4372066
271.5153,Nullreference,0.447919
271.5264,Nullreference,0.4577116
271.5377,Nullreference,0.4659989
271.5489,Nullreference,0.4766448
271.5598,Nullreference,0.4904022
271.5708,Nullreference,0.5074362
271.5821,Nullreference,0.5118688
271.593,Nullreference,0.520307
271.6045,Nullreference,0.5225896
271.6153,Nullreference,0.5270104
271.6264,Nullreference,0.5239478
271.6378,Nullreference,0.5218852
271.6488,Nullreference,0.5210705
271.6599,Nullreference,0.5167859
271.6709,Nullreference,0.5110452
271.6819,Nullreference,0.500162
271.6931,Nullreference,0.4946052
271.7046,Nullreference,0.4864874
271.7189,Nullreference,0.4716268
271.7303,Nullreference,0.4581881
271.7418,Nullreference,0.4518901
271.7516,Nullreference,0.4475107
271.76,Nullreference,0.4375714
271.7703,Nullreference,0.4290778
271.7821,Nullreference,0.4224975
271.793,Nullreference,0.4078662
271.8038,Nullreference,0.3962048
271.8148,Nullreference,0.3916403
271.8261,Nullreference,0.3846042
271.837,Nullreference,0.3700217
271.848,Nullreference,0.3625875
271.8593,Nullreference,0.3513801
271.8705,Nullreference,0.3364784
271.8818,Nullreference,0.3212241
271.8925,Nullreference,0.3045809
271.9036,Nullreference,0.2814896
271.9147,Nullreference,0.2669829
271.9258,Nullreference,0.2516782
271.9371,Nullreference,0.230417
271.9483,Nullreference,0.2107394
271.9591,Nullreference,0.19988
271.9704,Nullreference,0.1901172
271.9814,Nullreference,0.1777794
271.9926,Nullreference,0.1730224
272.0036,Nullreference,0.1691738
272.0149,Nullreference,0.1649199
272.026,Nullreference,0.1604916
272.037,Nullreference,0.1584216
272.048,Nullreference,0.1518353
272.0592,Nullreference,0.1483921
272.0702,Nullreference,0.1433451
272.0815,Nullreference,0.1358195
272.0925,Nullreference,0.1254763
272.1036,Nullreference,0.1220425
272.1147,Nullreference,0.1206557
272.1259,Nullreference,0.117777
272.1373,Nullreference,0.1237608
272.1485,Nullreference,0.1283741
272.1597,Nullreference,0.1331994
272.1711,Nullreference,0.1342686
272.1822,Nullreference,0.1358239
272.1932,Nullreference,0.1369524
272.2042,Nullreference,0.1342162
272.2155,Nullreference,0.1366698
272.2262,Nullreference,0.1313396
272.2375,Nullreference,0.125784
272.2486,Nullreference,0.1207326
272.2598,Nullreference,0.116208
272.2709,Nullreference,0.107895
272.2823,Nullreference,0.09694634
272.2932,Nullreference,0.09019239
272.3042,Nullreference,0.08264381
272.3157,Nullreference,0.07054383
272.3264,Nullreference,0.05952519
272.3376,Nullreference,0.06010658
272.3488,Nullreference,0.04407937
272.3606,Nullreference,0.04152697
272.3709,Nullreference,0.03880614
272.382,Nullreference,0.03043233
272.3932,Nullreference,0.02718886
272.4044,Nullreference,0.01643346
272.4152,Nullreference,0.01566585
272.4263,Nullreference,0.01832729
272.4377,Nullreference,0.0229519
272.4491,Nullreference,0.03034501
272.4595,Nullreference,0.02678386
272.4707,Nullreference,0.02749071
272.4821,Nullreference,0.03000332
272.493,Nullreference,0.0287979
272.5047,Nullreference,0.02504598
272.5154,Nullreference,0.03276049
272.5265,Nullreference,0.03007139
272.5383,Nullreference,0.02410687
272.5496,Nullreference,0.02513753
272.561,Nullreference,0.02350085
272.5705,Nullreference,0.0187881
272.5816,Nullreference,0.01911483
272.5928,Nullreference,0.01934765
272.6039,Nullreference,0.02697411
272.6149,Nullreference,0.02841691
272.6261,Nullreference,0.03436983
272.6373,Nullreference,0.03988802
272.6481,Nullreference,0.0439781
272.6593,Nullreference,0.04055467
272.6704,Nullreference,0.04583228
272.6816,Nullreference,0.04527161
272.6925,Nullreference,0.04025239
272.7037,Nullreference,0.04160471
272.7148,Nullreference,0.0513689
272.7262,Nullreference,0.06147007
272.737,Nullreference,0.08045298
272.748,Nullreference,0.08650585
272.7593,Nullreference,0.08282522
272.7705,Nullreference,0.07810456
272.7817,Nullreference,0.07619062
272.7925,Nullreference,0.06735438
272.8036,Nullreference,0.06594061
272.8152,Nullreference,0.05626519
272.8265,Nullreference,0.05416448
272.8372,Nullreference,0.04770338
272.8482,Nullreference,0.04577866
272.8592,Nullreference,0.0460031
272.8705,Nullreference,0.03964152
272.8815,Nullreference,0.04395789
272.8926,Nullreference,0.03647684
272.9039,Nullreference,0.04435811
272.9155,Nullreference,0.03539309
272.9264,Nullreference,0.03477014
272.9372,Nullreference,0.03139315
272.9485,Nullreference,0.03109443
272.9593,Nullreference,0.03610636
272.9703,Nullreference,0.03419986
272.9821,Nullreference,0.02798895
272.993,Nullreference,0.01495191
273.0042,Nullreference,0.008364717
273.0154,Nullreference,0.00789305
273.0264,Nullreference,0.01299805
273.0377,Nullreference,0.01536239
273.0486,Nullreference,0.01652904
273.0594,Nullreference,0.01637812
273.0708,Nullreference,0.01378533
273.0815,Nullreference,0.01039366
273.0925,Nullreference,0.009624568
273.1036,Nullreference,0.01179145
273.1147,Nullreference,0.01384268
273.1258,Nullreference,0.01343692
273.1375,Nullreference,0.02067056
273.148,Nullreference,0.02383487
273.1594,Nullreference,0.02750358
273.1701,Nullreference,0.03081281
273.1812,Nullreference,0.02830151
273.1926,Nullreference,0.02899965
273.2022,Nullreference,0.02686056
273.2133,Nullreference,0.02744121
273.2246,Collider_Roger_Body,0.03568663
273.2356,Nullreference,0.04011237
273.2466,Nullreference,0.03773121
273.2578,Collider_Hypoli_Body,0.04329002
273.2689,Nullreference,0.04749922
273.2801,Nullreference,0.04802435
273.2913,Nullreference,0.03973014
273.3023,Nullreference,0.02861718
273.3136,Nullreference,0.01674669
273.3247,Nullreference,0.01314702
273.3403,Nullreference,0.01447045
273.3484,Nullreference,0.0114494
273.3581,Nullreference,0.01088236
273.369,Nullreference,0.01162813
273.38,Nullreference,0.01336713
273.3912,Nullreference,0.01912031
273.4023,Nullreference,0.02619279
273.4136,Nullreference,0.03503843
273.4246,Nullreference,0.03932472
273.4361,Nullreference,0.0359134
273.4471,Nullreference,0.03514417
273.4579,Nullreference,0.03259985
273.4691,Nullreference,0.03276033
273.4807,Nullreference,0.02799591
273.4913,Nullreference,0.02749794
273.5025,Nullreference,0.02765888
273.514,Nullreference,0.03336806
273.5247,Nullreference,0.03410884
273.5358,Nullreference,0.03683238
273.5467,Nullreference,0.04115716
273.558,Nullreference,0.04245239
273.5692,Nullreference,0.03951861
273.5803,Collider_Roger_Body,0.04153901
273.5913,Collider_Roger_Body,0.04280207
273.6023,Collider_Roger_Body,0.03602432
273.6134,Collider_Roger_Body,0.03996731
273.6245,Collider_Roger_Body,0.04034019
273.6357,Collider_Roger_Body,0.03809671
273.6468,Collider_Roger_Body,0.03530033
273.6578,Collider_Roger_Body,0.03856253
273.6689,Collider_Roger_Body,0.03601743
273.68,Collider_Roger_Body,0.03917598
273.6918,Collider_Roger_Body,0.03952945
273.7022,Collider_Roger_Body,0.03438778
273.7135,Collider_Roger_Body,0.0404993
273.7245,Collider_Roger_Body,0.04539387
273.7355,Collider_Roger_Body,0.05495132
273.7476,Collider_Roger_Body,0.05620115
273.7578,Collider_Roger_Body,0.05885132
273.7688,Collider_Roger_Body,0.06179959
273.7801,Collider_Roger_Body,0.06238683
273.7911,Collider_Roger_Body,0.06852033
273.8022,Collider_Roger_Body,0.06991666
273.8132,Collider_Roger_Body,0.07623491
273.8244,Collider_Roger_Body,0.08445357
273.8354,Collider_Roger_Body,0.09252328
273.8467,Collider_Roger_Body,0.09573366
273.8576,Collider_Roger_Body,0.1079023
273.8689,Collider_Roger_Body,0.1112654
273.8799,Collider_Roger_Body,0.1214055
273.891,Collider_Roger_Body,0.1270435
273.9022,Collider_Roger_Body,0.1321547
273.9135,Collider_Roger_Body,0.1343736
273.9247,Collider_Roger_Body,0.1360871
273.9354,Collider_Roger_Body,0.1420456
273.9466,Collider_Roger_Body,0.1435349
273.9576,Collider_Roger_Body,0.1501584
273.9688,Collider_Roger_Body,0.1532533
273.9798,Collider_Roger_Body,0.1562095
273.9912,Collider_Roger_Body,0.1556013
274.0023,Collider_Roger_Body,0.1595974
274.0132,Collider_Roger_Body,0.1588879
274.0244,Collider_Roger_Body,0.1502292
274.0354,Collider_Roger_Body,0.14844
274.0465,Collider_Roger_Body,0.1483121
274.0576,Collider_Roger_Body,0.1494514
274.0688,Collider_Roger_Body,0.1385257
274.0799,Nullreference,0.1286924
274.091,Nullreference,0.1222173
274.1021,Nullreference,0.1078302
274.1134,Nullreference,0.09678496
274.1243,Nullreference,0.07992509
274.1354,Nullreference,0.07056613
274.1465,Nullreference,0.05689306
274.1577,Nullreference,0.03782864
274.1687,Nullreference,0.02795297
274.1799,Nullreference,0.01784211
274.1909,Nullreference,0.01031437
274.2023,Nullreference,0.0351529
274.2134,Nullreference,0.0476938
274.2242,Nullreference,0.06359307
274.2355,Nullreference,0.08196703
274.2466,Nullreference,0.09171891
274.2577,Nullreference,0.09986188
274.2687,Nullreference,0.1081256
274.2798,Nullreference,0.1150479
274.2911,Nullreference,0.1175961
274.3022,Nullreference,0.1149375
274.3133,Nullreference,0.1137525
274.3242,Nullreference,0.1135225
274.3353,Nullreference,0.1107527
274.3467,Nullreference,0.1008636
274.3576,Nullreference,0.09553417
274.3686,Nullreference,0.09399022
274.3797,Nullreference,0.0847542
274.3908,Nullreference,0.08815052
274.4019,Nullreference,0.08613184
274.4132,Nullreference,0.07489018
274.4243,Nullreference,0.07036329
274.4353,Nullreference,0.0693633
274.4464,Nullreference,0.06266797
274.4575,Nullreference,0.05653396
274.4686,Nullreference,0.04647871
274.4797,Nullreference,0.04536837
274.4909,Nullreference,0.04623002
274.5022,Nullreference,0.04124702
274.5131,Nullreference,0.03939876
274.5242,Collider_Roger_Body,0.04416446
274.5353,Nullreference,0.04104272
274.5464,Collider_Roger_Body,0.03603227
274.5575,Nullreference,0.02625196
274.5686,Collider_Roger_Body,0.02370124
274.5796,Collider_Roger_Body,0.01775695
274.5909,Collider_Roger_Body,0.01102261
274.6019,Collider_Roger_Body,0.007620321
274.6138,Collider_Roger_Body,0.01324627
274.6242,Collider_Roger_Body,0.015158
274.6353,Nullreference,0.01775788
274.6462,Collider_Roger_Body,0.01747988
274.6575,Collider_Hypoli_Body,0.025578
274.6687,Collider_Hypoli_Body,0.02118359
274.6798,Collider_Hypoli_Body,0.02510806
274.6908,Collider_Hypoli_Body,0.02151551
274.702,Collider_Hypoli_Body,0.02438383
274.713,Collider_Hypoli_Body,0.02401054
274.7242,Collider_Hypoli_Body,0.02122108
274.7352,Collider_Hypoli_Body,0.02327111
274.7464,Collider_Hypoli_Body,0.02475912
274.7576,Collider_Hypoli_Body,0.03790575
274.7686,Collider_Hypoli_Body,0.03808987
274.7798,Collider_Hypoli_Body,0.03603513
274.7907,Collider_Hypoli_Body,0.03525576
274.8019,Collider_Hypoli_Body,0.03608326
274.8129,Collider_Hypoli_Body,0.03571012
274.824,Collider_Hypoli_Body,0.03340634
274.8361,Collider_Hypoli_Body,0.03484961
274.8463,Collider_Hypoli_Body,0.03799671
274.8575,Collider_Hypoli_Body,0.03579528
274.8685,Collider_Hypoli_Body,0.03723695
274.8797,Collider_Hypoli_Body,0.04067905
274.8907,Collider_Hypoli_Body,0.04173356
274.9019,Collider_Hypoli_Body,0.03491106
274.9129,Collider_Hypoli_Body,0.03173023
274.9241,Collider_Hypoli_Body,0.03003922
274.9352,Collider_Hypoli_Body,0.0280134
274.9463,Collider_Hypoli_Body,0.02600444
274.9575,Collider_Hypoli_Body,0.01795514
274.9686,Collider_Hypoli_Body,0.01973077
274.9825,Collider_Hypoli_Body,0.02431699
274.9906,Collider_Hypoli_Body,0.02759567
275.0019,Collider_Hypoli_Body,0.02083962
275.0129,Collider_Hypoli_Body,0.02966445
275.0242,Collider_Hypoli_Body,0.03571479
275.0352,Collider_Hypoli_Body,0.04157571
275.0463,Collider_Hypoli_Body,0.04532864
275.0576,Collider_Hypoli_Body,0.04127598
275.0685,Collider_Hypoli_Body,0.04936554
275.0796,Collider_Hypoli_Body,0.05413359
275.0907,Collider_Hypoli_Body,0.05756245
275.102,Collider_Hypoli_Body,0.07177094
275.113,Collider_Hypoli_Body,0.0817829
275.124,Collider_Hypoli_Body,0.08141229
275.1351,Collider_Hypoli_Body,0.08300409
275.1463,Collider_Hypoli_Body,0.08877463
275.1574,Collider_Hypoli_Body,0.09279127
275.1684,Collider_Hypoli_Body,0.1008943
275.1795,Collider_Hypoli_Body,0.1148486
275.1908,Collider_Hypoli_Body,0.1241375
275.2016,Collider_Hypoli_Body,0.1301213
275.2129,Collider_Hypoli_Body,0.1265206
275.224,Collider_Hypoli_Body,0.106458
275.2353,Collider_Hypoli_Body,0.1140985
275.2463,Collider_Hypoli_Body,0.1251872
275.2573,Collider_Hypoli_Body,0.1274981
275.2686,Collider_Hypoli_Body,0.1274316
275.2795,Collider_Hypoli_Body,0.1248586
275.2907,Collider_Hypoli_Body,0.1277341
275.3021,Collider_Hypoli_Body,0.1283267
275.3133,Collider_Hypoli_Body,0.1282057
275.324,Collider_Hypoli_Body,0.1273207
275.3352,Collider_Hypoli_Body,0.1312197
275.3461,Collider_Hypoli_Body,0.1284356
275.3573,Collider_Hypoli_Body,0.1250532
275.3686,Collider_Hypoli_Body,0.125535
275.3795,Collider_Hypoli_Body,0.1283121
275.3906,Collider_Hypoli_Body,0.1337022
275.4018,Collider_Hypoli_Body,0.136992
275.4129,Collider_Hypoli_Body,0.1372724
275.4239,Collider_Hypoli_Body,0.1402528
275.435,Collider_Hypoli_Body,0.1356823
275.4463,Collider_Hypoli_Body,0.1253598
275.4572,Collider_Hypoli_Body,0.1136401
275.4684,Collider_Hypoli_Body,0.1131371
275.48,Collider_Hypoli_Body,0.1052722
275.4905,Collider_Hypoli_Body,0.1040241
275.5016,Collider_Hypoli_Body,0.102471
275.5127,Collider_Hypoli_Body,0.09786194
275.524,Collider_Hypoli_Body,0.09402864
275.5349,Collider_Hypoli_Body,0.08430733
275.5461,Collider_Hypoli_Body,0.07825214
275.5572,Collider_Hypoli_Body,0.06537236
275.5684,Collider_Hypoli_Body,0.06075979
275.5795,Collider_Hypoli_Body,0.06071145
275.5906,Collider_Hypoli_Body,0.06839599
275.6017,Collider_Hypoli_Body,0.08534312
275.6127,Collider_Hypoli_Body,0.1000655
275.624,Collider_Hypoli_Body,0.1090961
275.6349,Collider_Hypoli_Body,0.1231434
275.6461,Collider_Hypoli_Body,0.1333548
275.6574,Collider_Hypoli_Body,0.1424639
275.669,Collider_Hypoli_Body,0.1510835
275.6794,Collider_Hypoli_Body,0.1550617
275.6907,Collider_Hypoli_Body,0.1589798
275.7016,Collider_Hypoli_Body,0.1620074
275.7128,Collider_Hypoli_Body,0.1675127
275.7239,Collider_Hypoli_Body,0.1737688
275.735,Collider_Hypoli_Body,0.1833436
275.7461,Collider_Hypoli_Body,0.2008092
275.7572,Collider_Hypoli_Body,0.222288
275.7684,Collider_Hypoli_Body,0.2475009
275.7794,Collider_Hypoli_Body,0.2734935
275.7906,Collider_Hypoli_Body,0.2970743
275.8019,Collider_Hypoli_Body,0.3190294
275.8127,Collider_Hypoli_Body,0.3262877
275.8239,Collider_Hypoli_Body,0.3245168
275.835,Collider_Hypoli_Body,0.3111129
275.8462,Collider_Hypoli_Body,0.2862052
275.8572,Collider_Roger_Body,0.2608495
275.8684,Collider_Roger_Body,0.2319988
275.8802,Collider_Roger_Body,0.1972374
275.8905,Collider_Roger_Body,0.1696013
275.9016,Collider_Roger_Body,0.1494683
275.9129,Collider_Roger_Body,0.1450482
275.9238,Collider_Roger_Body,0.1514422
275.9349,Collider_Roger_Body,0.1570364
275.946,Collider_Roger_Body,0.1565176
275.9572,Collider_Roger_Body,0.1566767
275.9684,Collider_Roger_Body,0.1463731
275.9794,Collider_Roger_Body,0.1358547
275.9907,Collider_Roger_Body,0.1322475
276.0015,Collider_Roger_Body,0.1290046
276.0127,Collider_Roger_Body,0.1257914
276.0238,Collider_Roger_Body,0.132296
276.0349,Collider_Roger_Body,0.1377091
276.046,Collider_Roger_Body,0.1412451
276.0575,Collider_Roger_Body,0.138918
276.0683,Collider_Roger_Body,0.1356348
276.0795,Collider_Roger_Body,0.1372343
276.0907,Collider_Roger_Body,0.1390734
276.1016,Collider_Roger_Body,0.1403325
276.1127,Collider_Roger_Body,0.1382461
276.1239,Collider_Roger_Body,0.1328218
276.1349,Collider_Roger_Body,0.1277998
276.1461,Collider_Roger_Body,0.1262207
276.1571,Collider_Roger_Body,0.1175749
276.1685,Collider_Roger_Body,0.1087692
276.1793,Collider_Roger_Body,0.0986309
276.1906,Collider_Roger_Body,0.09566141
276.2015,Collider_Roger_Body,0.09995192
276.2127,Collider_Roger_Body,0.1065864
276.2239,Collider_Roger_Body,0.09502231
276.2349,Collider_Roger_Body,0.08570585
276.2459,Collider_Roger_Body,0.08646142
276.2574,Collider_Roger_Body,0.08862368
276.2682,Collider_Roger_Body,0.08460546
276.2793,Collider_Roger_Body,0.08371169
276.2906,Collider_Roger_Body,0.0907352
276.3015,Collider_Roger_Body,0.09577522
276.3128,Collider_Roger_Body,0.1043883
276.3242,Collider_Roger_Body,0.1158869
276.3348,Collider_Roger_Body,0.1305113
276.3462,Collider_Roger_Body,0.1474326
276.3574,Collider_Roger_Body,0.163021
276.3681,Collider_Roger_Body,0.1713153
276.3793,Collider_Roger_Body,0.1795571
276.3906,Collider_Roger_Body,0.1982294
276.4014,Collider_Roger_Body,0.2153543
276.4126,Collider_Roger_Body,0.2289037
276.4236,Collider_Roger_Body,0.2306016
276.4348,Collider_Roger_Body,0.2358943
276.4458,Collider_Roger_Body,0.2403623
276.4571,Collider_Roger_Body,0.2468427
276.4681,Collider_Roger_Body,0.2570547
276.4792,Collider_Roger_Body,0.2669264
276.4906,Collider_Roger_Body,0.267787
276.5016,Collider_Roger_Body,0.2683271
276.5125,Collider_Roger_Body,0.2708793
276.5236,Collider_Roger_Body,0.2674706
276.5348,Collider_Roger_Body,0.2556399
276.5458,Collider_Roger_Body,0.239097
276.5569,Collider_Roger_Body,0.2236502
276.5681,Collider_Roger_Body,0.1983291
276.5791,Collider_Roger_Body,0.1765006
276.5906,Collider_Roger_Body,0.158742
276.6013,Collider_Roger_Body,0.1451177
276.6127,Collider_Roger_Body,0.1393748
276.6235,Collider_Roger_Body,0.1412111
276.6347,Collider_Roger_Body,0.1521482
276.6459,Collider_Roger_Body,0.1780478
276.6571,Collider_Roger_Body,0.2133246
276.6681,Collider_Roger_Body,0.2442982
276.6792,Collider_Roger_Body,0.2811914
276.6903,Collider_Roger_Body,0.3098597
276.7015,Collider_Roger_Body,0.3389752
276.7127,Collider_Roger_Body,0.3612474
276.7235,Collider_Roger_Body,0.3776349
276.7348,Collider_Roger_Body,0.3921095
276.7457,Collider_Roger_Body,0.399639
276.7568,Collider_Roger_Body,0.3947956
276.7682,Collider_Roger_Body,0.3894119
276.779,Collider_Roger_Body,0.3777651
276.7903,Collider_Roger_Body,0.3572571
276.8015,Collider_Roger_Body,0.3372104
276.8125,Collider_Roger_Body,0.3111368
276.8235,Collider_Roger_Body,0.2847374
276.8346,Collider_Roger_Body,0.2486079
276.8457,Collider_Roger_Body,0.2111705
276.8568,Collider_Roger_Body,0.1795075
276.8679,Collider_Roger_Body,0.1361822
276.879,Collider_Roger_Body,0.1012078
276.8902,Collider_Roger_Body,0.05500389
276.9012,Collider_Roger_Body,0.03262055
276.9126,Collider_Roger_Body,0.05728514
276.9235,Collider_Roger_Body,0.088396
276.9345,Collider_Hypoli_Body,0.1102246
276.9456,Collider_Hypoli_Body,0.1389339
276.9567,Collider_Hypoli_Body,0.1584207
276.9678,Collider_Hypoli_Body,0.1805347
276.9789,Collider_Hypoli_Body,0.2087767
276.9901,Collider_Hypoli_Body,0.2369771
277.0011,Collider_Hypoli_Body,0.2632537
277.0123,Collider_Hypoli_Body,0.284286
277.0236,Collider_Hypoli_Body,0.319281
277.0345,Collider_Hypoli_Body,0.3449764
277.0456,Collider_Hypoli_Body,0.3787501
277.0567,Collider_Hypoli_Body,0.4149709
277.0677,Collider_Hypoli_Body,0.4434316
277.0789,Collider_Hypoli_Body,0.4808233
277.09,Collider_Hypoli_Body,0.5086071
277.1012,Collider_Hypoli_Body,0.5349779
277.1122,Collider_Hypoli_Body,0.5624726
277.1234,Collider_Hypoli_Body,0.5880289
277.1344,Collider_Hypoli_Body,0.6051733
277.1455,Collider_Hypoli_Body,0.6226898
277.1566,Collider_Hypoli_Body,0.6396093
277.1676,Collider_Hypoli_Body,0.6574091
277.1791,Collider_Hypoli_Body,0.6708765
277.19,Collider_Hypoli_Body,0.6795753
277.201,Collider_Hypoli_Body,0.6842622
277.2121,Collider_Hypoli_Body,0.6841573
277.2233,Collider_Hypoli_Body,0.6765516
277.2345,Collider_Hypoli_Body,0.6727247
277.2455,Collider_Hypoli_Body,0.6611388
277.2565,Collider_Hypoli_Body,0.647179
277.2676,Collider_Hypoli_Body,0.6328868
277.2788,Collider_Hypoli_Body,0.6157724
277.2899,Collider_Hypoli_Body,0.5927195
277.301,Collider_Hypoli_Body,0.565601
277.312,Collider_Hypoli_Body,0.54285
277.3232,Collider_Hypoli_Body,0.5134272
277.3346,Collider_Hypoli_Body,0.4860376
277.3455,Collider_Hypoli_Body,0.4607124
277.3565,Collider_Hypoli_Body,0.4403378
277.3676,Collider_Hypoli_Body,0.4126699
277.3787,Collider_Hypoli_Body,0.3839601
277.3899,Collider_Hypoli_Body,0.3644757
277.4009,Collider_Hypoli_Body,0.3399814
277.4121,Collider_Hypoli_Body,0.3231354
277.4232,Collider_Hypoli_Body,0.2950876
277.4344,Collider_Hypoli_Body,0.2787276
277.4454,Collider_Hypoli_Body,0.2521231
277.4566,Collider_Hypoli_Body,0.2193593
277.4677,Collider_Hypoli_Body,0.1955764
277.4788,Collider_Hypoli_Body,0.1704397
277.4897,Collider_Hypoli_Body,0.1493965
277.501,Collider_Hypoli_Body,0.127679
277.5121,Collider_Hypoli_Body,0.1105122
277.5233,Collider_Hypoli_Body,0.09515928
277.5342,Collider_Hypoli_Body,0.08647288
277.5454,Collider_Hypoli_Body,0.0793818
277.5564,Collider_Hypoli_Body,0.0798261
277.5676,Collider_Hypoli_Body,0.08260441
277.5787,Collider_Hypoli_Body,0.08344498
277.5898,Collider_Hypoli_Body,0.08737712
277.6009,Collider_Hypoli_Body,0.08789074
277.612,Collider_Hypoli_Body,0.09033131
277.6233,Collider_Hypoli_Body,0.09045513
277.6342,Collider_Hypoli_Body,0.09498094
277.6453,Collider_Hypoli_Body,0.09791166
277.6566,Collider_Hypoli_Body,0.1012912
277.6677,Collider_Hypoli_Body,0.1078767
277.6786,Collider_Hypoli_Body,0.1103945
277.6897,Collider_Hypoli_Body,0.113377
277.7009,Collider_Hypoli_Body,0.1144113
277.712,Collider_Hypoli_Body,0.1208983
277.7231,Collider_Hypoli_Body,0.1166098
277.7342,Collider_Hypoli_Body,0.1173146
277.7452,Collider_Hypoli_Body,0.1101594
277.7563,Collider_Hypoli_Body,0.1059361
277.7675,Collider_Hypoli_Body,0.1031516
277.7787,Collider_Hypoli_Body,0.09467775
277.7897,Collider_Hypoli_Body,0.09312141
277.8008,Collider_Hypoli_Body,0.07435888
277.812,Collider_Hypoli_Body,0.06412394
277.823,Collider_Hypoli_Body,0.05848403
277.8341,Collider_Hypoli_Body,0.05407842
277.8453,Collider_Hypoli_Body,0.05382349
277.8564,Collider_Hypoli_Body,0.05402354
277.8674,Collider_Hypoli_Body,0.05881067
277.8787,Collider_Hypoli_Body,0.06444224
277.8897,Collider_Hypoli_Body,0.06563704
277.9008,Collider_Hypoli_Body,0.06729495
277.9119,Collider_Hypoli_Body,0.06759451
277.923,Collider_Hypoli_Body,0.07398948
277.9343,Collider_Hypoli_Body,0.0856033
277.9452,Collider_Hypoli_Body,0.09433371
277.9563,Collider_Hypoli_Body,0.0954171
277.9675,Collider_Hypoli_Body,0.08264529
277.9787,Collider_Hypoli_Body,0.06816314
277.9897,Collider_Hypoli_Body,0.05143229
278.0007,Collider_Hypoli_Body,0.04663722
278.012,Collider_Hypoli_Body,0.05033136
278.0229,Collider_Hypoli_Body,0.04445687
278.034,Collider_Hypoli_Body,0.04205569
278.0454,Collider_Hypoli_Body,0.0354467
278.0565,Collider_Hypoli_Body,0.03083812
278.0673,Collider_Hypoli_Body,0.02370634
278.0786,Collider_Hypoli_Body,0.01898862
278.0896,Collider_Hypoli_Body,0.02560316
278.1013,Collider_Hypoli_Body,0.03089952
278.112,Collider_Hypoli_Body,0.03543903
278.1232,Collider_Hypoli_Body,0.04213097
278.1342,Collider_Hypoli_Body,0.05009834
278.1455,Collider_Hypoli_Body,0.05912287
278.1562,Collider_Hypoli_Body,0.06643589
278.1674,Collider_Hypoli_Body,0.07580905
278.1786,Collider_Hypoli_Body,0.07905997
278.1896,Collider_Hypoli_Body,0.07847418
278.2009,Collider_Hypoli_Body,0.07701956
278.2118,Collider_Hypoli_Body,0.07568058
278.2231,Collider_Hypoli_Body,0.07621676
278.234,Collider_Hypoli_Body,0.08879051
278.2451,Collider_Hypoli_Body,0.09764727
278.2563,Collider_Hypoli_Body,0.1043627
278.2675,Collider_Hypoli_Body,0.1097883
278.2785,Collider_Hypoli_Body,0.1102478
278.29,Collider_Hypoli_Body,0.1152288
278.3007,Collider_Hypoli_Body,0.1178539
278.3117,Collider_Hypoli_Body,0.1216628
278.3229,Collider_Hypoli_Body,0.1150788
278.3342,Collider_Hypoli_Body,0.1171277
278.3451,Collider_Hypoli_Body,0.1139196
278.3567,Collider_Hypoli_Body,0.111368
278.3672,Collider_Hypoli_Body,0.1068551
278.3784,Collider_Hypoli_Body,0.09704585
278.3895,Collider_Hypoli_Body,0.09128556
278.4006,Collider_Hypoli_Body,0.08473373
278.4117,Collider_Hypoli_Body,0.07328134
278.4232,Collider_Hypoli_Body,0.06557832
278.4339,Collider_Hypoli_Body,0.05509156
278.445,Collider_Hypoli_Body,0.04552484
278.4561,Collider_Hypoli_Body,0.03594691
278.4674,Collider_Hypoli_Body,0.03483536
278.4784,Collider_Hypoli_Body,0.03176063
278.4894,Collider_Hypoli_Body,0.02966065
278.5005,Collider_Hypoli_Body,0.03643508
278.5117,Collider_Hypoli_Body,0.04286339
278.5229,Collider_Hypoli_Body,0.05561226
278.534,Collider_Hypoli_Body,0.06281883
278.545,Collider_Hypoli_Body,0.07067184
278.5562,Collider_Hypoli_Body,0.07627913
278.5672,Collider_Hypoli_Body,0.08185379
278.5785,Collider_Hypoli_Body,0.08673778
278.5894,Collider_Hypoli_Body,0.09230383
278.6006,Collider_Hypoli_Body,0.1008852
278.6117,Collider_Hypoli_Body,0.1055466
278.6227,Collider_Hypoli_Body,0.1101753
278.6339,Collider_Hypoli_Body,0.1085963
278.645,Collider_Hypoli_Body,0.1111823
278.6562,Collider_Hypoli_Body,0.1148137
278.6676,Collider_Hypoli_Body,0.1143492
278.6783,Collider_Hypoli_Body,0.1165447
278.6895,Collider_Hypoli_Body,0.1170364
278.7007,Collider_Hypoli_Body,0.1170921
278.7115,Collider_Hypoli_Body,0.1131175
278.7227,Collider_Hypoli_Body,0.1132322
278.7338,Collider_Hypoli_Body,0.1020567
278.7449,Collider_Hypoli_Body,0.09904643
278.7561,Collider_Hypoli_Body,0.08818447
278.7671,Collider_Hypoli_Body,0.0760778
278.7783,Collider_Hypoli_Body,0.06875166
278.7894,Collider_Hypoli_Body,0.06142094
278.8004,Collider_Hypoli_Body,0.05976726
278.8117,Collider_Hypoli_Body,0.0564378
278.8227,Collider_Hypoli_Body,0.05950703
278.8338,Collider_Hypoli_Body,0.05637542
278.845,Collider_Hypoli_Body,0.06127331
278.856,Collider_Hypoli_Body,0.05935252
278.8673,Collider_Hypoli_Body,0.06693635
278.8784,Collider_Hypoli_Body,0.06524269
278.8895,Collider_Hypoli_Body,0.0688049
278.9005,Collider_Hypoli_Body,0.06138666
278.9117,Collider_Hypoli_Body,0.05551554
278.9227,Collider_Hypoli_Body,0.0569011
278.9338,Collider_Hypoli_Body,0.05403531
278.945,Collider_Hypoli_Body,0.05584995
278.9561,Collider_Hypoli_Body,0.05912931
278.9674,Collider_Hypoli_Body,0.06480036
278.9782,Collider_Hypoli_Body,0.07503365
278.9893,Collider_Hypoli_Body,0.08573307
279.0003,Collider_Hypoli_Body,0.08904934
279.0117,Collider_Hypoli_Body,0.09730239
279.0228,Nullreference,0.0959907
279.0339,Nullreference,0.09769575
279.045,Nullreference,0.09123857
279.0559,Nullreference,0.08405294
279.0672,Nullreference,0.07567409
279.0782,Nullreference,0.06964801
279.0892,Nullreference,0.06103115
279.1005,Nullreference,0.05365941
279.1117,Nullreference,0.04444486
279.1227,Nullreference,0.0519826
279.1338,Nullreference,0.04840453
279.1448,Nullreference,0.0522507
279.1559,Nullreference,0.05068813
279.1671,Nullreference,0.04992045
279.1781,Nullreference,0.04666179
279.1892,Collider_Hypoli_Body,0.04382337
279.2004,Collider_Hypoli_Body,0.03838957
279.2117,Collider_Hypoli_Body,0.03734942
279.2227,Collider_Hypoli_Body,0.04252895
279.2337,Collider_Hypoli_Body,0.04171602
279.245,Collider_Hypoli_Body,0.04394179
279.256,Collider_Hypoli_Body,0.04338032
279.2671,Collider_Hypoli_Body,0.04912113
279.2782,Collider_Hypoli_Body,0.04712048
279.2893,Collider_Hypoli_Body,0.04897615
279.3004,Collider_Hypoli_Body,0.05370718
279.3114,Collider_Hypoli_Body,0.06000496
279.3226,Collider_Hypoli_Body,0.06584704
279.3337,Collider_Hypoli_Body,0.06444011
279.345,Collider_Hypoli_Body,0.06470709
279.356,Collider_Hypoli_Body,0.07467916
279.367,Collider_Hypoli_Body,0.07869659
279.3781,Collider_Hypoli_Body,0.08524469
279.3893,Collider_Hypoli_Body,0.08840484
279.4003,Collider_Hypoli_Body,0.09240054
279.4117,Collider_Hypoli_Body,0.0956391
279.4227,Collider_Hypoli_Body,0.1048024
279.4339,Collider_Hypoli_Body,0.1187331
279.4448,Collider_Hypoli_Body,0.1233382
279.4559,Collider_Hypoli_Body,0.1295482
279.467,Collider_Hypoli_Body,0.1308895
279.4781,Collider_Hypoli_Body,0.1234355
279.4892,Collider_Hypoli_Body,0.1092991
279.5003,Collider_Hypoli_Body,0.09018166
279.5115,Collider_Hypoli_Body,0.06741213
279.5225,Collider_Hypoli_Body,0.05493025
279.5336,Collider_Hypoli_Body,0.04340623
279.5447,Collider_Hypoli_Body,0.02702601
279.556,Collider_Hypoli_Body,0.01851967
279.567,Collider_Hypoli_Body,0.01420126
279.5781,Collider_Hypoli_Body,0.01433873
279.5892,Collider_Hypoli_Body,0.02101183
279.6003,Collider_Hypoli_Body,0.02385452
279.6115,Collider_Hypoli_Body,0.02500008
279.6226,Collider_Hypoli_Body,0.03147082
279.6336,Collider_Hypoli_Body,0.0342329
279.6449,Collider_Hypoli_Body,0.03223037
279.6559,Collider_Hypoli_Body,0.0360225
279.6669,Collider_Hypoli_Body,0.03353025
279.678,Collider_Hypoli_Body,0.03358871
279.6891,Collider_Hypoli_Body,0.03594042
279.7003,Collider_Hypoli_Body,0.04418634
279.7113,Collider_Hypoli_Body,0.05218782
279.7224,Collider_Hypoli_Body,0.05838494
279.7337,Collider_Hypoli_Body,0.05862302
279.7446,Collider_Hypoli_Body,0.06669523
279.7558,Collider_Hypoli_Body,0.0691102
279.7668,Collider_Hypoli_Body,0.07428678
279.778,Collider_Hypoli_Body,0.07466182
279.789,Collider_Hypoli_Body,0.0762065
279.8002,Collider_Hypoli_Body,0.07728522
279.8115,Collider_Hypoli_Body,0.07912382
279.8226,Collider_Hypoli_Body,0.07734209
279.8335,Collider_Hypoli_Body,0.07558785
279.8446,Collider_Hypoli_Body,0.0730322
279.856,Collider_Hypoli_Body,0.0698851
279.867,Collider_Hypoli_Body,0.06396846
279.8781,Collider_Hypoli_Body,0.06311011
279.8892,Collider_Hypoli_Body,0.06008153
279.9001,Collider_Hypoli_Body,0.05251839
279.9114,Collider_Hypoli_Body,0.05148346
279.9225,Collider_Hypoli_Body,0.05039745
279.9334,Collider_Hypoli_Body,0.04929504
279.9446,Collider_Hypoli_Body,0.04899405
279.9558,Collider_Hypoli_Body,0.04106722
279.9669,Collider_Hypoli_Body,0.04376286
279.9779,Collider_Hypoli_Body,0.04359631
279.989,Collider_Hypoli_Body,0.04147423
280.0001,Collider_Hypoli_Body,0.04841409
280.0112,Collider_Hypoli_Body,0.052423
280.0222,Collider_Hypoli_Body,0.06320278
280.0334,Collider_Hypoli_Body,0.06189357
280.0445,Collider_Hypoli_Body,0.06915485
280.0556,Collider_Hypoli_Body,0.07084799
280.0667,Collider_Hypoli_Body,0.07109716
280.0778,Collider_Hypoli_Body,0.06722858
280.0889,Collider_Hypoli_Body,0.06621549
280.1001,Collider_Hypoli_Body,0.05630377
280.1114,Collider_Hypoli_Body,0.05287568
280.1222,Collider_Hypoli_Body,0.04719431
280.1333,Collider_Hypoli_Body,0.03867476
280.1444,Collider_Hypoli_Body,0.03317528
280.1558,Collider_Hypoli_Body,0.03015295
280.1668,Collider_Hypoli_Body,0.02770896
280.1777,Collider_Hypoli_Body,0.02360712
280.1889,Collider_Hypoli_Body,0.02728888
280.1999,Collider_Hypoli_Body,0.02919135
280.2112,Collider_Hypoli_Body,0.03218938
280.2222,Collider_Hypoli_Body,0.03470008
280.2334,Collider_Hypoli_Body,0.030749
280.2444,Collider_Hypoli_Body,0.02879891
280.2555,Collider_Hypoli_Body,0.02629885
280.2668,Collider_Hypoli_Body,0.02172602
280.2779,Collider_Hypoli_Body,0.01373061
280.2888,Collider_Hypoli_Body,0.01374185
280.3,Collider_Hypoli_Body,0.01063606
280.3111,Collider_Hypoli_Body,0.01971008
280.3222,Collider_Hypoli_Body,0.02549553
280.3333,Collider_Hypoli_Body,0.0323411
280.3448,Collider_Hypoli_Body,0.03459335
280.3559,Collider_Hypoli_Body,0.02069235
280.3667,Collider_Hypoli_Body,0.01731772
280.3777,Collider_Hypoli_Body,0.03192269
280.3889,Collider_Hypoli_Body,0.0345588
280.3999,Collider_Hypoli_Body,0.03046469
280.411,Collider_Hypoli_Body,0.02705229
280.422,Collider_Hypoli_Body,0.02175388
280.4331,Collider_Hypoli_Body,0.0156285
280.4443,Collider_Hypoli_Body,0.01477808
280.4554,Collider_Hypoli_Body,0.009813738
280.4665,Collider_Hypoli_Body,0.01473101
280.4775,Collider_Hypoli_Body,0.01267061
280.4888,Collider_Hypoli_Body,0.00822462
280.4998,Collider_Hypoli_Body,0.008536692
280.5109,Collider_Hypoli_Body,0.01115214
280.5221,Collider_Hypoli_Body,0.01614396
280.5331,Collider_Hypoli_Body,0.02116189
280.5447,Nullreference,0.02594386
280.5558,Nullreference,0.03784739
280.5667,Nullreference,0.04617917
280.5779,Nullreference,0.05209885
280.5891,Nullreference,0.05980603
280.6,Nullreference,0.0602798
280.6112,Nullreference,0.0635621
280.6225,Nullreference,0.06541704
280.6334,Nullreference,0.06291834
280.6449,Nullreference,0.05707778
280.6559,Nullreference,0.05472448
280.6669,Nullreference,0.05049833
280.6779,Nullreference,0.04115914
280.6889,Nullreference,0.04199291
280.7,Nullreference,0.03312392
280.7112,Nullreference,0.03232319
280.7223,Nullreference,0.02487534
280.7334,Nullreference,0.02307247
280.7444,Nullreference,0.0210609
280.7556,Nullreference,0.02043954
280.767,Nullreference,0.0148909
280.7778,Nullreference,0.02108809
280.7888,Nullreference,0.0235996
280.7999,Nullreference,0.0219554
280.8112,Nullreference,0.01981967
280.8222,Nullreference,0.01647604
280.8333,Nullreference,0.01366844
280.8444,Nullreference,0.01080613
280.8555,Nullreference,0.01324313
280.8667,Nullreference,0.02187674
280.8777,Nullreference,0.02661616
280.889,Nullreference,0.03220198
280.9001,Nullreference,0.03623808
280.911,Nullreference,0.03933526
280.9222,Nullreference,0.04033322
280.9333,Nullreference,0.04338314
280.9443,Nullreference,0.04215768
280.9554,Nullreference,0.05052803
280.9667,Nullreference,0.0579437
280.9803,Nullreference,0.06286786
280.9888,Nullreference,0.0551121
280.9999,Nullreference,0.04710907
281.0112,Nullreference,0.04155447
281.0221,Nullreference,0.04089604
281.0333,Nullreference,0.03882053
281.0443,Nullreference,0.04085297
281.0555,Nullreference,0.03726187
281.0665,Nullreference,0.03773821
281.0776,Nullreference,0.03312935
281.0888,Nullreference,0.03313506
281.1002,Nullreference,0.0322691
281.111,Nullreference,0.03211045
281.1229,Nullreference,0.03337381
281.1332,Nullreference,0.02872017
281.1443,Nullreference,0.02905672
281.1553,Nullreference,0.02634293
281.1664,Nullreference,0.03367941
281.1781,Nullreference,0.03386122
281.1888,Nullreference,0.05008796
281.1999,Nullreference,0.05958664
281.2111,Nullreference,0.07145131
281.2222,Nullreference,0.09059908
281.2331,Nullreference,0.10826
281.2442,Nullreference,0.1347049
281.2555,Nullreference,0.1602372
281.2665,Nullreference,0.1850497
281.2776,Nullreference,0.238667
281.2887,Nullreference,0.2893532
281.3,Nullreference,0.343767
281.311,Nullreference,0.3898465
281.3221,Nullreference,0.4461213
281.3331,Nullreference,0.4934501
281.3444,Nullreference,0.5457646
281.3559,Nullreference,0.584007
281.3669,Nullreference,0.6205466
281.3779,Nullreference,0.6542633
281.389,Nullreference,0.6863569
281.4002,Nullreference,0.7105943
281.4113,Nullreference,0.7380172
281.4228,Nullreference,0.7568933
281.4334,Nullreference,0.7782633
281.4445,Nullreference,0.7929511
281.4557,Nullreference,0.8100052
281.4669,Nullreference,0.8273228
281.4779,Nullreference,0.8492935
281.489,Nullreference,0.8644515
281.5006,Nullreference,0.8834427
281.5115,Nullreference,0.8875219
281.5222,Nullreference,0.8994156
281.5333,Nullreference,0.9026051
281.545,Nullreference,0.9094922
281.5556,Nullreference,0.9085552
281.567,Nullreference,0.9077482
281.5779,Nullreference,0.9043938
281.5888,Nullreference,0.9057384
281.6,Nullreference,0.9035755
281.6117,Nullreference,0.8968556
281.6223,Nullreference,0.8973817
281.6333,Nullreference,0.8914256
281.6447,Nullreference,0.8903965
281.6555,Nullreference,0.8862258
281.6666,Nullreference,0.8770125
281.6777,Nullreference,0.8779678
281.6889,Nullreference,0.8842829
281.7007,Nullreference,0.8955971
281.7113,Nullreference,0.9122553
281.7222,Nullreference,0.933281
281.7334,Nullreference,0.9518487
281.7448,Nullreference,0.9734146
281.7556,Nullreference,0.9899077
281.7668,Nullreference,1.006789
281.7779,Nullreference,1.014071
281.7889,Nullreference,1.022523
281.8,Nullreference,1.027401
281.8113,Nullreference,1.027115
281.8228,Nullreference,1.021919
281.8335,Nullreference,1.018383
281.8448,Nullreference,1.008805
281.8558,Nullreference,0.9964873
281.867,Nullreference,0.9758939
281.8787,Nullreference,0.9594962
281.8895,Nullreference,0.936164
281.9004,Nullreference,0.9013114
281.9113,Nullreference,0.8825141
281.9223,Nullreference,0.8488957
281.9336,Nullreference,0.8165022
281.9449,Nullreference,0.7896687
281.9563,Nullreference,0.7568727
281.9675,Nullreference,0.7327183
281.9779,Nullreference,0.7036931
281.9891,Nullreference,0.6702753
282.0002,Nullreference,0.6400033
282.0113,Nullreference,0.6109715
282.0224,Nullreference,0.5746172
282.0336,Nullreference,0.5511508
282.0446,Nullreference,0.5162202
282.0558,Nullreference,0.4806096
282.0668,Nullreference,0.455942
282.0779,Nullreference,0.4310456
282.0889,Nullreference,0.396406
282.1001,Nullreference,0.3612556
282.1112,Nullreference,0.3377349
282.1226,Nullreference,0.308965
282.1334,Nullreference,0.2892967
282.1448,Nullreference,0.2641855
282.1556,Nullreference,0.2419552
282.1667,Nullreference,0.2245215
282.1779,Nullreference,0.2118081
282.1894,Nullreference,0.1955259
282.2003,Nullreference,0.1893102
282.2113,Nullreference,0.1847393
282.2222,Nullreference,0.1799902
282.2332,Nullreference,0.1779242
282.2448,Nullreference,0.1806633
282.2556,Nullreference,0.185417
282.2668,Nullreference,0.1816477
282.2779,Nullreference,0.1821692
282.2888,Nullreference,0.1716518
282.3001,Nullreference,0.1637265
282.3112,Nullreference,0.1579759
282.3224,Nullreference,0.1613098
282.3333,Nullreference,0.1566632
282.3445,Nullreference,0.1603474
282.3554,Nullreference,0.1591492
282.3667,Nullreference,0.1553758
282.3787,Nullreference,0.1569315
282.3893,Nullreference,0.1593211
282.3998,Nullreference,0.159761
282.4112,Nullreference,0.1520163
282.4223,Nullreference,0.1487469
282.4335,Nullreference,0.14564
282.4444,Nullreference,0.1376628
282.4557,Nullreference,0.1306345
282.4666,Nullreference,0.123275
282.4778,Nullreference,0.1205359
282.4887,Nullreference,0.1205243
282.4999,Nullreference,0.1148073
282.511,Nullreference,0.109274
282.5222,Nullreference,0.09692544
282.5333,Nullreference,0.08729036
282.5447,Nullreference,0.06822167
282.5553,Nullreference,0.04690951
282.5664,Nullreference,0.03325041
282.5777,Nullreference,0.0378123
282.5887,Nullreference,0.04857899
282.5998,Nullreference,0.05131441
282.611,Nullreference,0.04747579
282.622,Nullreference,0.05006207
282.6331,Nullreference,0.04884269
282.6443,Nullreference,0.05146449
282.6553,Nullreference,0.05938831
282.6666,Nullreference,0.0648392
282.6779,Nullreference,0.0734113
282.6889,Nullreference,0.08244538
282.6998,Nullreference,0.08794692
282.7109,Nullreference,0.09166045
282.722,Nullreference,0.09886873
282.7332,Nullreference,0.1017079
282.7442,Nullreference,0.1028563
282.7554,Nullreference,0.1119679
282.7663,Nullreference,0.1151476
282.7778,Nullreference,0.122138
282.7886,Nullreference,0.1302582
282.7997,Nullreference,0.1334332
282.8109,Nullreference,0.1354072
282.8222,Nullreference,0.1442205
282.8332,Nullreference,0.1432272
282.8442,Nullreference,0.1494991
282.8556,Nullreference,0.1514735
282.8664,Nullreference,0.1558974
282.8774,Nullreference,0.1663565
282.8886,Nullreference,0.1621794
282.8997,Nullreference,0.1660448
282.9109,Nullreference,0.1744511
282.9219,Nullreference,0.1798293
282.933,Nullreference,0.181263
282.9445,Nullreference,0.1824929
282.9553,Nullreference,0.1857995
282.9664,Nullreference,0.1846496
282.9775,Nullreference,0.1796033
282.9886,Nullreference,0.1741461
283.0003,Nullreference,0.1656168
283.0117,Nullreference,0.1585045
283.0218,Nullreference,0.157256
283.033,Nullreference,0.1538802
283.0439,Nullreference,0.1550636
283.0551,Nullreference,0.1523782
283.0663,Nullreference,0.1330679
283.0776,Nullreference,0.1106631
283.0884,Nullreference,0.0916632
283.0996,Nullreference,0.06953184
283.1107,Nullreference,0.04824039
283.1219,Nullreference,0.03371674
283.1331,Nullreference,0.03961268
283.1444,Nullreference,0.05770574
283.1553,Nullreference,0.07842527
283.1665,Nullreference,0.09476579
283.1774,Nullreference,0.1031817
283.1887,Nullreference,0.1153938
283.1996,Nullreference,0.1213024
283.2106,Nullreference,0.1320306
283.2218,Nullreference,0.1458834
283.2328,Nullreference,0.1563198
283.244,Nullreference,0.1664933
283.255,Nullreference,0.1768955
283.2663,Nullreference,0.1823824
283.2777,Nullreference,0.1892547
283.289,Nullreference,0.1897424
283.2997,Nullreference,0.1869475
283.3106,Nullreference,0.1833493
283.3218,Nullreference,0.1787896
283.3328,Nullreference,0.1723152
283.3439,Nullreference,0.1569938
283.3551,Nullreference,0.1558318
283.3661,Nullreference,0.1487262
283.3771,Nullreference,0.1474984
283.3884,Nullreference,0.1367998
283.3996,Nullreference,0.1369017
283.4108,Nullreference,0.1309071
283.4217,Nullreference,0.1206671
283.4328,Nullreference,0.1179636
283.4438,Nullreference,0.113927
283.4551,Nullreference,0.1099634
283.4663,Nullreference,0.1087141
283.4773,Nullreference,0.1060849
283.4882,Nullreference,0.09857979
283.4995,Nullreference,0.09697211
283.5104,Nullreference,0.09171067
283.5218,Nullreference,0.09226152
283.5328,Nullreference,0.09200814
283.544,Nullreference,0.09382179
283.5549,Nullreference,0.08974414
283.566,Nullreference,0.08507661
283.5772,Nullreference,0.07866424
283.5882,Nullreference,0.07787831
283.5995,Nullreference,0.0809435
283.6106,Nullreference,0.07785808
283.6215,Nullreference,0.0787546
283.6329,Nullreference,0.08025735
283.6442,Nullreference,0.0776141
283.6549,Nullreference,0.07619059
283.6659,Nullreference,0.07781617
283.6773,Nullreference,0.07797179
283.6882,Nullreference,0.07846826
283.6995,Nullreference,0.0753442
283.7107,Nullreference,0.07367609
283.7216,Nullreference,0.06868016
283.7327,Nullreference,0.06972989
283.7439,Nullreference,0.06701285
283.7548,Nullreference,0.07526992
283.7661,Nullreference,0.07447249
283.777,Nullreference,0.07897788
283.7881,Nullreference,0.07618393
283.7993,Nullreference,0.07286549
283.8104,Nullreference,0.07778938
283.8215,Nullreference,0.07655387
283.8327,Nullreference,0.07931308
283.8441,Nullreference,0.07841823
283.855,Nullreference,0.07873837
283.866,Nullreference,0.08014347
283.877,Nullreference,0.08239395
283.8883,Nullreference,0.08161814
283.8994,Nullreference,0.08038171
283.9103,Nullreference,0.08105001
283.9214,Nullreference,0.07991669
283.9324,Nullreference,0.0769163
283.9436,Nullreference,0.07790083
283.9548,Nullreference,0.07829198
283.9659,Nullreference,0.07463665
283.9773,Nullreference,0.07313276
283.9881,Nullreference,0.0669644
283.9991,Nullreference,0.06806678
284.0108,Nullreference,0.07024429
284.0214,Nullreference,0.06674036
284.0332,Nullreference,0.06740057
284.0437,Nullreference,0.07184169
284.0551,Nullreference,0.07024697
284.0661,Nullreference,0.07109758
284.0769,Nullreference,0.07051501
284.088,Nullreference,0.06774696
284.0995,Nullreference,0.07111575
284.1103,Nullreference,0.06867785
284.1213,Nullreference,0.06679064
284.1326,Nullreference,0.07170787
284.1436,Nullreference,0.07148819
284.1548,Nullreference,0.0692699
284.1658,Nullreference,0.07250659
284.1778,Nullreference,0.06998641
284.1879,Nullreference,0.06819786
284.1989,Nullreference,0.06334082
284.2106,Nullreference,0.05939093
284.2216,Nullreference,0.05127263
284.2327,Nullreference,0.04794763
284.2435,Nullreference,0.04067284
284.2549,Nullreference,0.04225769
284.2659,Nullreference,0.03831822
284.2773,Nullreference,0.04383687
284.2883,Nullreference,0.04267115
284.299,Nullreference,0.0448235
284.3106,Nullreference,0.0457853
284.3213,Nullreference,0.04923769
284.3323,Nullreference,0.04524029
284.3435,Nullreference,0.04510637
284.3547,Nullreference,0.04479666
284.3657,Nullreference,0.04548251
284.3764,Collider_Roger_State_action,0.05109874
284.3871,Collider_Roger_State_action,0.04228813
284.398,Collider_Roger_State_action,0.03773593
284.4091,Collider_Roger_State_action,0.0330373
284.4203,Collider_Roger_State_action,0.0263995
284.4314,Collider_Roger_State_action,0.02885154
284.4426,Collider_Roger_State_action,0.0279848
284.4541,Collider_Roger_State_action,0.02875353
284.4647,Collider_Roger_State_action,0.03064804
284.476,Collider_Roger_State_action,0.02744103
284.487,Collider_Roger_State_action,0.04155697
284.498,Collider_Roger_State_action,0.05120274
284.5092,Nullreference,0.05968934
284.5206,Nullreference,0.06732606
284.5313,Nullreference,0.07179959
284.5425,Nullreference,0.07774728
284.5536,Nullreference,0.08402725
284.5648,Nullreference,0.08297816
284.5759,Nullreference,0.08993927
284.5869,Nullreference,0.09439815
284.5979,Nullreference,0.09250218
284.6093,Nullreference,0.08938171
284.6206,Nullreference,0.1034808
284.6315,Nullreference,0.1027985
284.6424,Nullreference,0.1056356
284.6537,Nullreference,0.1097009
284.6646,Nullreference,0.1166851
284.6759,Nullreference,0.1176071
284.6868,Nullreference,0.126245
284.6982,Nullreference,0.1325898
284.7092,Nullreference,0.1360762
284.7202,Nullreference,0.1452461
284.7312,Nullreference,0.154886
284.7423,Nullreference,0.1610119
284.7536,Nullreference,0.1581487
284.7646,Nullreference,0.1526937
284.7757,Nullreference,0.145011
284.7867,Collider_Hypoli_Body,0.1524854
284.7979,Collider_Hypoli_Body,0.1617573
284.8092,Collider_Hypoli_Body,0.1732889
284.8207,Collider_Hypoli_Body,0.1781959
284.8313,Collider_Hypoli_Body,0.1931964
284.8425,Collider_Hypoli_Body,0.2028856
284.8535,Collider_Hypoli_Body,0.2107468
284.8646,Collider_Hypoli_Body,0.2155425
284.8758,Collider_Hypoli_Body,0.2216637
284.8867,Collider_Hypoli_Body,0.2293259
284.8979,Collider_Hypoli_Body,0.2388823
284.9091,Collider_Hypoli_Body,0.2438677
284.9201,Collider_Hypoli_Body,0.2476224
284.9312,Collider_Hypoli_Body,0.2476865
284.9424,Collider_Hypoli_Body,0.2530732
284.9536,Collider_Hypoli_Body,0.2527423
284.9648,Collider_Hypoli_Body,0.2513344
284.9761,Collider_Hypoli_Body,0.2482457
284.9868,Collider_Hypoli_Body,0.2497445
284.9977,Collider_Hypoli_Body,0.2532977
285.0091,Collider_Hypoli_Body,0.2532434
285.0201,Collider_Hypoli_Body,0.2516783
285.0312,Collider_Hypoli_Body,0.2570743
285.0422,Collider_Hypoli_Body,0.2565144
285.0533,Collider_Hypoli_Body,0.2559813
285.0646,Collider_Hypoli_Body,0.2546315
285.0755,Collider_Hypoli_Body,0.255388
285.087,Collider_Hypoli_Body,0.254281
285.0979,Collider_Hypoli_Body,0.2604239
285.1091,Collider_Hypoli_Body,0.2597344
285.12,Collider_Hypoli_Body,0.2574129
285.1311,Collider_Hypoli_Body,0.2515644
285.1422,Collider_Hypoli_Body,0.2486668
285.1533,Collider_Hypoli_Body,0.2372421
285.1644,Collider_Hypoli_Body,0.2318356
285.1756,Collider_Hypoli_Body,0.2132179
285.1867,Collider_Hypoli_Body,0.193098
285.1978,Collider_Hypoli_Body,0.1896407
285.209,Collider_Hypoli_Body,0.1810827
285.2199,Collider_Hypoli_Body,0.1796621
285.231,Collider_Hypoli_Body,0.1746241
285.2423,Collider_Hypoli_Body,0.1794396
285.2535,Collider_Hypoli_Body,0.1731523
285.2643,Collider_Hypoli_Body,0.1791153
285.2755,Collider_Hypoli_Body,0.1765765
285.2867,Collider_Hypoli_Body,0.173496
285.2977,Collider_Hypoli_Body,0.1604476
285.3096,Collider_Hypoli_Body,0.1530386
285.3198,Collider_Hypoli_Body,0.1428166
285.3311,Collider_Hypoli_Body,0.1364914
285.3424,Collider_Hypoli_Body,0.1332626
285.3533,Collider_Hypoli_Body,0.1330927
285.3643,Collider_Hypoli_Body,0.1298445
285.3755,Collider_Hypoli_Body,0.124836
285.3866,Collider_Hypoli_Body,0.1199026
285.3978,Collider_Hypoli_Body,0.116908
285.4091,Collider_Hypoli_Body,0.1161966
285.42,Collider_Hypoli_Body,0.1130165
285.4308,Collider_Hypoli_Body,0.1135462
285.442,Collider_Hypoli_Body,0.1076481
285.4531,Collider_Hypoli_Body,0.104147
285.4645,Collider_Hypoli_Body,0.09946381
285.4756,Collider_Hypoli_Body,0.09978116
285.4867,Collider_Hypoli_Body,0.09575529
285.4976,Collider_Hypoli_Body,0.1003797
285.5086,Collider_Hypoli_Body,0.09960725
285.52,Collider_Hypoli_Body,0.1056423
285.5308,Collider_Hypoli_Body,0.1106704
285.5419,Collider_Hypoli_Body,0.118886
285.553,Collider_Hypoli_Body,0.1237287
285.5642,Collider_Hypoli_Body,0.1283597
285.5755,Collider_Hypoli_Body,0.1297884
285.5865,Collider_Hypoli_Body,0.1363031
285.5974,Collider_Hypoli_Body,0.1342115
285.6086,Collider_Hypoli_Body,0.130193
285.6197,Collider_Hypoli_Body,0.1259591
285.6309,Collider_Hypoli_Body,0.1227191
285.6419,Collider_Hypoli_Body,0.1257627
285.653,Collider_Hypoli_Body,0.1291693
285.6641,Collider_Hypoli_Body,0.1341594
285.6753,Collider_Hypoli_Body,0.1404186
285.6864,Collider_Hypoli_Body,0.1507296
285.6975,Collider_Hypoli_Body,0.1555641
285.7088,Collider_Hypoli_Body,0.1587856
285.7198,Collider_Hypoli_Body,0.1623804
285.7307,Collider_Hypoli_Body,0.1683739
285.7419,Collider_Hypoli_Body,0.1716632
285.753,Collider_Hypoli_Body,0.1663138
285.7643,Collider_Hypoli_Body,0.167435
285.7752,Collider_Hypoli_Body,0.1601433
285.7864,Collider_Hypoli_Body,0.1536323
285.7976,Collider_Hypoli_Body,0.1413028
285.8086,Collider_Hypoli_Body,0.1341213
285.8198,Collider_Hypoli_Body,0.1304765
285.8308,Collider_Hypoli_Body,0.1252778
285.8419,Collider_Hypoli_Body,0.1231287
285.853,Collider_Hypoli_Body,0.1240339
285.864,Collider_Hypoli_Body,0.1184374
285.8752,Collider_Hypoli_Body,0.1191646
285.8863,Collider_Hypoli_Body,0.1157316
285.8975,Collider_Hypoli_Body,0.1113965
285.9085,Collider_Hypoli_Body,0.1047121
285.9199,Collider_Hypoli_Body,0.1030606
285.9308,Collider_Hypoli_Body,0.09443919
285.9419,Collider_Hypoli_Body,0.08679849
285.953,Collider_Hypoli_Body,0.09096507
285.9641,Collider_Hypoli_Body,0.09636991
285.9753,Collider_Hypoli_Body,0.1034837
285.9864,Collider_Hypoli_Body,0.1055208
285.9973,Collider_Hypoli_Body,0.1041045
286.0084,Collider_Hypoli_Body,0.1048737
286.0201,Collider_Hypoli_Body,0.09670988
286.0308,Collider_Hypoli_Body,0.08594548
286.0417,Collider_Hypoli_Body,0.08188387
286.053,Collider_Hypoli_Body,0.08284044
286.0639,Collider_Hypoli_Body,0.0827256
286.0752,Collider_Hypoli_Body,0.07886108
286.0862,Collider_Hypoli_Body,0.08353913
286.0973,Collider_Hypoli_Body,0.08291993
286.1083,Collider_Hypoli_Body,0.08592647
286.1198,Collider_Hypoli_Body,0.09335009
286.1306,Collider_Hypoli_Body,0.09808522
286.1417,Collider_Hypoli_Body,0.09805804
286.1528,Collider_Hypoli_Body,0.1016932
286.1639,Collider_Hypoli_Body,0.1064882
286.175,Collider_Hypoli_Body,0.1132162
286.1861,Collider_Hypoli_Body,0.1219506
286.2186,Collider_Hypoli_Body,0.1356108
286.2253,Collider_Hypoli_Body,0.1329027
286.2324,Collider_Hypoli_Body,0.1317576
286.2397,Collider_Hypoli_Body,0.1236189
286.2476,Collider_Hypoli_Body,0.1157043
286.2589,Collider_Hypoli_Body,0.1083912
286.2698,Collider_Hypoli_Body,0.09723281
286.281,Collider_Hypoli_Body,0.0896353
286.2921,Collider_Hypoli_Body,0.0782753
286.303,Collider_Hypoli_Body,0.07014504
286.3146,Collider_Hypoli_Body,0.06227116
286.3253,Collider_Hypoli_Body,0.05988821
286.3365,Collider_Hypoli_Body,0.05306728
286.348,Collider_Hypoli_Body,0.04343339
286.3587,Collider_Hypoli_Body,0.03824049
286.3698,Collider_Hypoli_Body,0.03332844
286.3809,Collider_Hypoli_Body,0.0324974
286.3923,Collider_Hypoli_Body,0.03333965
286.4032,Collider_Hypoli_Body,0.0330949
286.4142,Collider_Hypoli_Body,0.03764762
286.4255,Collider_Hypoli_Body,0.03814317
286.4366,Collider_Hypoli_Body,0.04154775
286.4476,Collider_Hypoli_Body,0.04688507
286.4586,Collider_Hypoli_Body,0.05458128
286.4698,Collider_Hypoli_Body,0.05450898
286.4808,Collider_Hypoli_Body,0.05765408
286.4921,Collider_Hypoli_Body,0.0598306
286.5031,Collider_Hypoli_Body,0.05397714
286.5142,Collider_Hypoli_Body,0.05177739
286.5254,Collider_Hypoli_Body,0.0481147
286.5367,Collider_Hypoli_Body,0.04652657
286.5475,Collider_Hypoli_Body,0.03854386
286.5589,Collider_Hypoli_Body,0.040809
286.5697,Collider_Hypoli_Body,0.04340973
286.5809,Collider_Hypoli_Body,0.04708705
286.592,Collider_Hypoli_Body,0.04474191
286.603,Collider_Hypoli_Body,0.04068553
286.6142,Collider_Hypoli_Body,0.03375702
286.6252,Collider_Hypoli_Body,0.02558961
286.6366,Collider_Hypoli_Body,0.02752233
286.6475,Collider_Hypoli_Body,0.02776334
286.6587,Collider_Hypoli_Body,0.03231129
286.6698,Collider_Hypoli_Body,0.03006932
286.6812,Collider_Hypoli_Body,0.02406542
286.6927,Collider_Hypoli_Body,0.02999906
286.7043,Collider_Hypoli_Body,0.03395236
286.7156,Collider_Hypoli_Body,0.03646226
286.7274,Collider_Hypoli_Body,0.03650136
286.7385,Collider_Hypoli_Body,0.03554269
286.7499,Collider_Hypoli_Body,0.0321679
286.7613,Collider_Hypoli_Body,0.02511128
286.7728,Collider_Hypoli_Body,0.02004584
286.7843,Collider_Hypoli_Body,0.02341349
286.7957,Collider_Hypoli_Body,0.02517199
286.8071,Collider_Hypoli_Body,0.02665532
286.8186,Collider_Hypoli_Body,0.01944843
286.83,Collider_Hypoli_Body,0.01404052
286.8413,Collider_Hypoli_Body,0.008111471
286.8524,Collider_Hypoli_Body,0.01059512
286.8637,Collider_Hypoli_Body,0.01461089
286.8746,Collider_Hypoli_Body,0.01889643
286.8857,Collider_Hypoli_Body,0.02207011
286.8967,Collider_Hypoli_Body,0.02121192
286.9079,Collider_Hypoli_Body,0.0236665
286.9189,Collider_Hypoli_Body,0.02183528
286.9305,Collider_Hypoli_Body,0.02116219
286.9411,Collider_Hypoli_Body,0.02001317
286.9524,Collider_Hypoli_Body,0.0212199
286.9635,Collider_Hypoli_Body,0.02005466
286.9745,Collider_Hypoli_Body,0.01696453
286.9857,Collider_Hypoli_Body,0.01591799
286.9968,Collider_Hypoli_Body,0.01582637
287.0078,Collider_Hypoli_Body,0.01450922
287.0191,Collider_Hypoli_Body,0.006568532
287.0302,Collider_Hypoli_Body,0.01062046
287.041,Collider_Hypoli_Body,0.01441672
287.0523,Collider_Hypoli_Body,0.01479963
287.0635,Collider_Hypoli_Body,0.01807557
287.0744,Collider_Hypoli_Body,0.01434955
287.0856,Collider_Hypoli_Body,0.0162696
287.0966,Collider_Hypoli_Body,0.0192347
287.1078,Collider_Hypoli_Body,0.01396889
287.1189,Collider_Hypoli_Body,0.01525445
287.1301,Collider_Hypoli_Body,0.0168208
287.1411,Collider_Hypoli_Body,0.01727367
287.1523,Collider_Hypoli_Body,0.01959796
287.1632,Collider_Hypoli_Body,0.02362856
287.1745,Collider_Hypoli_Body,0.03346376
287.1855,Collider_Hypoli_Body,0.03625586
287.1967,Collider_Hypoli_Body,0.04415153
287.2079,Collider_Hypoli_Body,0.05125877
287.2189,Collider_Hypoli_Body,0.05019693
287.2299,Collider_Hypoli_Body,0.04751838
287.241,Collider_Hypoli_Body,0.04625438
287.2521,Collider_Hypoli_Body,0.03598158
287.2631,Collider_Hypoli_Body,0.03418984
287.2742,Collider_Hypoli_Body,0.0254181
287.2853,Collider_Hypoli_Body,0.01901125
287.2965,Collider_Hypoli_Body,0.01008516
287.3076,Collider_Hypoli_Body,0.00930239
287.3187,Collider_Hypoli_Body,0.01630844
287.3298,Collider_Hypoli_Body,0.02604697
287.3409,Collider_Hypoli_Body,0.03377923
287.3521,Collider_Hypoli_Body,0.04288683
287.3631,Collider_Hypoli_Body,0.04217405
287.3742,Collider_Hypoli_Body,0.05025506
287.3853,Collider_Hypoli_Body,0.05568134
287.3965,Collider_Hypoli_Body,0.05702939
287.4078,Collider_Hypoli_Body,0.06217035
287.4201,Nullreference,0.05594092
287.4308,Nullreference,0.05008909
287.4421,Nullreference,0.04125651
287.4533,Nullreference,0.04195511
287.4643,Nullreference,0.03758103
287.4753,Nullreference,0.03063907
287.4865,Nullreference,0.02837338
287.4979,Nullreference,0.02168717
287.5084,Nullreference,0.01936897
287.5195,Nullreference,0.01699523
287.5309,Nullreference,0.01952542
287.5417,Nullreference,0.01809574
287.5531,Nullreference,0.02453995
287.564,Nullreference,0.02968915
287.5755,Nullreference,0.02578631
287.5865,Nullreference,0.02820151
287.5974,Nullreference,0.02885721
287.6084,Nullreference,0.02985019
287.6195,Nullreference,0.03080972
287.6309,Nullreference,0.03243317
287.6416,Nullreference,0.0342078
287.653,Nullreference,0.03728256
287.6638,Nullreference,0.03671538
287.6749,Nullreference,0.03202465
287.6861,Nullreference,0.03405598
287.6973,Nullreference,0.03275795
287.7085,Nullreference,0.02981663
287.7197,Nullreference,0.02610186
287.7304,Nullreference,0.01724076
287.7416,Nullreference,0.01614473
287.753,Nullreference,0.02189931
287.764,Nullreference,0.02793016
287.7749,Nullreference,0.02864307
287.7864,Nullreference,0.02169615
287.7973,Nullreference,0.01510888
287.8085,Nullreference,0.02230672
287.8195,Nullreference,0.02056586
287.8304,Nullreference,0.0157797
287.8415,Nullreference,0.01789201
287.8528,Nullreference,0.01959959
287.8637,Nullreference,0.02052114
287.8749,Nullreference,0.01593711
287.886,Nullreference,0.01883772
287.8975,Nullreference,0.01584435
287.9083,Nullreference,0.01660134
287.9193,Nullreference,0.02493388
287.9305,Nullreference,0.02618957
287.9417,Nullreference,0.02599795
287.9526,Nullreference,0.02477345
287.9638,Nullreference,0.02591681
287.9749,Nullreference,0.02863242
287.986,Nullreference,0.03870869
287.997,Nullreference,0.04192919
288.0085,Nullreference,0.05097729
288.0194,Nullreference,0.06643214
288.0305,Nullreference,0.07768822
288.0415,Nullreference,0.09599378
288.0526,Nullreference,0.1122387
288.0638,Nullreference,0.1324141
288.0749,Nullreference,0.1542159
288.086,Nullreference,0.1768796
288.097,Nullreference,0.2071677
288.1082,Nullreference,0.2318924
288.1192,Nullreference,0.2578302
288.1307,Nullreference,0.2890559
288.1415,Nullreference,0.3064987
288.1525,Nullreference,0.3324048
288.1636,Nullreference,0.3567075
288.1747,Nullreference,0.3771562
288.1859,Nullreference,0.3874516
288.1969,Nullreference,0.401178
288.208,Nullreference,0.4052878
288.2199,Nullreference,0.4002686
288.2301,Nullreference,0.3928151
288.2414,Nullreference,0.3878531
288.253,Nullreference,0.3700867
288.2635,Nullreference,0.356435
288.2747,Nullreference,0.3363948
288.2859,Nullreference,0.3116407
288.297,Nullreference,0.2908058
288.308,Nullreference,0.2671495
288.3193,Nullreference,0.2343275
288.3304,Nullreference,0.2116005
288.3413,Nullreference,0.1847049
288.3528,Nullreference,0.171523
288.3634,Nullreference,0.1547056
288.3746,Nullreference,0.151945
288.3856,Nullreference,0.1635099
288.3969,Nullreference,0.1837278
288.4079,Nullreference,0.2101784
288.4192,Nullreference,0.25765
288.4302,Nullreference,0.3025591
288.4414,Nullreference,0.3558187
288.4528,Nullreference,0.4203578
288.4633,Nullreference,0.4912638
288.4744,Nullreference,0.5747754
288.4857,Nullreference,0.6564433
288.4968,Nullreference,0.7582126
288.5078,Nullreference,0.8712556
288.5192,Nullreference,0.9623029
288.5304,Nullreference,1.061747
288.541,Nullreference,1.146091
288.5524,Nullreference,1.235518
288.5634,Nullreference,1.303009
288.5746,Nullreference,1.390866
288.5855,Nullreference,1.477454
288.5966,Nullreference,1.551248
288.6076,Nullreference,1.647466
288.6188,Nullreference,1.737935
288.6299,Nullreference,1.821902
288.6409,Nullreference,1.918336
288.6522,Nullreference,2.004159
288.6638,Nullreference,2.089872
288.6742,Nullreference,2.152494
288.6854,Nullreference,2.210986
288.6964,Nullreference,2.289207
288.7076,Nullreference,2.344729
288.7191,Nullreference,2.424803
288.7298,Nullreference,2.478047
288.7408,Nullreference,2.544132
288.7519,Nullreference,2.602979
288.7632,Nullreference,2.642389
288.7742,Nullreference,2.685554
288.7851,Collider_Roger_State_action,2.710921
288.7964,Collider_Roger_State_action,2.736533
288.8073,Collider_Roger_State_action,2.752625
288.8187,Collider_Roger_State_action,2.766268
288.8295,Collider_Roger_State_action,2.776131
288.8448,Collider_Roger_State_action,2.787171
288.8518,Collider_Roger_State_action,2.807217
288.8598,Collider_Roger_State_action,2.829068
288.8709,Collider_Roger_State_action,2.844308
288.8821,Collider_Roger_State_action,2.867828
288.8931,Collider_Roger_State_action,2.877035
288.904,Collider_Roger_State_action,2.883987
288.9151,Collider_Roger_State_action,2.88955
288.9264,Collider_Roger_State_action,2.889592
288.9375,Collider_Roger_State_action,2.892322
288.9485,Collider_Roger_State_action,2.885927
288.9597,Collider_Roger_State_action,2.865216
288.9708,Collider_Roger_State_action,2.844965
288.9818,Collider_Roger_State_action,2.825822
288.9929,Collider_Roger_State_action,2.798788
289.004,Collider_Roger_State_action,2.764836
289.0157,Collider_Roger_State_action,2.710866
289.0264,Collider_Roger_State_action,2.655486
289.0374,Collider_Roger_State_action,2.601722
289.0486,Collider_Roger_State_action,2.535911
289.0597,Collider_Roger_State_action,2.478328
289.0708,Collider_Roger_State_action,2.411421
289.0819,Collider_Roger_State_action,2.358088
289.093,Collider_Roger_State_action,2.295717
289.1042,Nullreference,2.231219
289.1157,Nullreference,2.174849
289.1265,Nullreference,2.109791
289.1376,Nullreference,2.054517
289.1487,Nullreference,1.982363
289.1598,Collider_Hypoli_Body,1.931114
289.1708,Collider_Hypoli_Body,1.863719
289.182,Collider_Hypoli_Body,1.804254
289.1931,Collider_Hypoli_Body,1.733606
289.2045,Collider_Hypoli_Body,1.663696
289.2155,Collider_Hypoli_Body,1.59872
289.2267,Collider_Hypoli_Body,1.527318
289.2381,Collider_Hypoli_Body,1.476868
289.2495,Collider_Hypoli_Body,1.410682
289.2607,Collider_Hypoli_Body,1.350391
289.2719,Collider_Hypoli_Body,1.301407
289.2833,Collider_Hypoli_Body,1.251501
289.2946,Collider_Hypoli_Body,1.209789
289.3058,Collider_Hypoli_Body,1.170728
289.3172,Collider_Hypoli_Body,1.131232
289.3284,Collider_Hypoli_Body,1.089462
289.3397,Collider_Hypoli_Body,1.062902
289.3511,Collider_Hypoli_Body,1.019053
289.3621,Collider_Hypoli_Body,0.9739209
289.3735,Collider_Hypoli_Body,0.9209936
289.3846,Collider_Hypoli_Body,0.8697884
289.3957,Collider_Hypoli_Body,0.8228599
289.4068,Collider_Hypoli_Body,0.7536319
289.4179,Collider_Hypoli_Body,0.6915346
289.429,Collider_Hypoli_Body,0.6136062
289.4406,Collider_Hypoli_Body,0.5446443
289.4514,Collider_Hypoli_Body,0.4659636
289.4626,Collider_Hypoli_Body,0.3963631
289.4735,Collider_Hypoli_Body,0.3218213
289.4845,Collider_Hypoli_Body,0.2647438
289.4956,Collider_Hypoli_Body,0.1987537
289.5067,Collider_Hypoli_Body,0.1610674
289.518,Collider_Hypoli_Body,0.1348292
289.5293,Collider_Hypoli_Body,0.1249826
289.5401,Collider_Hypoli_Body,0.1225605
289.5513,Collider_Hypoli_Body,0.1317449
289.5623,Collider_Hypoli_Body,0.150848
289.5735,Collider_Hypoli_Body,0.1682185
289.5845,Collider_Hypoli_Body,0.1724142
289.5958,Collider_Hypoli_Body,0.1716759
289.6069,Collider_Hypoli_Body,0.1589487
289.618,Collider_Hypoli_Body,0.1527754
289.629,Collider_Hypoli_Body,0.1517917
289.6401,Collider_Hypoli_Body,0.1578615
289.6512,Collider_Hypoli_Body,0.1668188
289.6623,Collider_Hypoli_Body,0.1809994
289.6736,Collider_Hypoli_Body,0.1982055
289.6845,Collider_Hypoli_Body,0.2097213
289.6956,Collider_Hypoli_Body,0.2223298
289.7066,Collider_Hypoli_Body,0.2396105
289.7178,Collider_Hypoli_Body,0.2559856
289.7289,Collider_Hypoli_Body,0.2781354
289.74,Collider_Hypoli_Body,0.2891369
289.7511,Collider_Hypoli_Body,0.3060645
289.7624,Collider_Hypoli_Body,0.3168572
289.7735,Collider_Hypoli_Body,0.3306845
289.7845,Collider_Hypoli_Body,0.3510571
289.7955,Collider_Hypoli_Body,0.3657286
289.8065,Collider_Hypoli_Body,0.3830046
289.8178,Collider_Hypoli_Body,0.4009134
289.8289,Collider_Hypoli_Body,0.418274
289.84,Collider_Hypoli_Body,0.4385606
289.8512,Collider_Hypoli_Body,0.4546554
289.8623,Collider_Hypoli_Body,0.467311
289.8733,Collider_Hypoli_Body,0.4792959
289.8842,Collider_Hypoli_Body,0.4863253
289.8954,Collider_Hypoli_Body,0.4890383
289.9066,Collider_Hypoli_Body,0.4946241
289.9177,Collider_Hypoli_Body,0.4968461
289.9288,Collider_Hypoli_Body,0.4995461
289.9399,Collider_Hypoli_Body,0.5075189
289.951,Collider_Hypoli_Body,0.5105504
289.9621,Collider_Hypoli_Body,0.5158848
289.9731,Collider_Hypoli_Body,0.5185107
289.9843,Collider_Hypoli_Body,0.526329
289.9955,Collider_Hypoli_Body,0.5253191
290.0065,Collider_Hypoli_Body,0.5288986
290.0177,Collider_Hypoli_Body,0.5310622
290.0286,Collider_Hypoli_Body,0.5305399
290.0399,Collider_Hypoli_Body,0.5272111
290.0509,Collider_Hypoli_Body,0.5318009
290.0621,Collider_Hypoli_Body,0.530598
290.0731,Collider_Hypoli_Body,0.5305978
290.0842,Collider_Hypoli_Body,0.533721
290.0955,Collider_Hypoli_Body,0.5384842
290.1067,Collider_Hypoli_Body,0.5439507
290.1176,Collider_Hypoli_Body,0.5512273
290.1286,Collider_Hypoli_Body,0.5577303
290.1404,Collider_Hypoli_Body,0.565198
290.1509,Collider_Hypoli_Body,0.5690178
290.1621,Collider_Hypoli_Body,0.5695052
290.1732,Collider_Hypoli_Body,0.5616525
290.1843,Collider_Hypoli_Body,0.554989
290.1953,Collider_Hypoli_Body,0.5550194
290.2064,Collider_Hypoli_Body,0.5459534
290.2175,Collider_Hypoli_Body,0.5395519
290.2286,Collider_Hypoli_Body,0.5270895
290.2397,Collider_Hypoli_Body,0.5193746
290.251,Collider_Hypoli_Body,0.5075373
290.2622,Collider_Hypoli_Body,0.5078318
290.2734,Collider_Hypoli_Body,0.5064441
290.2842,Collider_Hypoli_Body,0.5103794
290.2955,Collider_Hypoli_Body,0.5223067
290.3064,Collider_Hypoli_Body,0.5321275
290.3175,Collider_Hypoli_Body,0.5405903
290.3295,Collider_Hypoli_Body,0.558346
290.3398,Collider_Hypoli_Body,0.5762331
290.3508,Collider_Hypoli_Body,0.5887268
290.362,Collider_Hypoli_Body,0.600188
290.3731,Collider_Hypoli_Body,0.6012252
290.3842,Collider_Hypoli_Body,0.6010394
290.3953,Collider_Hypoli_Body,0.6019675
290.4064,Collider_Hypoli_Body,0.5957688
290.4177,Collider_Hypoli_Body,0.5932322
290.4287,Collider_Hypoli_Body,0.5890446
290.4397,Collider_Hypoli_Body,0.5846451
290.4515,Collider_Hypoli_Body,0.5789945
290.4619,Collider_Hypoli_Body,0.5712703
290.4731,Collider_Hypoli_Body,0.5638558
290.4842,Collider_Hypoli_Body,0.5534809
290.4956,Collider_Hypoli_Body,0.5410872
290.5065,Collider_Hypoli_Body,0.5272847
290.5175,Collider_Hypoli_Body,0.5174637
290.5287,Collider_Hypoli_Body,0.5030634
290.5398,Collider_Hypoli_Body,0.491098
290.5509,Collider_Hypoli_Body,0.4717207
290.562,Collider_Hypoli_Body,0.4545823
290.5732,Collider_Hypoli_Body,0.4434532
290.5844,Collider_Hypoli_Body,0.4267714
290.5954,Collider_Hypoli_Body,0.4127061
290.6066,Collider_Hypoli_Body,0.4023186
290.6177,Collider_Hypoli_Body,0.3915993
290.6288,Collider_Hypoli_Body,0.3783513
290.6407,Collider_Hypoli_Body,0.3660975
290.6511,Collider_Hypoli_Body,0.357399
290.6621,Collider_Hypoli_Body,0.3440446
290.673,Collider_Hypoli_Body,0.3374374
290.6841,Collider_Hypoli_Body,0.3288139
290.6959,Collider_Hypoli_Body,0.3270511
290.7065,Collider_Hypoli_Body,0.3240502
290.7176,Collider_Hypoli_Body,0.3249637
290.7286,Collider_Hypoli_Body,0.3241993
290.7399,Collider_Hypoli_Body,0.3282365
290.7508,Collider_Hypoli_Body,0.3192358
290.762,Collider_Hypoli_Body,0.3184919
290.773,Collider_Hypoli_Body,0.3127097
290.784,Collider_Hypoli_Body,0.3056132
290.7953,Collider_Hypoli_Body,0.2913657
290.8064,Collider_Hypoli_Body,0.2826372
290.8175,Collider_Hypoli_Body,0.2732723
290.8286,Collider_Hypoli_Body,0.2660532
290.8399,Collider_Hypoli_Body,0.2566279
290.8508,Collider_Hypoli_Body,0.2560489
290.8618,Collider_Hypoli_Body,0.2467363
290.873,Collider_Hypoli_Body,0.2384979
290.884,Collider_Hypoli_Body,0.2355407
290.8952,Collider_Hypoli_Body,0.2151264
290.9064,Collider_Hypoli_Body,0.2080142
290.9174,Collider_Hypoli_Body,0.2000636
290.9285,Collider_Hypoli_Body,0.1934506
290.9395,Collider_Hypoli_Body,0.1934229
290.9507,Collider_Hypoli_Body,0.1925108
290.9619,Collider_Hypoli_Body,0.192938
290.9731,Collider_Hypoli_Body,0.1956419
290.984,Collider_Hypoli_Body,0.1909917
290.9951,Collider_Hypoli_Body,0.189852
291.0062,Collider_Hypoli_Body,0.1845537
291.0174,Collider_Hypoli_Body,0.1734622
291.0284,Collider_Hypoli_Body,0.1639268
291.0394,Collider_Hypoli_Body,0.1531932
291.0509,Collider_Hypoli_Body,0.1533579
291.0618,Collider_Hypoli_Body,0.1407241
291.0729,Collider_Hypoli_Body,0.1367989
291.0839,Collider_Hypoli_Body,0.1304784
291.0949,Collider_Hypoli_Body,0.1200785
291.1061,Collider_Hypoli_Body,0.1150908
291.1175,Collider_Hypoli_Body,0.1078954
291.1284,Collider_Hypoli_Body,0.1100149
291.1396,Collider_Hypoli_Body,0.1054031
291.1505,Collider_Hypoli_Body,0.09927823
291.1617,Collider_Hypoli_Body,0.09647847
291.1729,Collider_Hypoli_Body,0.09790231
291.1839,Collider_Hypoli_Body,0.1013421
291.195,Collider_Hypoli_Body,0.1095214
291.2061,Collider_Hypoli_Body,0.1230328
291.2178,Collider_Hypoli_Body,0.1292801
291.2283,Collider_Hypoli_Body,0.1389816
291.2395,Collider_Hypoli_Body,0.1478791
291.2505,Collider_Hypoli_Body,0.1529621
291.2616,Collider_Hypoli_Body,0.1497383
291.2729,Collider_Hypoli_Body,0.1501726
291.2839,Collider_Hypoli_Body,0.1549317
291.2949,Collider_Hypoli_Body,0.1500445
291.3067,Collider_Hypoli_Body,0.1472563
291.3172,Collider_Hypoli_Body,0.1471999
291.3284,Collider_Hypoli_Body,0.147841
291.3394,Collider_Hypoli_Body,0.1401407
291.3507,Collider_Hypoli_Body,0.138266
291.3616,Collider_Hypoli_Body,0.130364
291.3727,Collider_Hypoli_Body,0.1188498
291.3848,Collider_Hypoli_Body,0.1055358
291.395,Collider_Hypoli_Body,0.1002253
291.406,Collider_Hypoli_Body,0.09845247
291.4172,Collider_Hypoli_Body,0.09546591
291.4283,Collider_Hypoli_Body,0.1008959
291.4393,Collider_Hypoli_Body,0.1029103
291.4504,Collider_Hypoli_Body,0.1134726
291.4615,Collider_Hypoli_Body,0.1216479
291.4728,Collider_Hypoli_Body,0.1241285
291.4842,Collider_Hypoli_Body,0.1120246
291.4949,Collider_Hypoli_Body,0.1015139
291.506,Collider_Hypoli_Body,0.09763355
291.5171,Collider_Hypoli_Body,0.0855171
291.529,Collider_Hypoli_Body,0.07242864
291.5394,Collider_Hypoli_Body,0.05845157
291.5505,Collider_Hypoli_Body,0.05091827
291.5615,Collider_Hypoli_Body,0.04673437
291.5727,Collider_Hypoli_Body,0.04654922
291.5839,Collider_Hypoli_Body,0.04468927
291.5948,Collider_Hypoli_Body,0.03679351
291.6061,Collider_Hypoli_Body,0.02892796
291.6171,Collider_Hypoli_Body,0.01432935
291.6283,Collider_Hypoli_Body,0.02628409
291.6393,Collider_Hypoli_Body,0.04111743
291.6504,Collider_Hypoli_Body,0.06539875
291.6614,Collider_Hypoli_Body,0.0830775
291.6727,Collider_Hypoli_Body,0.09553938
291.6837,Collider_Hypoli_Body,0.1097001
291.6949,Collider_Hypoli_Body,0.119121
291.706,Collider_Hypoli_Body,0.1238946
291.7171,Collider_Hypoli_Body,0.1378584
291.7281,Collider_Hypoli_Body,0.1348157
291.7392,Collider_Hypoli_Body,0.1295208
291.7504,Collider_Hypoli_Body,0.1236051
291.7616,Collider_Hypoli_Body,0.1123496
291.7727,Collider_Hypoli_Body,0.1009528
291.7837,Collider_Hypoli_Body,0.08794136
291.7947,Collider_Hypoli_Body,0.07145027
291.8063,Collider_Hypoli_Body,0.05934557
291.817,Collider_Hypoli_Body,0.04877964
291.8282,Collider_Hypoli_Body,0.04384629
291.8391,Collider_Hypoli_Body,0.04733834
291.8505,Collider_Hypoli_Body,0.05083281
291.8615,Collider_Hypoli_Body,0.05500317
291.8726,Collider_Hypoli_Body,0.05872483
291.8835,Collider_Hypoli_Body,0.06175401
291.8946,Collider_Hypoli_Body,0.06141791
291.9059,Collider_Hypoli_Body,0.06964841
291.9169,Collider_Hypoli_Body,0.07524888
291.9281,Nullreference,0.08837111
291.9393,Nullreference,0.08920237
291.9504,Nullreference,0.09442708
291.9612,Nullreference,0.09004093
291.9724,Nullreference,0.08837505
291.9836,Nullreference,0.09203943
291.9947,Nullreference,0.08783165
292.0057,Nullreference,0.0842045
292.017,Nullreference,0.08477896
292.028,Nullreference,0.08567398
292.0392,Nullreference,0.08230595
292.0502,Nullreference,0.08694497
292.0613,Nullreference,0.08492577
292.0724,Nullreference,0.09000987
292.0838,Nullreference,0.08013316
292.0947,Nullreference,0.07590079
292.1056,Nullreference,0.07016759
292.1171,Nullreference,0.06456791
292.128,Nullreference,0.06737322
292.1389,Nullreference,0.07267583
292.1501,Nullreference,0.07243276
292.1614,Nullreference,0.07984601
292.1723,Nullreference,0.08474203
292.1836,Nullreference,0.08558071
292.1946,Nullreference,0.08268807
292.2058,Nullreference,0.09461217
292.2168,Nullreference,0.09767447
292.2278,Nullreference,0.102498
292.2392,Nullreference,0.0972396
292.2502,Nullreference,0.09250354
292.2613,Nullreference,0.08933788
292.2725,Nullreference,0.08473808
292.2836,Nullreference,0.08722124
292.2945,Nullreference,0.08594921
292.3058,Nullreference,0.08436547
292.317,Nullreference,0.0860092
292.3279,Nullreference,0.09427302
292.3389,Nullreference,0.09663947
292.3502,Nullreference,0.1077803
292.3611,Nullreference,0.1157713
292.3724,Nullreference,0.1262991
292.3836,Nullreference,0.1385396
292.3946,Nullreference,0.1500003
292.4055,Nullreference,0.1611968
292.417,Nullreference,0.17584
292.4279,Nullreference,0.1851514
292.439,Nullreference,0.1852397
292.4501,Nullreference,0.1855371
292.4611,Nullreference,0.1859955
292.4725,Nullreference,0.1854215
292.4835,Nullreference,0.1891381
292.4945,Nullreference,0.1887869
292.5056,Nullreference,0.1926507
292.5168,Nullreference,0.1938892
292.5277,Nullreference,0.197269
292.5389,Nullreference,0.1973266
292.5504,Nullreference,0.1963535
292.561,Nullreference,0.2042269
292.5722,Nullreference,0.1846131
292.5833,Nullreference,0.1808471
292.5946,Nullreference,0.1702647
292.6054,Nullreference,0.1581345
292.6167,Nullreference,0.1451175
292.6278,Nullreference,0.1299901
292.6388,Nullreference,0.1211012
292.6499,Nullreference,0.1046095
292.6615,Nullreference,0.1072402
292.6725,Nullreference,0.107612
292.6832,Nullreference,0.1171941
292.6945,Nullreference,0.1287373
292.7055,Nullreference,0.1408754
292.7166,Nullreference,0.1531641
292.7277,Nullreference,0.1652933
292.7389,Nullreference,0.1795148
292.7502,Nullreference,0.1884457
292.7609,Nullreference,0.1942871
292.7721,Nullreference,0.1970086
292.7834,Nullreference,0.1901615
292.7944,Nullreference,0.1779053
292.8053,Nullreference,0.1566669
292.817,Nullreference,0.1344922
292.8277,Nullreference,0.1159181
292.8386,Nullreference,0.08873647
292.8499,Nullreference,0.07114996
292.8609,Nullreference,0.05969524
292.8721,Nullreference,0.05735117
292.8833,Nullreference,0.06967015
292.8942,Nullreference,0.09478381
292.9057,Nullreference,0.1132284
292.9166,Nullreference,0.1409486
292.9276,Nullreference,0.1646021
292.9387,Nullreference,0.1788032
292.9499,Nullreference,0.1954308
292.9608,Nullreference,0.1984537
292.972,Nullreference,0.2053453
292.9832,Nullreference,0.2009282
292.9942,Nullreference,0.1995368
293.0056,Nullreference,0.1924985
293.0167,Nullreference,0.187147
293.0277,Nullreference,0.1741369
293.0386,Nullreference,0.1612
293.05,Nullreference,0.1567197
293.0609,Nullreference,0.1423634
293.0726,Nullreference,0.1330879
293.0832,Nullreference,0.1169152
293.0944,Nullreference,0.1084404
293.1055,Nullreference,0.09362253
293.1165,Nullreference,0.0862229
293.1279,Nullreference,0.07532071
293.1388,Nullreference,0.06694614
293.1505,Nullreference,0.06514654
293.1608,Nullreference,0.06201235
293.172,Nullreference,0.06248628
293.1831,Nullreference,0.05526088
293.1942,Nullreference,0.06117555
293.2055,Nullreference,0.06508041
293.2163,Nullreference,0.0722814
293.2278,Nullreference,0.08019494
293.2388,Nullreference,0.08381759
293.2505,Nullreference,0.0826511
293.2608,Nullreference,0.08261536
293.272,Nullreference,0.07706533
293.283,Nullreference,0.08243746
293.2941,Nullreference,0.08962686
293.3055,Nullreference,0.09650775
293.3164,Nullreference,0.1033494
293.3276,Nullreference,0.105509
293.3384,Nullreference,0.1049813
293.3499,Nullreference,0.1013158
293.3608,Nullreference,0.1071247
293.3719,Nullreference,0.1120319
293.3829,Nullreference,0.1259275
293.3942,Nullreference,0.1414131
293.4052,Nullreference,0.1568663
293.4164,Nullreference,0.1620516
293.4277,Nullreference,0.1656033
293.4385,Nullreference,0.1786901
293.4497,Nullreference,0.1921955
293.4607,Nullreference,0.2012878
293.472,Nullreference,0.2154257
293.4836,Nullreference,0.2413887
293.4945,Nullreference,0.2704392
293.5054,Nullreference,0.3119065
293.5166,Nullreference,0.3677506
293.5276,Nullreference,0.4121521
293.5386,Nullreference,0.4783687
293.55,Nullreference,0.5513036
293.5612,Nullreference,0.6470526
293.572,Nullreference,0.7332044
293.5832,Nullreference,0.8166773
293.5945,Nullreference,0.8771812
293.6055,Nullreference,0.8971781
293.6162,Nullreference,0.8993377
293.6273,Nullreference,0.8756725
293.6385,Nullreference,0.8402616
293.6501,Nullreference,0.7898898
293.6608,Nullreference,0.7385777
293.6718,Nullreference,0.6703075
293.6831,Nullreference,0.5994726
293.694,Nullreference,0.5255835
293.7052,Nullreference,0.4508491
293.7169,Nullreference,0.3907711
293.7281,Nullreference,0.3196432
293.7388,Nullreference,0.2707554
293.7499,Nullreference,0.2191416
293.7609,Nullreference,0.1892606
293.7729,Nullreference,0.1590987
293.7838,Nullreference,0.1409516
293.7946,Nullreference,0.1281916
293.8052,Nullreference,0.1162411
293.8169,Nullreference,0.1154764
293.828,Nullreference,0.1154992
293.8387,Nullreference,0.1146111
293.8497,Nullreference,0.1158034
293.8609,Nullreference,0.1213242
293.8719,Nullreference,0.1332457
293.8829,Nullreference,0.1532915
293.8941,Nullreference,0.1757456
293.9059,Nullreference,0.1887151
293.9164,Nullreference,0.191014
293.9276,Nullreference,0.1924692
293.9388,Nullreference,0.179208
293.9499,Nullreference,0.1709459
293.961,Nullreference,0.1662211
293.9717,Nullreference,0.1608012
293.9829,Nullreference,0.157709
293.994,Nullreference,0.1571354
294.005,Nullreference,0.1545514
294.0163,Nullreference,0.1434879
294.0273,Nullreference,0.1404636
294.0384,Nullreference,0.139055
294.0498,Nullreference,0.1358689
294.0608,Nullreference,0.134993
294.0718,Nullreference,0.1377523
294.0827,Nullreference,0.1482742
294.0938,Nullreference,0.1609628
294.1058,Nullreference,0.1742343
294.116,Nullreference,0.1936
294.1277,Nullreference,0.2244046
294.1394,Nullreference,0.2453082
294.1494,Nullreference,0.2733277
294.161,Nullreference,0.2928361
294.1715,Nullreference,0.3251011
294.1835,Nullreference,0.3520987
294.1939,Nullreference,0.3775613
294.2049,Nullreference,0.4050493
294.2172,Nullreference,0.4330758
294.2273,Nullreference,0.4579872
294.2382,Nullreference,0.4832135
294.2495,Nullreference,0.5095803
294.2606,Nullreference,0.52651
294.2718,Nullreference,0.5394741
294.283,Nullreference,0.5420539
294.294,Nullreference,0.5381906
294.3047,Nullreference,0.5329953
294.3159,Nullreference,0.5280331
294.3268,Nullreference,0.5150493
294.338,Nullreference,0.5018417
294.3493,Nullreference,0.4880093
294.3603,Nullreference,0.4739829
294.3714,Nullreference,0.4528328
294.3824,Nullreference,0.4345732
294.3934,Nullreference,0.4084628
294.4048,Nullreference,0.3774646
294.4159,Nullreference,0.3514777
294.4276,Nullreference,0.3130598
294.438,Nullreference,0.2936399
294.4497,Nullreference,0.2636673
294.4605,Nullreference,0.2474671
294.4717,Nullreference,0.2271912
294.4828,Nullreference,0.2047926
294.4937,Nullreference,0.1802802
294.5048,Nullreference,0.163891
294.5159,Nullreference,0.148665
294.5269,Nullreference,0.1394596
294.538,Nullreference,0.141963
294.549,Nullreference,0.1532315
294.5601,Nullreference,0.1709146
294.5715,Nullreference,0.1813937
294.5825,Nullreference,0.180579
294.5936,Nullreference,0.180185
294.6047,Nullreference,0.1813177
294.6157,Nullreference,0.1808721
294.6269,Nullreference,0.1832825
294.6378,Nullreference,0.1898373
294.6491,Nullreference,0.1993264
294.6605,Nullreference,0.2036081
294.6714,Nullreference,0.2072873
294.6824,Nullreference,0.2109948
294.6935,Nullreference,0.2167231
294.7048,Nullreference,0.2179064
294.7158,Nullreference,0.2140314
294.7269,Nullreference,0.2136421
294.7381,Nullreference,0.2087462
294.7491,Nullreference,0.2018007
294.76,Nullreference,0.1910332
294.7712,Nullreference,0.1847968
294.7824,Nullreference,0.1742725
294.7935,Nullreference,0.1671094
294.8047,Nullreference,0.158625
294.8156,Nullreference,0.1466064
294.8271,Nullreference,0.1373583
294.838,Nullreference,0.1289127
294.8491,Nullreference,0.1187115
294.86,Nullreference,0.109299
294.871,Nullreference,0.09641328
294.8822,Nullreference,0.08568514
294.8933,Nullreference,0.07071759
294.9044,Nullreference,0.06350071
294.9154,Nullreference,0.0586465
294.9268,Nullreference,0.05633241
294.9377,Nullreference,0.05517489
294.9488,Nullreference,0.05040195
294.96,Nullreference,0.04249281
294.971,Nullreference,0.03397923
294.9821,Nullreference,0.03565253
294.9933,Nullreference,0.03074429
295.0045,Nullreference,0.03202
295.0158,Nullreference,0.03311442
295.0266,Nullreference,0.03507316
295.0377,Nullreference,0.0330933
295.0488,Nullreference,0.03583019
295.0598,Nullreference,0.03590119
295.0709,Nullreference,0.03062984
295.082,Nullreference,0.03103642
295.0932,Nullreference,0.03473335
295.1043,Nullreference,0.04217466
295.1155,Nullreference,0.06114123
295.1267,Nullreference,0.07990604
295.1377,Nullreference,0.09343371
295.1487,Nullreference,0.1119061
295.1602,Nullreference,0.1190526
295.1711,Nullreference,0.1212724
295.1821,Nullreference,0.128843
295.1931,Nullreference,0.1367453
295.2043,Nullreference,0.1415689
295.2155,Nullreference,0.1462691
295.2265,Nullreference,0.1446401
295.2376,Nullreference,0.1472104
295.2488,Nullreference,0.1457318
295.2598,Nullreference,0.1509235
295.2709,Nullreference,0.1536346
295.2825,Nullreference,0.1500762
295.2933,Nullreference,0.1551452
295.3041,Nullreference,0.1596468
295.3152,Nullreference,0.1657631
295.3265,Nullreference,0.1664615
295.3376,Nullreference,0.1656401
295.3488,Nullreference,0.1654211
295.3598,Nullreference,0.1572811
295.3709,Nullreference,0.1448751
295.382,Nullreference,0.1323024
295.393,Nullreference,0.1242177
295.4044,Nullreference,0.1039386
295.4154,Nullreference,0.09256216
295.4266,Nullreference,0.07576216
295.4375,Nullreference,0.06319711
295.4487,Nullreference,0.06286953
295.4598,Nullreference,0.06119113
295.4709,Nullreference,0.0542785
295.4819,Nullreference,0.05508342
295.4931,Nullreference,0.05450264
295.5046,Nullreference,0.05721447
295.5153,Nullreference,0.07085087
295.5266,Nullreference,0.07687338
295.5375,Nullreference,0.08831079
295.5486,Nullreference,0.09442194
295.56,Nullreference,0.1009887
295.5709,Nullreference,0.1029603
295.5825,Nullreference,0.1008075
295.593,Nullreference,0.1042741
295.6041,Nullreference,0.1092867
295.6155,Nullreference,0.1138647
295.6269,Nullreference,0.1187884
295.6376,Nullreference,0.1090033
295.6486,Nullreference,0.1075447
295.6598,Nullreference,0.1108641
295.6709,Nullreference,0.1199408
295.682,Nullreference,0.1356762
295.6931,Nullreference,0.1464926
295.7042,Nullreference,0.1554418
295.7155,Nullreference,0.1669002
295.7266,Nullreference,0.1816894
295.7378,Nullreference,0.192616
295.7487,Nullreference,0.2019149
295.7598,Collider_Hypoli_Body,0.2050823
295.7709,Collider_Hypoli_Body,0.197933
295.7821,Collider_Hypoli_Body,0.1959105
295.7931,Collider_Hypoli_Body,0.1965506
295.8043,Collider_Hypoli_Body,0.205536
295.8158,Collider_Hypoli_Body,0.2133219
295.8266,Collider_Hypoli_Body,0.2330587
295.8376,Collider_Hypoli_Body,0.2630348
295.8489,Collider_Hypoli_Body,0.2849
295.8598,Collider_Hypoli_Body,0.3168198
295.8708,Collider_Hypoli_Body,0.339026
295.882,Collider_Hypoli_Body,0.3578308
295.8932,Collider_Hypoli_Body,0.3893779
295.9042,Collider_Hypoli_Body,0.4120544
295.9154,Collider_Hypoli_Body,0.4416182
295.9264,Collider_Hypoli_Body,0.4655884
295.938,Collider_Hypoli_Body,0.490034
295.9486,Collider_Hypoli_Body,0.5258721
295.9598,Collider_Hypoli_Body,0.5432188
295.9708,Collider_Hypoli_Body,0.5842761
295.982,Collider_Hypoli_Body,0.611422
295.9931,Collider_Hypoli_Body,0.6477857
296.0042,Collider_Hypoli_Body,0.6811121
296.0158,Collider_Hypoli_Body,0.709874
296.0264,Collider_Hypoli_Body,0.7377179
296.0377,Collider_Hypoli_Body,0.7531659
296.0488,Collider_Hypoli_Body,0.7815513
296.0598,Collider_Hypoli_Body,0.8008604
296.0711,Collider_Hypoli_Body,0.8226537
296.0818,Collider_Hypoli_Body,0.8502323
296.0933,Collider_Hypoli_Body,0.8659585
296.104,Collider_Hypoli_Body,0.8716926
296.1155,Collider_Hypoli_Body,0.8734398
296.1269,Collider_Hypoli_Body,0.8590301
296.1378,Collider_Hypoli_Body,0.8432489
296.1489,Collider_Hypoli_Body,0.8228426
296.1599,Collider_Hypoli_Body,0.7943615
296.1711,Collider_Hypoli_Body,0.7708932
296.1823,Collider_Hypoli_Body,0.730985
296.1932,Collider_Hypoli_Body,0.6984396
296.2043,Collider_Hypoli_Body,0.6580848
296.2154,Collider_Hypoli_Body,0.606363
296.2269,Collider_Hypoli_Body,0.5555384
296.2379,Collider_Hypoli_Body,0.493081
296.2487,Collider_Hypoli_Body,0.4396373
296.2599,Collider_Hypoli_Body,0.3833638
296.271,Collider_Hypoli_Body,0.330977
296.282,Collider_Hypoli_Body,0.2853678
296.2933,Collider_Hypoli_Body,0.2341726
296.3043,Collider_Hypoli_Body,0.1942726
296.3153,Collider_Hypoli_Body,0.1561188
296.3265,Collider_Hypoli_Body,0.127798
296.3376,Collider_Hypoli_Body,0.09855619
296.349,Collider_Hypoli_Body,0.06644918
296.3598,Collider_Hypoli_Body,0.0449958
296.3709,Collider_Hypoli_Body,0.03645542
296.382,Collider_Hypoli_Body,0.05057282
296.3931,Collider_Hypoli_Body,0.06855909
296.404,Collider_Hypoli_Body,0.08181341
296.4152,Collider_Hypoli_Body,0.0971588
296.4264,Collider_Hypoli_Body,0.108806
296.4375,Collider_Hypoli_Body,0.1229847
296.4486,Collider_Hypoli_Body,0.1349216
296.4597,Collider_Hypoli_Body,0.1474831
296.4707,Collider_Hypoli_Body,0.1559135
296.4819,Collider_Hypoli_Body,0.1632204
296.4929,Collider_Hypoli_Body,0.1659403
296.5042,Collider_Hypoli_Body,0.1701686
296.5156,Collider_Hypoli_Body,0.172466
296.5263,Collider_Hypoli_Body,0.1673744
296.5373,Collider_Hypoli_Body,0.1702742
296.5484,Collider_Hypoli_Body,0.1628347
296.5597,Collider_Hypoli_Body,0.1563848
296.5706,Collider_Hypoli_Body,0.1474341
296.5816,Collider_Hypoli_Body,0.1283991
296.5927,Collider_Hypoli_Body,0.1123517
296.6039,Collider_Hypoli_Body,0.09771307
296.6152,Collider_Hypoli_Body,0.08915121
296.6262,Collider_Hypoli_Body,0.06903543
296.6372,Collider_Hypoli_Body,0.06790696
296.6485,Collider_Hypoli_Body,0.05584501
296.6596,Collider_Hypoli_Body,0.05256062
296.6707,Collider_Hypoli_Body,0.03931799
296.6818,Collider_Hypoli_Body,0.02388237
296.6928,Collider_Hypoli_Body,0.01901635
296.7039,Collider_Hypoli_Body,0.01740702
296.7154,Collider_Hypoli_Body,0.01699311
296.7261,Collider_Hypoli_Body,0.02287286
296.7372,Collider_Hypoli_Body,0.02686197
296.7482,Collider_Hypoli_Body,0.03091763
296.7596,Collider_Hypoli_Body,0.03796737
296.7708,Collider_Hypoli_Body,0.04832061
296.7817,Collider_Hypoli_Body,0.05274789
296.7928,Collider_Hypoli_Body,0.05405727
296.8038,Collider_Hypoli_Body,0.0516322
296.8149,Collider_Hypoli_Body,0.04798657
296.8262,Collider_Hypoli_Body,0.05176701
296.8372,Collider_Hypoli_Body,0.0571623
296.8482,Collider_Hypoli_Body,0.0628897
296.8602,Collider_Hypoli_Body,0.06152398
296.8706,Collider_Hypoli_Body,0.06525765
296.8815,Collider_Hypoli_Body,0.06945685
296.8927,Collider_Hypoli_Body,0.07497785
296.9037,Collider_Hypoli_Body,0.08589609
296.9148,Collider_Hypoli_Body,0.09410885
296.926,Collider_Hypoli_Body,0.1064361
296.9372,Collider_Hypoli_Body,0.1127946
296.9509,Collider_Hypoli_Body,0.1209454
296.9596,Collider_Hypoli_Body,0.1238847
296.9709,Collider_Hypoli_Body,0.1320664
296.9818,Collider_Hypoli_Body,0.1394726
296.993,Collider_Hypoli_Body,0.1411605
297.0039,Collider_Hypoli_Body,0.1535936
297.015,Collider_Hypoli_Body,0.1626257
297.0262,Collider_Hypoli_Body,0.1729143
297.0373,Collider_Hypoli_Body,0.1876306
297.0483,Collider_Hypoli_Body,0.194548
297.0597,Collider_Hypoli_Body,0.2044778
297.0707,Collider_Hypoli_Body,0.2111753
297.0819,Collider_Hypoli_Body,0.2144073
297.093,Collider_Hypoli_Body,0.2135797
297.104,Collider_Hypoli_Body,0.211554
297.1149,Collider_Hypoli_Body,0.2050748
297.126,Collider_Hypoli_Body,0.1937657
297.1371,Collider_Hypoli_Body,0.1812194
297.1481,Collider_Hypoli_Body,0.1675957
297.1591,Collider_Hypoli_Body,0.1445099
297.1703,Collider_Hypoli_Body,0.1204894
297.1814,Collider_Hypoli_Body,0.1085092
297.1926,Collider_Hypoli_Body,0.08624431
297.2036,Collider_Hypoli_Body,0.07162955
297.2146,Collider_Hypoli_Body,0.05447295
297.2261,Collider_Hypoli_Body,0.03853409
297.2371,Collider_Hypoli_Body,0.02419051
297.2481,Collider_Hypoli_Body,0.01601549
297.2595,Collider_Hypoli_Body,0.01355585
297.2703,Collider_Hypoli_Body,0.02025729
297.2817,Collider_Hypoli_Body,0.02705029
297.2926,Collider_Hypoli_Body,0.02990549
297.304,Collider_Hypoli_Body,0.02764984
297.3149,Collider_Hypoli_Body,0.03230831
297.3261,Collider_Hypoli_Body,0.032486
297.3372,Collider_Hypoli_Body,0.03897184
297.3485,Collider_Hypoli_Body,0.04109591
297.3596,Collider_Hypoli_Body,0.04207719
297.3707,Collider_Hypoli_Body,0.04775567
297.3817,Collider_Hypoli_Body,0.04478596
297.3931,Collider_Hypoli_Body,0.04059973
297.4036,Collider_Hypoli_Body,0.03023201
297.4148,Collider_Hypoli_Body,0.02688529
297.4258,Collider_Hypoli_Body,0.03382833
297.437,Collider_Hypoli_Body,0.04072865
297.4479,Collider_Hypoli_Body,0.04523041
297.459,Collider_Hypoli_Body,0.05348595
297.4702,Collider_Hypoli_Body,0.05340149
297.4812,Collider_Hypoli_Body,0.05404176
297.4923,Collider_Hypoli_Body,0.04873864
297.5034,Collider_Hypoli_Body,0.04442537
297.5147,Collider_Hypoli_Body,0.05380093
297.5259,Collider_Hypoli_Body,0.05816973
297.5378,Collider_Hypoli_Body,0.06285715
297.548,Collider_Hypoli_Body,0.07495009
297.5595,Collider_Hypoli_Body,0.07996478
297.5703,Collider_Hypoli_Body,0.09208523
297.5813,Collider_Hypoli_Body,0.1049864
297.5923,Collider_Hypoli_Body,0.1101243
297.6036,Collider_Hypoli_Body,0.1161913
297.6148,Collider_Hypoli_Body,0.1227147
297.6258,Collider_Hypoli_Body,0.1289025
297.6368,Collider_Hypoli_Body,0.1315655
297.6479,Collider_Hypoli_Body,0.140191
297.659,Collider_Hypoli_Body,0.141827
297.6701,Collider_Hypoli_Body,0.1536607
297.6812,Collider_Hypoli_Body,0.1554045
297.6923,Collider_Hypoli_Body,0.1548276
297.7035,Collider_Hypoli_Body,0.150826
297.7145,Collider_Hypoli_Body,0.1524747
297.7257,Collider_Hypoli_Body,0.1427567
297.737,Collider_Hypoli_Body,0.1392815
297.748,Collider_Hypoli_Body,0.1327801
297.7592,Collider_Hypoli_Body,0.1201227
297.7701,Collider_Hypoli_Body,0.1025627
297.7812,Collider_Hypoli_Body,0.09383299
297.7924,Collider_Hypoli_Body,0.07992412
297.8033,Collider_Hypoli_Body,0.06939912
297.8149,Collider_Hypoli_Body,0.05404078
297.8258,Collider_Hypoli_Body,0.04218418
297.8371,Collider_Hypoli_Body,0.0339495
297.8481,Collider_Hypoli_Body,0.03033106
297.8593,Collider_Hypoli_Body,0.0366483
297.871,Collider_Hypoli_Body,0.04433647
297.8816,Collider_Hypoli_Body,0.05070099
297.8925,Collider_Hypoli_Body,0.05633034
297.9038,Collider_Hypoli_Body,0.05748843
297.9149,Collider_Hypoli_Body,0.05584229
297.9256,Collider_Hypoli_Body,0.05353836
297.937,Collider_Hypoli_Body,0.05012948
297.9478,Collider_Hypoli_Body,0.04767928
297.9591,Collider_Hypoli_Body,0.04908172
297.9702,Collider_Hypoli_Body,0.04882005
297.9813,Collider_Hypoli_Body,0.0564003
297.9926,Collider_Hypoli_Body,0.06307742
298.0033,Collider_Hypoli_Body,0.06452888
298.0144,Collider_Hypoli_Body,0.05848454
298.0254,Collider_Hypoli_Body,0.04952306
298.0367,Collider_Hypoli_Body,0.03986188
298.0477,Collider_Hypoli_Body,0.0359431
298.0592,Collider_Hypoli_Body,0.03811973
298.0703,Collider_Hypoli_Body,0.04109382
298.0815,Collider_Hypoli_Body,0.04278411
298.0924,Collider_Hypoli_Body,0.04033165
298.1034,Collider_Hypoli_Body,0.03511444
298.1149,Collider_Hypoli_Body,0.03367285
298.126,Collider_Hypoli_Body,0.03244936
298.1372,Collider_Hypoli_Body,0.03388325
298.1479,Collider_Hypoli_Body,0.03350407
298.1591,Collider_Hypoli_Body,0.03560657
298.1702,Collider_Hypoli_Body,0.03351223
298.1816,Collider_Hypoli_Body,0.03495726
298.1922,Collider_Hypoli_Body,0.03207818
298.2031,Collider_Hypoli_Body,0.03038899
298.2144,Collider_Hypoli_Body,0.02715487
298.2258,Collider_Hypoli_Body,0.0255414
298.237,Collider_Hypoli_Body,0.02240857
298.2478,Collider_Hypoli_Body,0.02478728
298.2592,Collider_Hypoli_Body,0.01915235
298.27,Collider_Hypoli_Body,0.02052048
298.2812,Collider_Hypoli_Body,0.01415508
298.2922,Collider_Hypoli_Body,0.01144717
298.3034,Collider_Hypoli_Body,0.01388585
298.3151,Collider_Hypoli_Body,0.01324417
298.3257,Collider_Hypoli_Body,0.01559663
298.3375,Collider_Hypoli_Body,0.01902355
298.348,Collider_Hypoli_Body,0.02277669
298.3592,Collider_Hypoli_Body,0.0237154
298.37,Collider_Hypoli_Body,0.02171686
298.3813,Collider_Hypoli_Body,0.02634105
298.3923,Collider_Hypoli_Body,0.0216506
298.4034,Collider_Hypoli_Body,0.0234866
298.4146,Collider_Hypoli_Body,0.02229442
298.4258,Collider_Hypoli_Body,0.02340038
298.438,Collider_Hypoli_Body,0.0251298
298.4478,Collider_Hypoli_Body,0.02915328
298.459,Collider_Hypoli_Body,0.02823388
298.4701,Collider_Hypoli_Body,0.03521705
298.4813,Collider_Hypoli_Body,0.04223621
298.4925,Collider_Hypoli_Body,0.04580854
298.5033,Collider_Hypoli_Body,0.04554293
298.5148,Collider_Hypoli_Body,0.04859514
298.5256,Collider_Hypoli_Body,0.05171787
298.537,Collider_Hypoli_Body,0.05202303
298.5483,Collider_Hypoli_Body,0.05454788
298.5591,Collider_Hypoli_Body,0.05669957
298.5702,Collider_Hypoli_Body,0.05681877
298.5811,Collider_Hypoli_Body,0.05993951
298.6048,Collider_Hypoli_Body,0.06007764
298.6135,Collider_Hypoli_Body,0.06403512
298.6217,Collider_Hypoli_Body,0.06818175
298.6306,Collider_Hypoli_Body,0.07023977
298.6383,Collider_Hypoli_Body,0.06757627
298.6465,Collider_Hypoli_Body,0.07076585
298.6549,Collider_Hypoli_Body,0.07455881
298.6651,Collider_Hypoli_Body,0.07183751
298.6761,Collider_Hypoli_Body,0.07290139
298.6875,Collider_Hypoli_Body,0.07259569
298.6989,Collider_Hypoli_Body,0.06863758
298.7097,Collider_Hypoli_Body,0.06911888
298.7369,Collider_Hypoli_Body,0.06655551
298.7452,Collider_Hypoli_Body,0.06301975
298.754,Collider_Hypoli_Body,0.06511579
298.7651,Collider_Hypoli_Body,0.07015056
298.7762,Collider_Hypoli_Body,0.0689868
298.788,Collider_Hypoli_Body,0.06492429
298.7983,Collider_Hypoli_Body,0.06091499
298.8095,Collider_Hypoli_Body,0.05858954
298.8206,Collider_Hypoli_Body,0.0593841
298.8317,Collider_Hypoli_Body,0.05489038
298.8437,Collider_Hypoli_Body,0.05272373
298.8539,Collider_Hypoli_Body,0.04798008
298.865,Collider_Hypoli_Body,0.04488828
298.8761,Collider_Hypoli_Body,0.04013545
298.8872,Collider_Hypoli_Body,0.04221082
298.8983,Collider_Hypoli_Body,0.04065019
298.9094,Collider_Hypoli_Body,0.03527401
298.9207,Collider_Hypoli_Body,0.03507338
298.9317,Collider_Hypoli_Body,0.03235019
298.9427,Collider_Hypoli_Body,0.03124239
298.954,Collider_Hypoli_Body,0.03172669
298.9648,Collider_Hypoli_Body,0.02805945
298.9761,Collider_Hypoli_Body,0.0262676
298.9872,Collider_Hypoli_Body,0.0307473
298.9984,Collider_Hypoli_Body,0.02796852
299.0094,Collider_Hypoli_Body,0.03171837
299.0204,Collider_Hypoli_Body,0.02856385
299.0316,Collider_Hypoli_Body,0.03299994
299.0428,Collider_Hypoli_Body,0.03490629
299.0538,Collider_Hypoli_Body,0.03294396
299.065,Collider_Hypoli_Body,0.03218902
299.076,Collider_Hypoli_Body,0.02895685
299.0874,Collider_Hypoli_Body,0.03065291
299.0988,Collider_Hypoli_Body,0.03452526
299.1103,Collider_Hypoli_Body,0.03599513
299.1218,Collider_Hypoli_Body,0.03935181
299.1331,Collider_Hypoli_Body,0.04870187
299.1449,Collider_Hypoli_Body,0.04969207
299.1563,Collider_Hypoli_Body,0.0485374
299.1676,Collider_Hypoli_Body,0.0478561
299.1792,Collider_Hypoli_Body,0.04583571
299.1906,Collider_Hypoli_Body,0.04303309
299.2018,Collider_Hypoli_Body,0.04439982
299.213,Collider_Hypoli_Body,0.04615492
299.2249,Collider_Hypoli_Body,0.05058922
299.2363,Collider_Hypoli_Body,0.05413878
299.2475,Collider_Hypoli_Body,0.04985063
299.2589,Collider_Hypoli_Body,0.05192991
299.27,Collider_Hypoli_Body,0.04848826
299.281,Collider_Hypoli_Body,0.05262711
299.2924,Collider_Hypoli_Body,0.06058045
299.3031,Collider_Hypoli_Body,0.05685827
299.3143,Collider_Hypoli_Body,0.06112928
299.3255,Collider_Hypoli_Body,0.06244458
299.3365,Collider_Hypoli_Body,0.05785868
299.3479,Collider_Hypoli_Body,0.05747623
299.3591,Collider_Hypoli_Body,0.05001328
299.3698,Collider_Hypoli_Body,0.04555034
299.381,Collider_Hypoli_Body,0.03730918
299.392,Collider_Hypoli_Body,0.0349553
299.4031,Collider_Hypoli_Body,0.03225902
299.4142,Collider_Hypoli_Body,0.02758469
299.4252,Collider_Hypoli_Body,0.02160615
299.437,Collider_Hypoli_Body,0.01926327
299.4475,Collider_Hypoli_Body,0.01631781
299.4588,Collider_Hypoli_Body,0.01838101
299.4697,Collider_Hypoli_Body,0.01397542
299.4809,Collider_Hypoli_Body,0.01660747
299.4921,Collider_Hypoli_Body,0.01688745
299.5031,Collider_Hypoli_Body,0.01838868
299.5146,Collider_Hypoli_Body,0.02377068
299.5253,Collider_Hypoli_Body,0.03181333
299.5364,Collider_Hypoli_Body,0.03969824
299.5476,Collider_Hypoli_Body,0.04680726
299.5587,Collider_Hypoli_Body,0.05325713
299.5696,Collider_Hypoli_Body,0.06093997
299.5808,Collider_Hypoli_Body,0.06825289
299.5919,Collider_Hypoli_Body,0.06618231
299.603,Collider_Hypoli_Body,0.06237071
299.6146,Collider_Hypoli_Body,0.0597815
299.6254,Collider_Hypoli_Body,0.05282948
299.6364,Collider_Hypoli_Body,0.04626
299.6476,Collider_Hypoli_Body,0.04003192
299.6587,Collider_Hypoli_Body,0.03133002
299.6702,Collider_Hypoli_Body,0.0350314
299.6809,Collider_Hypoli_Body,0.03818714
299.6919,Collider_Hypoli_Body,0.03747379
299.703,Collider_Hypoli_Body,0.03867384
299.7143,Collider_Hypoli_Body,0.03613819
299.7253,Collider_Hypoli_Body,0.02953904
299.7364,Collider_Hypoli_Body,0.03271189
299.7474,Collider_Hypoli_Body,0.04010776
299.7586,Collider_Hypoli_Body,0.05028048
299.7697,Collider_Hypoli_Body,0.05380389
299.7808,Collider_Hypoli_Body,0.05385885
299.7919,Collider_Hypoli_Body,0.04959909
299.8031,Collider_Hypoli_Body,0.04624011
299.814,Collider_Hypoli_Body,0.05196062
299.8256,Collider_Hypoli_Body,0.06414427
299.8363,Collider_Hypoli_Body,0.0758791
299.8477,Collider_Hypoli_Body,0.08256831
299.8588,Collider_Hypoli_Body,0.08920936
299.8703,Collider_Hypoli_Body,0.09351026
299.8807,Collider_Hypoli_Body,0.0935194
299.8917,Collider_Hypoli_Body,0.09620137
299.903,Collider_Hypoli_Body,0.09479683
299.9142,Collider_Hypoli_Body,0.09609375
299.9257,Collider_Hypoli_Body,0.1005326
299.9364,Collider_Hypoli_Body,0.1011626
299.9474,Collider_Hypoli_Body,0.1048533
299.9583,Collider_Hypoli_Body,0.1041778
299.9695,Collider_Hypoli_Body,0.1154072
299.9809,Collider_Hypoli_Body,0.1135056
299.9917,Collider_Hypoli_Body,0.123269
300.0029,Collider_Hypoli_Body,0.1278658
300.0142,Collider_Hypoli_Body,0.1313232
300.0251,Collider_Hypoli_Body,0.1353234
300.0362,Collider_Hypoli_Body,0.1408178
300.0481,Collider_Hypoli_Body,0.1451153
300.0586,Collider_Hypoli_Body,0.150928
300.0698,Collider_Hypoli_Body,0.1567779
300.0808,Collider_Hypoli_Body,0.1618842
300.0919,Collider_Hypoli_Body,0.1679875
300.1029,Collider_Hypoli_Body,0.1795547
300.114,Collider_Hypoli_Body,0.1911122
300.1257,Collider_Hypoli_Body,0.1991617
300.1363,Collider_Hypoli_Body,0.2161849
300.1475,Collider_Hypoli_Body,0.2288969
300.1583,Collider_Hypoli_Body,0.2448277
300.1703,Collider_Hypoli_Body,0.2552106
300.1805,Collider_Hypoli_Body,0.2656993
300.1917,Collider_Hypoli_Body,0.2818311
300.2027,Collider_Hypoli_Body,0.2916197
300.2138,Collider_Hypoli_Body,0.3020649
300.2249,Collider_Hypoli_Body,0.3092161
300.2361,Collider_Hypoli_Body,0.3199066
300.2472,Collider_Hypoli_Body,0.3376229
300.2583,Collider_Hypoli_Body,0.3571793
300.2697,Collider_Hypoli_Body,0.3748296
300.2806,Collider_Hypoli_Body,0.3940966
300.2918,Collider_Hypoli_Body,0.4179909
300.3028,Collider_Hypoli_Body,0.4367414
300.3139,Collider_Hypoli_Body,0.4544758
300.3249,Collider_Hypoli_Body,0.4737203
300.3361,Collider_Hypoli_Body,0.4849232
300.3472,Collider_Hypoli_Body,0.5005628
300.3581,Collider_Hypoli_Body,0.5139479
300.3691,Collider_Hypoli_Body,0.5194139
300.3802,Collider_Hypoli_Body,0.5247133
300.3918,Collider_Hypoli_Body,0.5274082
300.4024,Collider_Hypoli_Body,0.5344405
300.4136,Collider_Hypoli_Body,0.5371054
300.4247,Collider_Hypoli_Body,0.5403004
300.4358,Collider_Hypoli_Body,0.5403482
300.4468,Collider_Hypoli_Body,0.535149
300.458,Collider_Hypoli_Body,0.5309947
300.4691,Collider_Hypoli_Body,0.5239035
300.4801,Collider_Hypoli_Body,0.5224203
300.4912,Collider_Hypoli_Body,0.5203749
300.5023,Collider_Hypoli_Body,0.5069666
300.5135,Collider_Hypoli_Body,0.5052009
300.5249,Collider_Hypoli_Body,0.4971873
300.5359,Collider_Hypoli_Body,0.4860542
300.5469,Collider_Hypoli_Body,0.4747271
300.5579,Collider_Hypoli_Body,0.4606878
300.569,Collider_Hypoli_Body,0.4502511
300.5801,Collider_Hypoli_Body,0.4408557
300.5912,Collider_Hypoli_Body,0.427837
300.6024,Collider_Hypoli_Body,0.4207405
300.6134,Collider_Hypoli_Body,0.4037158
300.6245,Collider_Hypoli_Body,0.3913814
300.6356,Collider_Hypoli_Body,0.3724676
300.6468,Collider_Hypoli_Body,0.3541004
300.6578,Collider_Hypoli_Body,0.3351242
300.669,Collider_Hypoli_Body,0.3151015
300.6801,Collider_Hypoli_Body,0.2929256
300.6911,Collider_Hypoli_Body,0.2743749
300.7024,Collider_Hypoli_Body,0.2465982
300.7133,Collider_Hypoli_Body,0.2255316
300.7246,Collider_Hypoli_Body,0.2021556
300.7356,Collider_Hypoli_Body,0.1778467
300.7467,Collider_Hypoli_Body,0.1561662
300.7579,Collider_Hypoli_Body,0.1313575
301.0912,Collider_Hypoli_Body,0.1137847
301.1085,Collider_Hypoli_Body,0.07239998
301.1169,Collider_Hypoli_Body,0.06872352
301.1254,Collider_Hypoli_Body,0.06352742
301.1336,Collider_Hypoli_Body,0.05658646
301.1437,Collider_Hypoli_Body,0.05589107
301.1548,Collider_Hypoli_Body,0.04501851
301.166,Collider_Hypoli_Body,0.04091326
301.1768,Collider_Hypoli_Body,0.03957725
301.1884,Collider_Hypoli_Body,0.03797972
301.1992,Collider_Hypoli_Body,0.03586936
301.2102,Collider_Hypoli_Body,0.03859291
301.2219,Collider_Hypoli_Body,0.0411565
301.2327,Collider_Hypoli_Body,0.04745661
301.2441,Collider_Hypoli_Body,0.05351336
301.2556,Collider_Hypoli_Body,0.05838777
301.2664,Collider_Hypoli_Body,0.06295616
301.2772,Collider_Hypoli_Body,0.06545097
301.2884,Collider_Hypoli_Body,0.07305556
301.2993,Collider_Hypoli_Body,0.08034086
301.3108,Collider_Hypoli_Body,0.09040791
301.3217,Collider_Hypoli_Body,0.09438244
301.3331,Collider_Hypoli_Body,0.09785362
301.3443,Collider_Hypoli_Body,0.09777685
301.3549,Collider_Hypoli_Body,0.09492564
301.3664,Collider_Hypoli_Body,0.1028405
301.3771,Collider_Hypoli_Body,0.09300976
301.3882,Collider_Hypoli_Body,0.08960973
301.3999,Collider_Hypoli_Body,0.08860941
301.4104,Collider_Hypoli_Body,0.08087054
301.4214,Collider_Hypoli_Body,0.07189096
301.4325,Collider_Hypoli_Body,0.0660699
301.4436,Collider_Hypoli_Body,0.05318098
301.4547,Collider_Hypoli_Body,0.04448616
301.4662,Collider_Hypoli_Body,0.03777082
301.4773,Collider_Hypoli_Body,0.03261035
301.4887,Collider_Hypoli_Body,0.02515082
301.5,Collider_Hypoli_Body,0.01446432
301.5114,Collider_Hypoli_Body,0.01603736
301.5226,Collider_Hypoli_Body,0.01914584
301.5339,Collider_Hypoli_Body,0.02600117
301.5451,Collider_Hypoli_Body,0.03006586
301.5566,Collider_Hypoli_Body,0.03330463
301.5678,Collider_Hypoli_Body,0.04384045
301.5789,Collider_Hypoli_Body,0.04747466
301.5905,Collider_Hypoli_Body,0.04893019
301.6016,Collider_Hypoli_Body,0.04993069
301.6133,Collider_Hypoli_Body,0.05852883
301.6243,Collider_Hypoli_Body,0.06529343
301.6551,Collider_Hypoli_Body,0.06969994
301.6635,Collider_Hypoli_Body,0.07633691
301.6712,Collider_Hypoli_Body,0.06915621
301.6802,Collider_Hypoli_Body,0.06157707
301.6892,Collider_Hypoli_Body,0.05635502
301.6993,Collider_Hypoli_Body,0.05487143
301.7103,Collider_Hypoli_Body,0.05118123
301.7214,Collider_Hypoli_Body,0.05508325
301.7326,Collider_Hypoli_Body,0.06372627
301.7438,Collider_Hypoli_Body,0.06270741
301.7549,Collider_Hypoli_Body,0.06142808
301.7659,Collider_Hypoli_Body,0.05670244
301.7771,Collider_Hypoli_Body,0.05397298
301.7888,Collider_Hypoli_Body,0.05976266
301.7995,Collider_Hypoli_Body,0.06384367
301.8105,Collider_Hypoli_Body,0.06350668
301.8217,Collider_Hypoli_Body,0.06138812
301.8327,Collider_Hypoli_Body,0.05889853
301.8438,Collider_Hypoli_Body,0.05005845
301.8555,Collider_Hypoli_Body,0.04343311
301.8667,Collider_Hypoli_Body,0.04682684
301.8771,Collider_Hypoli_Body,0.0545458
301.8883,Collider_Hypoli_Body,0.0550832
301.8995,Collider_Hypoli_Body,0.05695346
301.9107,Collider_Hypoli_Body,0.05689986
301.9216,Collider_Hypoli_Body,0.05984074
301.9325,Collider_Hypoli_Body,0.06181408
301.9437,Collider_Hypoli_Body,0.06374875
301.9548,Collider_Hypoli_Body,0.06223791
301.9658,Collider_Hypoli_Body,0.06069459
301.9771,Collider_Hypoli_Body,0.05161811
301.9883,Collider_Hypoli_Body,0.04763624
301.9991,Collider_Hypoli_Body,0.04264141
302.0105,Collider_Hypoli_Body,0.03684858
302.0218,Collider_Hypoli_Body,0.02830778
302.0327,Collider_Hypoli_Body,0.02411567
302.044,Collider_Hypoli_Body,0.01074196
302.0553,Collider_Hypoli_Body,0.008975068
302.067,Collider_Hypoli_Body,0.02652856
302.0782,Collider_Hypoli_Body,0.04200264
302.0891,Collider_Hypoli_Body,0.05819955
302.1007,Collider_Hypoli_Body,0.07187936
302.1119,Collider_Hypoli_Body,0.08601129
302.1231,Collider_Hypoli_Body,0.09166373
302.1346,Collider_Hypoli_Body,0.09786349
302.1456,Collider_Hypoli_Body,0.1019102
302.157,Collider_Hypoli_Body,0.1094651
302.1683,Collider_Hypoli_Body,0.1154207
302.1798,Collider_Hypoli_Body,0.1198015
302.1915,Collider_Hypoli_Body,0.1228856
302.2024,Collider_Hypoli_Body,0.1238942
302.214,Collider_Hypoli_Body,0.130592
302.2252,Collider_Hypoli_Body,0.1295855
302.2363,Collider_Hypoli_Body,0.1284635
302.2475,Collider_Hypoli_Body,0.1164606
302.2592,Collider_Hypoli_Body,0.1076735
302.2696,Collider_Hypoli_Body,0.1053012
302.2809,Collider_Hypoli_Body,0.1006224
302.292,Collider_Hypoli_Body,0.09525577
302.3029,Collider_Hypoli_Body,0.09251916
302.3144,Collider_Hypoli_Body,0.08899355
302.3257,Collider_Hypoli_Body,0.08324877
302.3363,Collider_Hypoli_Body,0.07797704
302.3473,Collider_Hypoli_Body,0.06974888
302.3586,Collider_Hypoli_Body,0.05650384
302.3695,Collider_Hypoli_Body,0.04522572
302.3808,Collider_Hypoli_Body,0.02651063
302.3917,Collider_Hypoli_Body,0.02881417
302.4028,Collider_Hypoli_Body,0.03679414
302.4137,Collider_Hypoli_Body,0.04299728
302.4249,Collider_Hypoli_Body,0.05895466
302.4361,Collider_Hypoli_Body,0.07001402
302.4474,Collider_Hypoli_Body,0.08093394
302.4584,Collider_Hypoli_Body,0.09247649
302.4695,Collider_Hypoli_Body,0.1040732
302.4805,Collider_Hypoli_Body,0.1158522
302.4919,Collider_Hypoli_Body,0.1235972
302.5028,Collider_Hypoli_Body,0.1407077
302.5139,Collider_Hypoli_Body,0.1467948
302.5252,Collider_Hypoli_Body,0.1573684
302.5362,Collider_Hypoli_Body,0.1689593
302.5471,Collider_Hypoli_Body,0.1755887
302.5583,Collider_Hypoli_Body,0.1801594
302.5695,Collider_Hypoli_Body,0.190818
302.5804,Collider_Hypoli_Body,0.1959493
302.5915,Collider_Hypoli_Body,0.2043814
302.6027,Collider_Hypoli_Body,0.2155478
302.6136,Collider_Hypoli_Body,0.2182141
302.6248,Collider_Hypoli_Body,0.2232204
302.6359,Collider_Hypoli_Body,0.2200416
302.647,Collider_Hypoli_Body,0.2190843
302.6583,Collider_Hypoli_Body,0.2201821
302.6694,Collider_Hypoli_Body,0.2132953
302.6805,Collider_Hypoli_Body,0.210547
302.6914,Collider_Hypoli_Body,0.2049133
302.7026,Collider_Hypoli_Body,0.2003294
302.7137,Collider_Hypoli_Body,0.1923551
302.7251,Collider_Hypoli_Body,0.1853903
302.7362,Collider_Hypoli_Body,0.1805159
302.747,Collider_Hypoli_Body,0.1753321
302.7581,Collider_Hypoli_Body,0.17256
302.7697,Collider_Hypoli_Body,0.1738083
302.7805,Collider_Hypoli_Body,0.1744679
302.7913,Collider_Hypoli_Body,0.177827
302.8026,Collider_Hypoli_Body,0.1891824
302.8135,Collider_Hypoli_Body,0.2005033
302.8254,Collider_Hypoli_Body,0.2266268
302.8357,Collider_Hypoli_Body,0.2471712
302.8467,Collider_Hypoli_Body,0.2658561
302.8582,Collider_Hypoli_Body,0.2857762
302.869,Collider_Hypoli_Body,0.3070234
302.8829,Collider_Hypoli_Body,0.3205325
302.8912,Collider_Hypoli_Body,0.3394489
302.9023,Collider_Hypoli_Body,0.3576037
302.9138,Collider_Hypoli_Body,0.3709982
302.9246,Collider_Hypoli_Body,0.3792738
302.9362,Collider_Hypoli_Body,0.3829882
302.9466,Collider_Hypoli_Body,0.3862523
302.958,Collider_Hypoli_Body,0.3822398
302.969,Collider_Hypoli_Body,0.3818712
302.98,Collider_Hypoli_Body,0.3781172
302.9913,Collider_Hypoli_Body,0.3724651
303.0023,Collider_Hypoli_Body,0.3627919
303.0134,Collider_Hypoli_Body,0.3543936
303.025,Collider_Hypoli_Body,0.3363887
303.0361,Collider_Hypoli_Body,0.3280093
303.0468,Collider_Hypoli_Body,0.3121173
303.058,Collider_Hypoli_Body,0.2940503
303.069,Collider_Hypoli_Body,0.2788911
303.0801,Collider_Hypoli_Body,0.252154
303.0912,Collider_Hypoli_Body,0.2371764
303.1024,Collider_Hypoli_Body,0.2175532
303.1135,Collider_Hypoli_Body,0.1943482
303.1245,Collider_Hypoli_Body,0.1828357
303.1356,Collider_Hypoli_Body,0.1681217
303.1468,Collider_Hypoli_Body,0.1580694
303.1578,Collider_Hypoli_Body,0.1467568
303.1693,Collider_Hypoli_Body,0.1356996
303.1806,Collider_Hypoli_Body,0.1275545
303.1913,Collider_Hypoli_Body,0.1233938
303.2026,Collider_Hypoli_Body,0.1231887
303.2133,Collider_Hypoli_Body,0.1207845
303.2244,Collider_Hypoli_Body,0.1106575
303.2355,Collider_Hypoli_Body,0.09979834
303.2468,Collider_Hypoli_Body,0.1004488
303.2578,Collider_Hypoli_Body,0.09280454
303.269,Collider_Hypoli_Body,0.08971436
303.2799,Collider_Hypoli_Body,0.08602349
303.2913,Collider_Hypoli_Body,0.08408756
303.3022,Collider_Hypoli_Body,0.08014504
303.314,Collider_Hypoli_Body,0.08057246
303.3245,Collider_Hypoli_Body,0.08581013
303.3355,Collider_Hypoli_Body,0.09549494
303.3466,Collider_Hypoli_Body,0.1084476
303.3584,Collider_Hypoli_Body,0.1226381
303.3693,Collider_Hypoli_Body,0.1388958
303.38,Collider_Hypoli_Body,0.1543264
303.391,Collider_Hypoli_Body,0.1754641
303.4022,Collider_Hypoli_Body,0.1882759
303.4132,Collider_Hypoli_Body,0.2011286
303.4246,Collider_Hypoli_Body,0.2085827
303.4355,Collider_Hypoli_Body,0.216934
303.4466,Collider_Hypoli_Body,0.2229809
303.4577,Collider_Hypoli_Body,0.2237757
303.4688,Collider_Hypoli_Body,0.2277881
303.48,Collider_Hypoli_Body,0.2272479
303.4911,Collider_Hypoli_Body,0.2250904
303.5021,Collider_Hypoli_Body,0.2190406
303.5132,Collider_Hypoli_Body,0.2153873
303.5244,Collider_Hypoli_Body,0.2091832
303.5355,Collider_Hypoli_Body,0.2043244
303.5466,Collider_Hypoli_Body,0.1949401
303.5579,Collider_Hypoli_Body,0.1802888
303.5688,Collider_Hypoli_Body,0.1715767
303.5798,Collider_Hypoli_Body,0.1621669
303.5911,Collider_Hypoli_Body,0.1483527
303.6022,Collider_Hypoli_Body,0.1352588
303.6136,Collider_Hypoli_Body,0.1242389
303.6244,Collider_Hypoli_Body,0.1155509
303.6353,Collider_Hypoli_Body,0.1044674
303.6465,Collider_Hypoli_Body,0.09508806
303.6576,Collider_Hypoli_Body,0.08554349
303.6686,Collider_Hypoli_Body,0.08071586
303.6797,Collider_Hypoli_Body,0.07409553
303.691,Collider_Hypoli_Body,0.06708451
303.702,Collider_Hypoli_Body,0.0644078
303.7131,Collider_Hypoli_Body,0.06311919
303.7243,Collider_Hypoli_Body,0.05485764
303.7356,Collider_Hypoli_Body,0.05646834
303.7464,Collider_Hypoli_Body,0.05761285
303.7575,Collider_Hypoli_Body,0.06406703
303.7686,Collider_Hypoli_Body,0.06446851
303.7797,Collider_Hypoli_Body,0.06573015
303.7909,Collider_Hypoli_Body,0.0588122
303.8019,Collider_Hypoli_Body,0.05409684
303.813,Collider_Hypoli_Body,0.05063178
303.8243,Collider_Hypoli_Body,0.05655334
303.8353,Collider_Hypoli_Body,0.06148674
303.8465,Collider_Hypoli_Body,0.06322203
303.8576,Collider_Hypoli_Body,0.06350318
303.8685,Collider_Hypoli_Body,0.05756213
303.8797,Collider_Hypoli_Body,0.05627587
303.8911,Collider_Hypoli_Body,0.06120067
303.9019,Collider_Hypoli_Body,0.06101401
303.9131,Collider_Hypoli_Body,0.06654315
303.9242,Collider_Hypoli_Body,0.06880037
303.9352,Collider_Hypoli_Body,0.06283824
303.9463,Collider_Hypoli_Body,0.06356098
303.9576,Collider_Hypoli_Body,0.0598148
303.9686,Collider_Hypoli_Body,0.05661512
303.9798,Collider_Hypoli_Body,0.05208654
303.9909,Collider_Hypoli_Body,0.05200763
304.002,Collider_Hypoli_Body,0.04985718
304.0132,Collider_Hypoli_Body,0.04851641
304.0243,Collider_Hypoli_Body,0.04404702
304.0352,Collider_Hypoli_Body,0.03590092
304.0463,Collider_Hypoli_Body,0.03126976
304.0578,Collider_Hypoli_Body,0.03208404
304.0687,Collider_Hypoli_Body,0.03234927
304.0796,Collider_Hypoli_Body,0.03205322
304.0907,Collider_Hypoli_Body,0.03525214
304.1021,Collider_Hypoli_Body,0.03327051
304.1131,Collider_Hypoli_Body,0.03640755
304.1242,Collider_Hypoli_Body,0.03916077
304.1352,Collider_Hypoli_Body,0.03932148
304.1465,Collider_Hypoli_Body,0.03519988
304.1577,Collider_Hypoli_Body,0.03799084
304.1686,Collider_Hypoli_Body,0.04107266
304.1796,Collider_Hypoli_Body,0.04186495
304.1908,Collider_Hypoli_Body,0.04572532
304.202,Collider_Hypoli_Body,0.03893736
304.2133,Collider_Hypoli_Body,0.04413384
304.2242,Collider_Hypoli_Body,0.03979908
304.235,Collider_Hypoli_Body,0.03854681
304.2462,Collider_Hypoli_Body,0.04206068
304.2574,Collider_Hypoli_Body,0.03859483
304.2686,Collider_Hypoli_Body,0.03782864
304.2797,Collider_Hypoli_Body,0.03553795
304.2907,Collider_Hypoli_Body,0.03697628
304.3022,Collider_Hypoli_Body,0.03381471
304.313,Collider_Hypoli_Body,0.03546954
304.324,Collider_Hypoli_Body,0.03843495
304.3351,Collider_Hypoli_Body,0.03862526
304.3461,Collider_Hypoli_Body,0.04185335
304.3574,Collider_Hypoli_Body,0.04586896
304.3684,Collider_Hypoli_Body,0.04785148
304.3799,Collider_Hypoli_Body,0.04346257
304.3908,Collider_Hypoli_Body,0.04861141
304.4019,Collider_Hypoli_Body,0.05174526
304.4128,Collider_Hypoli_Body,0.05021662
304.424,Collider_Hypoli_Body,0.04917263
304.4351,Collider_Hypoli_Body,0.05039342
304.4462,Collider_Hypoli_Body,0.04712342
304.4574,Collider_Hypoli_Body,0.05338808
304.4684,Collider_Hypoli_Body,0.04666302
304.4795,Collider_Hypoli_Body,0.04596056
304.4911,Collider_Hypoli_Body,0.04599617
304.5017,Collider_Hypoli_Body,0.04373389
304.5128,Collider_Hypoli_Body,0.03886253
304.5241,Collider_Hypoli_Body,0.03786981
304.5351,Collider_Hypoli_Body,0.03403473
304.5461,Collider_Hypoli_Body,0.03191595
304.5573,Collider_Hypoli_Body,0.02995513
304.5683,Collider_Hypoli_Body,0.02765433
304.5795,Collider_Hypoli_Body,0.03143081
304.5905,Collider_Hypoli_Body,0.03875952
304.6016,Collider_Hypoli_Body,0.04560999
304.6129,Collider_Hypoli_Body,0.04582488
304.6241,Collider_Hypoli_Body,0.05116939
304.6351,Collider_Hypoli_Body,0.04812905
304.6461,Collider_Hypoli_Body,0.04876091
304.6572,Collider_Hypoli_Body,0.0478125
304.6685,Collider_Hypoli_Body,0.06321312
304.6794,Collider_Hypoli_Body,0.07667606
304.6906,Collider_Hypoli_Body,0.08583736
304.7018,Collider_Hypoli_Body,0.08385231
304.713,Collider_Hypoli_Body,0.08080387
304.7238,Collider_Hypoli_Body,0.08463009
304.7359,Collider_Hypoli_Body,0.088727
304.7462,Collider_Hypoli_Body,0.09529382
304.7571,Collider_Hypoli_Body,0.0994155
304.7683,Collider_Hypoli_Body,0.1082452
304.7794,Collider_Hypoli_Body,0.113004
304.7905,Collider_Hypoli_Body,0.113729
304.8017,Collider_Hypoli_Body,0.1163355
304.8127,Collider_Hypoli_Body,0.1131773
304.824,Collider_Hypoli_Body,0.1191223
304.8351,Collider_Hypoli_Body,0.1193814
304.846,Collider_Hypoli_Body,0.1222352
304.8575,Collider_Hypoli_Body,0.1209076
304.8683,Collider_Hypoli_Body,0.1171552
304.8794,Collider_Hypoli_Body,0.1161883
304.8905,Collider_Hypoli_Body,0.1118789
304.9017,Collider_Hypoli_Body,0.1098468
304.9129,Collider_Hypoli_Body,0.1124384
304.924,Collider_Hypoli_Body,0.1089356
304.9349,Collider_Hypoli_Body,0.1002733
304.9461,Collider_Hypoli_Body,0.09189926
304.9572,Collider_Hypoli_Body,0.08445387
304.9683,Collider_Hypoli_Body,0.0778326
304.9794,Collider_Hypoli_Body,0.06942554
304.9911,Collider_Hypoli_Body,0.06785098
305.0016,Collider_Hypoli_Body,0.06312646
305.0128,Collider_Hypoli_Body,0.05779959
305.024,Collider_Hypoli_Body,0.05381985
305.0349,Collider_Hypoli_Body,0.05017636
305.0459,Collider_Hypoli_Body,0.05194093
305.0574,Collider_Hypoli_Body,0.0493631
305.0683,Collider_Hypoli_Body,0.0522487
305.0793,Collider_Hypoli_Body,0.05475164
305.0905,Collider_Hypoli_Body,0.05457834
305.1016,Collider_Hypoli_Body,0.04912496
305.1127,Collider_Hypoli_Body,0.05425767
305.1237,Collider_Hypoli_Body,0.05004632
305.1349,Collider_Hypoli_Body,0.0490243
305.1459,Collider_Hypoli_Body,0.04556347
305.1571,Collider_Hypoli_Body,0.04905335
305.1681,Collider_Hypoli_Body,0.05652715
305.1792,Collider_Hypoli_Body,0.06258637
305.1904,Collider_Hypoli_Body,0.06731027
305.2014,Collider_Hypoli_Body,0.06073498
305.213,Collider_Hypoli_Body,0.06564268
305.2238,Collider_Hypoli_Body,0.06457211
305.2347,Collider_Hypoli_Body,0.06562374
305.2459,Collider_Hypoli_Body,0.06117968
305.2572,Collider_Hypoli_Body,0.06009234
305.2681,Collider_Hypoli_Body,0.05327874
305.2792,Collider_Hypoli_Body,0.05295447
305.2905,Collider_Hypoli_Body,0.04841504
305.3013,Collider_Hypoli_Body,0.04682507
305.3126,Collider_Hypoli_Body,0.04768762
305.3236,Collider_Hypoli_Body,0.04817107
305.3347,Collider_Hypoli_Body,0.04665731
305.3458,Collider_Hypoli_Body,0.04557972
305.3574,Collider_Hypoli_Body,0.04246598
305.368,Collider_Hypoli_Body,0.0454547
305.3791,Collider_Hypoli_Body,0.04726033
305.3904,Collider_Hypoli_Body,0.04484764
305.4014,Collider_Hypoli_Body,0.04581456
305.4126,Collider_Hypoli_Body,0.04420922
305.4237,Collider_Hypoli_Body,0.04425879
305.4347,Collider_Hypoli_Body,0.04068011
305.4458,Collider_Hypoli_Body,0.03886144
305.4571,Collider_Hypoli_Body,0.03580879
305.468,Collider_Hypoli_Body,0.03904804
305.4792,Collider_Hypoli_Body,0.04555516
305.4903,Collider_Hypoli_Body,0.05207991
305.5012,Collider_Hypoli_Body,0.05412685
305.5123,Collider_Hypoli_Body,0.05722745
305.5237,Collider_Hypoli_Body,0.05887336
305.5346,Collider_Hypoli_Body,0.0533611
305.5459,Collider_Hypoli_Body,0.04644766
305.5571,Collider_Hypoli_Body,0.04249481
305.5679,Collider_Hypoli_Body,0.03898041
305.5789,Collider_Hypoli_Body,0.02699954
305.5902,Collider_Hypoli_Body,0.01258297
305.6013,Collider_Hypoli_Body,0.004427339
305.6124,Collider_Hypoli_Body,0.007631479
305.6235,Collider_Hypoli_Body,0.01452229
305.6346,Collider_Hypoli_Body,0.01920125
305.6458,Collider_Hypoli_Body,0.02249432
305.6572,Collider_Hypoli_Body,0.02791126
305.668,Collider_Hypoli_Body,0.02877953
305.679,Collider_Hypoli_Body,0.04391132
305.6901,Collider_Hypoli_Body,0.05089312
305.7016,Collider_Hypoli_Body,0.06744477
305.7123,Collider_Hypoli_Body,0.07236208
305.7234,Collider_Hypoli_Body,0.07658086
305.7351,Collider_Hypoli_Body,0.08016904
305.7455,Collider_Hypoli_Body,0.07678115
305.757,Collider_Hypoli_Body,0.07340263
305.7678,Collider_Hypoli_Body,0.06855285
305.779,Collider_Hypoli_Body,0.06539779
305.7904,Collider_Hypoli_Body,0.07041087
305.8012,Collider_Hypoli_Body,0.07669899
305.8125,Collider_Hypoli_Body,0.08232094
305.8238,Collider_Hypoli_Body,0.08880638
305.8346,Collider_Hypoli_Body,0.09624226
305.8456,Collider_Hypoli_Body,0.09982908
305.8568,Collider_Hypoli_Body,0.1100711
305.868,Collider_Hypoli_Body,0.1174865
305.8788,Collider_Hypoli_Body,0.1202925
305.8901,Collider_Hypoli_Body,0.1231376
305.901,Collider_Hypoli_Body,0.1301274
305.9124,Collider_Hypoli_Body,0.1392009
305.9234,Collider_Hypoli_Body,0.1359502
305.9345,Collider_Hypoli_Body,0.1400913
305.9455,Collider_Hypoli_Body,0.1403971
305.9568,Collider_Hypoli_Body,0.1367791
305.9677,Collider_Hypoli_Body,0.1370164
305.9788,Collider_Hypoli_Body,0.1384752
305.9906,Collider_Hypoli_Body,0.1399831
306.0011,Collider_Hypoli_Body,0.1387475
306.0122,Collider_Hypoli_Body,0.1373304
306.0233,Collider_Hypoli_Body,0.1311333
306.0344,Collider_Hypoli_Body,0.1265262
306.0455,Collider_Hypoli_Body,0.1183707
306.0572,Collider_Hypoli_Body,0.1112476
306.068,Collider_Hypoli_Body,0.09689849
306.0787,Collider_Hypoli_Body,0.08667323
306.0899,Collider_Hypoli_Body,0.06982923
306.1009,Collider_Hypoli_Body,0.05590749
306.1122,Collider_Hypoli_Body,0.05230035
306.1232,Collider_Hypoli_Body,0.03833176
306.1343,Collider_Hypoli_Body,0.03997226
306.1454,Collider_Hypoli_Body,0.04711844
306.1566,Collider_Hypoli_Body,0.05133262
306.1677,Collider_Hypoli_Body,0.05994985
306.1789,Collider_Hypoli_Body,0.06350506
306.1897,Collider_Hypoli_Body,0.06522795
306.2009,Collider_Hypoli_Body,0.06495536
306.2121,Collider_Hypoli_Body,0.06305133
306.2235,Collider_Hypoli_Body,0.06646695
306.2343,Collider_Hypoli_Body,0.05813023
306.2454,Collider_Hypoli_Body,0.05652361
306.2564,Collider_Hypoli_Body,0.0531141
306.2677,Collider_Hypoli_Body,0.05042069
306.2786,Collider_Hypoli_Body,0.04794265
306.2898,Collider_Hypoli_Body,0.04722951
306.301,Collider_Hypoli_Body,0.03840073
306.3119,Collider_Hypoli_Body,0.03468262
306.3232,Collider_Hypoli_Body,0.03026086
306.3343,Collider_Hypoli_Body,0.01663725
306.3452,Collider_Hypoli_Body,0.0177457
306.3564,Collider_Hypoli_Body,0.02483821
306.3675,Collider_Hypoli_Body,0.03893463
306.3788,Collider_Hypoli_Body,0.05024687
306.3898,Collider_Hypoli_Body,0.05328018
306.4008,Collider_Hypoli_Body,0.05824314
306.4119,Collider_Hypoli_Body,0.05847705
306.4235,Collider_Hypoli_Body,0.05904099
306.4342,Collider_Hypoli_Body,0.06215102
306.4453,Collider_Hypoli_Body,0.06674462
306.4564,Collider_Hypoli_Body,0.07397479
306.4676,Collider_Hypoli_Body,0.0658967
306.4786,Collider_Hypoli_Body,0.0694521
306.4897,Collider_Hypoli_Body,0.06330745
306.5008,Collider_Hypoli_Body,0.06151196
306.512,Collider_Hypoli_Body,0.05864323
306.5231,Collider_Hypoli_Body,0.05846275
306.5342,Collider_Hypoli_Body,0.05943814
306.5453,Collider_Hypoli_Body,0.06244238
306.5565,Collider_Hypoli_Body,0.06045238
306.5674,Collider_Hypoli_Body,0.04959901
306.5783,Collider_Hypoli_Body,0.04530775
306.5896,Collider_Hypoli_Body,0.04589863
306.6007,Collider_Hypoli_Body,0.04796643
306.612,Collider_Hypoli_Body,0.05240827
306.6229,Collider_Hypoli_Body,0.04984296
306.6342,Collider_Hypoli_Body,0.0519831
306.6451,Collider_Hypoli_Body,0.05394356
306.6563,Collider_Hypoli_Body,0.04949353
306.6678,Collider_Hypoli_Body,0.05175984
306.6786,Collider_Hypoli_Body,0.0487323
306.6902,Collider_Hypoli_Body,0.0442947
306.7008,Collider_Hypoli_Body,0.03838828
306.712,Collider_Hypoli_Body,0.03129263
306.723,Collider_Hypoli_Body,0.02561238
306.7339,Collider_Hypoli_Body,0.0222315
306.7451,Collider_Hypoli_Body,0.02385022
306.7562,Collider_Hypoli_Body,0.02183324
306.7672,Collider_Hypoli_Body,0.02176198
306.7785,Collider_Hypoli_Body,0.02238518
306.7895,Collider_Hypoli_Body,0.02335277
306.8007,Collider_Hypoli_Body,0.01975436
306.8117,Collider_Hypoli_Body,0.02127506
306.8229,Collider_Hypoli_Body,0.02344681
306.8339,Collider_Hypoli_Body,0.0305688
306.8452,Collider_Hypoli_Body,0.03419776
306.8563,Collider_Hypoli_Body,0.03763117
306.8673,Collider_Hypoli_Body,0.04128101
306.8784,Collider_Hypoli_Body,0.04821704
306.8896,Collider_Hypoli_Body,0.05173159
306.9007,Collider_Hypoli_Body,0.06148538
306.9123,Collider_Hypoli_Body,0.06520838
306.9228,Collider_Hypoli_Body,0.06887271
306.9338,Collider_Hypoli_Body,0.07362443
306.945,Collider_Hypoli_Body,0.072074
306.9564,Collider_Hypoli_Body,0.07507685
306.9671,Collider_Hypoli_Body,0.07339232
306.9785,Collider_Hypoli_Body,0.07530154
306.9895,Collider_Hypoli_Body,0.07068606
307.0006,Collider_Hypoli_Body,0.06720181
307.0116,Collider_Hypoli_Body,0.06476469
307.0233,Collider_Hypoli_Body,0.06277929
307.0339,Collider_Hypoli_Body,0.05988649
307.045,Collider_Hypoli_Body,0.05714677
307.0562,Collider_Hypoli_Body,0.05007751
307.0674,Collider_Hypoli_Body,0.04246202
307.0783,Collider_Hypoli_Body,0.03992746
307.0896,Collider_Hypoli_Body,0.03768661
307.1007,Collider_Hypoli_Body,0.03832592
307.1115,Collider_Hypoli_Body,0.03906425
307.1228,Collider_Hypoli_Body,0.04282208
307.1338,Collider_Hypoli_Body,0.04251317
307.1449,Collider_Hypoli_Body,0.04115466
307.1563,Collider_Hypoli_Body,0.02987766
307.1672,Collider_Hypoli_Body,0.02170676
307.1783,Collider_Hypoli_Body,0.03265697
307.1895,Collider_Hypoli_Body,0.04316575
307.2006,Collider_Hypoli_Body,0.05507494
307.2117,Collider_Hypoli_Body,0.06368095
307.2234,Collider_Hypoli_Body,0.07589533
307.2337,Collider_Hypoli_Body,0.08039289
307.2451,Collider_Hypoli_Body,0.08994528
307.2561,Collider_Hypoli_Body,0.09832678
307.2672,Collider_Hypoli_Body,0.1048363
307.2782,Collider_Hypoli_Body,0.109742
307.2895,Collider_Hypoli_Body,0.1102237
307.3004,Collider_Hypoli_Body,0.1045215
307.3118,Collider_Hypoli_Body,0.09560208
307.3227,Collider_Hypoli_Body,0.0850387
307.3338,Collider_Hypoli_Body,0.0865768
307.3448,Collider_Hypoli_Body,0.08520685
307.3561,Collider_Hypoli_Body,0.07463578
307.3673,Collider_Hypoli_Body,0.06422792
307.3781,Collider_Hypoli_Body,0.06196432
307.3894,Collider_Hypoli_Body,0.05668659
307.4005,Collider_Hypoli_Body,0.05032055
307.412,Collider_Hypoli_Body,0.0446327
307.4228,Collider_Hypoli_Body,0.04466454
307.4339,Collider_Hypoli_Body,0.04229216
307.4449,Collider_Hypoli_Body,0.03976056
307.4564,Collider_Hypoli_Body,0.0440267
307.4672,Collider_Hypoli_Body,0.0453974
307.4782,Collider_Hypoli_Body,0.04879245
307.4893,Collider_Hypoli_Body,0.05045818
307.5004,Collider_Hypoli_Body,0.05295862
307.5117,Collider_Hypoli_Body,0.05214007
307.5226,Collider_Hypoli_Body,0.05032405
307.5336,Collider_Hypoli_Body,0.05355424
307.5448,Collider_Hypoli_Body,0.04770996
307.5559,Collider_Hypoli_Body,0.04677875
307.567,Collider_Hypoli_Body,0.04120285
307.5782,Collider_Hypoli_Body,0.03906348
307.5894,Collider_Hypoli_Body,0.03694888
307.6004,Collider_Hypoli_Body,0.03793862
307.6118,Collider_Hypoli_Body,0.03990236
307.6228,Collider_Hypoli_Body,0.03657329
307.6336,Collider_Hypoli_Body,0.03249601
307.6448,Collider_Hypoli_Body,0.03605156
307.6561,Collider_Hypoli_Body,0.03689256
307.667,Collider_Hypoli_Body,0.03355816
307.6782,Collider_Hypoli_Body,0.03222306
307.6892,Collider_Hypoli_Body,0.03143593
307.7004,Collider_Hypoli_Body,0.03072879
307.7121,Collider_Hypoli_Body,0.03344734
307.7228,Collider_Hypoli_Body,0.0302904
307.7336,Collider_Hypoli_Body,0.03459701
307.7448,Collider_Hypoli_Body,0.03797907
307.756,Collider_Hypoli_Body,0.03530351
307.7668,Collider_Hypoli_Body,0.03467582
307.7781,Collider_Hypoli_Body,0.03326873
307.7892,Collider_Hypoli_Body,0.02921009
307.8003,Collider_Hypoli_Body,0.03665661
307.8114,Collider_Hypoli_Body,0.03808483
307.8234,Collider_Hypoli_Body,0.03809535
307.8336,Collider_Hypoli_Body,0.03897554
307.8447,Collider_Hypoli_Body,0.02874771
307.8559,Collider_Hypoli_Body,0.02517493
307.867,Collider_Hypoli_Body,0.02039832
307.8781,Collider_Hypoli_Body,0.02063294
307.8891,Collider_Hypoli_Body,0.02700138
307.9002,Collider_Hypoli_Body,0.02376992
307.9113,Collider_Hypoli_Body,0.01651073
307.9225,Collider_Hypoli_Body,0.01630914
307.9336,Collider_Hypoli_Body,0.0176184
307.9448,Collider_Hypoli_Body,0.01704259
307.9563,Collider_Hypoli_Body,0.02156419
307.9668,Collider_Hypoli_Body,0.01822194
307.978,Collider_Hypoli_Body,0.01691667
307.9891,Collider_Hypoli_Body,0.01860997
308.0002,Collider_Hypoli_Body,0.02311626
308.0112,Collider_Hypoli_Body,0.02966257
308.0224,Collider_Hypoli_Body,0.02911208
308.0336,Collider_Hypoli_Body,0.03040695
308.0444,Collider_Hypoli_Body,0.02751086
308.0557,Collider_Hypoli_Body,0.0225661
308.0669,Collider_Hypoli_Body,0.02386914
308.0782,Collider_Hypoli_Body,0.02262921
308.0891,Collider_Hypoli_Body,0.03281905
308.1001,Collider_Hypoli_Body,0.03614373
308.1115,Collider_Hypoli_Body,0.03227536
308.1224,Collider_Hypoli_Body,0.02396248
308.1335,Collider_Hypoli_Body,0.01208157
308.1445,Collider_Hypoli_Body,0.01135199
308.1563,Collider_Hypoli_Body,0.006888892
308.1667,Collider_Hypoli_Body,0.009862511
308.1778,Collider_Hypoli_Body,0.01550915
308.1893,Collider_Hypoli_Body,0.01941747
308.2002,Collider_Hypoli_Body,0.02288723
308.2112,Collider_Hypoli_Body,0.02963924
308.2223,Collider_Hypoli_Body,0.03427829
308.2334,Collider_Hypoli_Body,0.03091764
308.2444,Collider_Hypoli_Body,0.03568616
308.2557,Collider_Hypoli_Body,0.04162363
308.2665,Collider_Hypoli_Body,0.03547407
308.2778,Collider_Hypoli_Body,0.04333631
308.289,Collider_Hypoli_Body,0.03795842
308.3,Collider_Hypoli_Body,0.04534578
308.311,Collider_Hypoli_Body,0.04646132
308.3227,Collider_Hypoli_Body,0.05004435
308.3333,Collider_Hypoli_Body,0.04874556
308.3445,Collider_Hypoli_Body,0.05745245
308.3556,Collider_Hypoli_Body,0.06409267
308.3666,Collider_Hypoli_Body,0.0645476
308.3777,Collider_Hypoli_Body,0.06935456
308.3891,Collider_Hypoli_Body,0.06925344
308.4001,Collider_Hypoli_Body,0.0716437
308.4109,Collider_Hypoli_Body,0.0658785
308.4223,Collider_Hypoli_Body,0.06818095
308.4333,Collider_Hypoli_Body,0.06715877
308.4444,Collider_Hypoli_Body,0.07557867
308.4561,Collider_Hypoli_Body,0.08268193
308.4668,Collider_Hypoli_Body,0.08565927
308.4779,Collider_Hypoli_Body,0.09500401
308.4895,Collider_Hypoli_Body,0.1054888
308.4999,Collider_Hypoli_Body,0.1116038
308.511,Collider_Hypoli_Body,0.1157515
308.5222,Collider_Hypoli_Body,0.1137364
308.5331,Collider_Hypoli_Body,0.1120138
308.5445,Collider_Hypoli_Body,0.1155054
308.5554,Collider_Hypoli_Body,0.1186227
308.5665,Collider_Hypoli_Body,0.1249463
308.5777,Collider_Hypoli_Body,0.1276603
308.5888,Collider_Hypoli_Body,0.1261069
308.6003,Collider_Hypoli_Body,0.1195018
308.6109,Collider_Hypoli_Body,0.1104396
308.6221,Collider_Hypoli_Body,0.1001813
308.6332,Collider_Hypoli_Body,0.08388858
308.6443,Collider_Hypoli_Body,0.06822185
308.6555,Collider_Hypoli_Body,0.0583744
308.6665,Collider_Hypoli_Body,0.04729889
308.6777,Collider_Hypoli_Body,0.03381841
308.6888,Collider_Hypoli_Body,0.01899554
308.6999,Collider_Hypoli_Body,0.004394808
308.7111,Collider_Hypoli_Body,0.01759174
308.7221,Collider_Hypoli_Body,0.0319896
308.7331,Collider_Hypoli_Body,0.03855576
308.7442,Collider_Hypoli_Body,0.03989946
308.7555,Collider_Hypoli_Body,0.03544006
308.7666,Collider_Hypoli_Body,0.03537488
308.7775,Collider_Hypoli_Body,0.03380278
308.7888,Collider_Hypoli_Body,0.03095739
308.8028,Collider_Hypoli_Body,0.03248581
308.811,Collider_Hypoli_Body,0.03313636
308.8222,Collider_Hypoli_Body,0.0286985
308.8332,Collider_Hypoli_Body,0.02563074
308.8442,Collider_Hypoli_Body,0.02338784
308.8554,Collider_Hypoli_Body,0.02078036
308.8665,Collider_Hypoli_Body,0.02310686
308.8776,Collider_Hypoli_Body,0.02921183
308.8888,Collider_Hypoli_Body,0.02920245
308.9,Collider_Hypoli_Body,0.0360845
308.911,Collider_Hypoli_Body,0.03851442
308.9222,Collider_Hypoli_Body,0.04006126
308.9331,Collider_Hypoli_Body,0.04487508
308.9444,Collider_Hypoli_Body,0.04187502
308.9556,Collider_Hypoli_Body,0.03786032
308.9665,Collider_Hypoli_Body,0.03615141
308.9776,Collider_Hypoli_Body,0.03734653
308.9889,Collider_Hypoli_Body,0.03214436
308.9998,Collider_Hypoli_Body,0.03457051
309.0108,Collider_Hypoli_Body,0.03377785
309.022,Collider_Hypoli_Body,0.03218632
309.0331,Collider_Hypoli_Body,0.03134916
309.0442,Collider_Hypoli_Body,0.03244677
309.0555,Collider_Hypoli_Body,0.03003417
309.0666,Collider_Hypoli_Body,0.02844266
309.0777,Collider_Hypoli_Body,0.03072288
309.0887,Collider_Hypoli_Body,0.02595042
309.0998,Collider_Hypoli_Body,0.02822611
309.111,Collider_Hypoli_Body,0.02199989
309.1221,Collider_Hypoli_Body,0.02584587
309.1331,Collider_Hypoli_Body,0.03308014
309.1443,Collider_Hypoli_Body,0.03177993
309.1554,Collider_Hypoli_Body,0.02782423
309.1668,Collider_Hypoli_Body,0.02909307
309.1776,Collider_Hypoli_Body,0.02688891
309.1887,Collider_Hypoli_Body,0.02427813
309.1998,Collider_Hypoli_Body,0.02621568
309.2108,Collider_Hypoli_Body,0.01900649
309.222,Collider_Hypoli_Body,0.02156217
309.2331,Collider_Hypoli_Body,0.01945296
309.2443,Collider_Hypoli_Body,0.02365752
309.2554,Collider_Hypoli_Body,0.0222279
309.267,Collider_Hypoli_Body,0.02778388
309.2775,Collider_Hypoli_Body,0.02694987
309.2887,Collider_Hypoli_Body,0.02168555
309.2997,Collider_Hypoli_Body,0.01679012
309.3109,Collider_Hypoli_Body,0.02182571
309.3222,Collider_Hypoli_Body,0.02331018
309.3331,Collider_Hypoli_Body,0.03642258
309.3441,Collider_Hypoli_Body,0.03357024
309.3552,Collider_Hypoli_Body,0.03251027
309.3665,Collider_Hypoli_Body,0.02297948
309.3777,Collider_Hypoli_Body,0.01884918
309.3892,Collider_Hypoli_Body,0.009875537
309.4002,Collider_Hypoli_Body,0.01201396
309.4106,Collider_Hypoli_Body,0.01476481
309.4218,Collider_Hypoli_Body,0.0175684
309.4329,Collider_Hypoli_Body,0.02270126
309.4441,Collider_Hypoli_Body,0.02749151
309.4551,Collider_Hypoli_Body,0.0300255
309.4664,Collider_Hypoli_Body,0.03541707
309.4774,Collider_Hypoli_Body,0.03529001
309.4884,Collider_Hypoli_Body,0.02736297
309.4995,Collider_Hypoli_Body,0.03486952
309.5106,Collider_Hypoli_Body,0.03101511
309.5219,Collider_Hypoli_Body,0.03228189
309.5328,Collider_Hypoli_Body,0.03165726
309.5439,Collider_Hypoli_Body,0.02329578
309.5551,Collider_Hypoli_Body,0.01882586
309.5663,Collider_Hypoli_Body,0.01462053
309.5774,Collider_Hypoli_Body,0.006876372
309.5883,Collider_Hypoli_Body,0.003282542
309.6001,Collider_Hypoli_Body,0.001874235
309.6106,Collider_Hypoli_Body,0.01139394
309.6217,Collider_Hypoli_Body,0.01646655
309.6328,Collider_Hypoli_Body,0.02339078
309.6439,Collider_Hypoli_Body,0.0263579
309.6552,Collider_Hypoli_Body,0.0320819
309.6662,Collider_Hypoli_Body,0.03161911
309.6772,Collider_Hypoli_Body,0.03213026
309.6889,Collider_Hypoli_Body,0.03565949
309.6994,Collider_Hypoli_Body,0.03509284
309.7106,Collider_Hypoli_Body,0.02819547
309.7218,Collider_Hypoli_Body,0.02888736
309.7328,Collider_Hypoli_Body,0.03034706
309.7438,Collider_Hypoli_Body,0.02908027
309.7551,Collider_Hypoli_Body,0.03034696
309.7661,Collider_Hypoli_Body,0.02846561
309.7776,Collider_Hypoli_Body,0.02855873
309.7885,Collider_Hypoli_Body,0.02891954
309.7996,Collider_Hypoli_Body,0.02873119
309.8105,Collider_Hypoli_Body,0.02185623
309.8221,Collider_Hypoli_Body,0.0271006
309.8329,Collider_Hypoli_Body,0.02309798
309.8441,Collider_Hypoli_Body,0.01825357
309.855,Collider_Hypoli_Body,0.02014332
309.8662,Collider_Hypoli_Body,0.01769419
309.8773,Collider_Hypoli_Body,0.01533695
309.8884,Collider_Hypoli_Body,0.01601303
309.8994,Collider_Hypoli_Body,0.01220599
309.9105,Collider_Hypoli_Body,0.008639437
309.9217,Collider_Hypoli_Body,0.01217991
309.9327,Collider_Hypoli_Body,0.01014959
309.9439,Collider_Hypoli_Body,0.01066346
309.9552,Collider_Hypoli_Body,0.02014822
309.9662,Collider_Hypoli_Body,0.02624319
309.9774,Collider_Hypoli_Body,0.02982658
309.9882,Collider_Hypoli_Body,0.03346607
309.9994,Collider_Hypoli_Body,0.03243647
310.0104,Collider_Hypoli_Body,0.02890201
310.0218,Collider_Hypoli_Body,0.02759217
310.0327,Collider_Hypoli_Body,0.02263162
310.0438,Collider_Hypoli_Body,0.01810583
310.0551,Collider_Hypoli_Body,0.01975243
310.0662,Collider_Hypoli_Body,0.01257145
310.0772,Collider_Hypoli_Body,0.009790511
310.0883,Collider_Hypoli_Body,0.006153127
310.0994,Collider_Hypoli_Body,0.01728844
310.1106,Collider_Hypoli_Body,0.01666225
310.1216,Collider_Hypoli_Body,0.02066789
310.1327,Collider_Hypoli_Body,0.02148872
310.1439,Collider_Hypoli_Body,0.02453578
310.1549,Collider_Hypoli_Body,0.03291304
310.166,Collider_Hypoli_Body,0.03245265
310.1771,Collider_Hypoli_Body,0.03639364
310.1884,Collider_Hypoli_Body,0.04206304
310.1993,Collider_Hypoli_Body,0.03709382
310.2104,Collider_Hypoli_Body,0.0398424
310.2215,Collider_Hypoli_Body,0.03862528
310.2336,Collider_Hypoli_Body,0.04106959
310.2437,Collider_Hypoli_Body,0.03495705
310.2548,Collider_Hypoli_Body,0.0336244
310.2665,Collider_Hypoli_Body,0.03350207
310.2771,Collider_Hypoli_Body,0.02221413
310.2882,Collider_Hypoli_Body,0.02124804
310.2993,Collider_Hypoli_Body,0.01875315
310.3105,Collider_Hypoli_Body,0.01450146
310.3214,Collider_Hypoli_Body,0.01595568
310.3326,Collider_Hypoli_Body,0.02084546
310.3438,Collider_Hypoli_Body,0.02672117
310.3551,Collider_Hypoli_Body,0.02907634
310.366,Collider_Hypoli_Body,0.03360595
310.377,Collider_Hypoli_Body,0.03391857
310.3884,Collider_Hypoli_Body,0.03777291
310.3995,Collider_Hypoli_Body,0.03272071
310.4104,Collider_Hypoli_Body,0.03269304
310.4215,Collider_Hypoli_Body,0.03396259
310.4326,Collider_Hypoli_Body,0.02869502
310.4436,Collider_Hypoli_Body,0.02796543
310.4546,Collider_Hypoli_Body,0.02532196
310.4659,Collider_Hypoli_Body,0.02187044
310.4771,Collider_Hypoli_Body,0.02667686
310.4883,Collider_Hypoli_Body,0.02022464
310.4993,Collider_Hypoli_Body,0.02015396
310.5105,Collider_Hypoli_Body,0.0172573
310.5215,Collider_Hypoli_Body,0.01564023
310.5324,Collider_Hypoli_Body,0.01681256
310.5436,Collider_Hypoli_Body,0.01107032
310.5548,Collider_Hypoli_Body,0.0135957
310.5658,Collider_Hypoli_Body,0.01416724
310.5771,Collider_Hypoli_Body,0.01364367
310.5882,Collider_Hypoli_Body,0.01689591
310.5992,Collider_Hypoli_Body,0.01568717
310.6104,Collider_Hypoli_Body,0.01435567
310.6212,Collider_Hypoli_Body,0.014284
310.6324,Collider_Hypoli_Body,0.01233742
310.6435,Collider_Hypoli_Body,0.008569923
310.6547,Collider_Hypoli_Body,0.01217357
310.6658,Collider_Hypoli_Body,0.01246345
310.677,Collider_Hypoli_Body,0.01995825
310.688,Collider_Hypoli_Body,0.02298482
310.6992,Collider_Hypoli_Body,0.02945293
310.7103,Collider_Hypoli_Body,0.02533326
310.7213,Collider_Hypoli_Body,0.02345493
310.7325,Collider_Hypoli_Body,0.02526655
310.7434,Collider_Hypoli_Body,0.02303249
310.7548,Collider_Hypoli_Body,0.02393024
310.7656,Collider_Hypoli_Body,0.02108971
310.7769,Collider_Hypoli_Body,0.01530851
310.7879,Collider_Hypoli_Body,0.02373051
310.799,Collider_Hypoli_Body,0.02371393
310.8101,Collider_Hypoli_Body,0.01593635
310.8214,Collider_Hypoli_Body,0.01589514
310.8323,Collider_Hypoli_Body,0.01033713
310.8434,Collider_Hypoli_Body,0.01117988
310.8549,Collider_Hypoli_Body,0.01198573
310.8658,Collider_Hypoli_Body,0.008271264
310.8768,Collider_Hypoli_Body,0.01504575
310.8882,Collider_Hypoli_Body,0.01340684
310.8991,Collider_Hypoli_Body,0.01091514
310.91,Collider_Hypoli_Body,0.01479568
310.9215,Collider_Hypoli_Body,0.01059819
310.9323,Collider_Hypoli_Body,0.01115078
310.9436,Collider_Hypoli_Body,0.01211741
310.9545,Collider_Hypoli_Body,0.01937648
310.9657,Collider_Hypoli_Body,0.02716461
310.9768,Collider_Hypoli_Body,0.02693271
310.9877,Collider_Hypoli_Body,0.01971492
310.999,Collider_Hypoli_Body,0.02209062
311.0103,Collider_Hypoli_Body,0.02301243
311.0217,Collider_Hypoli_Body,0.02797218
311.0322,Collider_Hypoli_Body,0.02871853
311.0434,Collider_Hypoli_Body,0.03028087
311.0545,Collider_Hypoli_Body,0.03214465
311.0655,Collider_Hypoli_Body,0.03152152
311.0769,Collider_Hypoli_Body,0.02592778
311.0887,Collider_Hypoli_Body,0.02540905
311.099,Collider_Hypoli_Body,0.02226955
311.11,Collider_Hypoli_Body,0.02075027
311.1212,Collider_Hypoli_Body,0.01745613
311.1324,Collider_Hypoli_Body,0.01090903
311.1432,Collider_Hypoli_Body,0.0109064
311.1545,Collider_Hypoli_Body,0.00788812
311.1654,Collider_Hypoli_Body,0.007867912
311.1765,Collider_Hypoli_Body,0.008702422
311.1877,Collider_Hypoli_Body,0.008702596
311.199,Collider_Hypoli_Body,0.004937232
311.2099,Collider_Hypoli_Body,0.007984498
311.221,Collider_Hypoli_Body,0.007320743
311.232,Collider_Hypoli_Body,0.005499824
311.2432,Collider_Hypoli_Body,0.01116748
311.2543,Collider_Hypoli_Body,0.01312942
311.2655,Collider_Hypoli_Body,0.010481
311.2766,Collider_Hypoli_Body,0.0102788
311.2877,Collider_Hypoli_Body,0.007307276
311.2987,Collider_Hypoli_Body,0.01039492
311.31,Collider_Hypoli_Body,0.007160077
311.3211,Collider_Hypoli_Body,0.008444101
311.3321,Collider_Hypoli_Body,0.01229172
311.3436,Collider_Hypoli_Body,0.01389572
311.3542,Collider_Hypoli_Body,0.01831131
311.3653,Collider_Hypoli_Body,0.02308446
311.3766,Collider_Hypoli_Body,0.02099061
311.3875,Collider_Hypoli_Body,0.01932622
311.3994,Collider_Hypoli_Body,0.009085052
311.4097,Collider_Hypoli_Body,0.0145065
311.4208,Collider_Hypoli_Body,0.0167687
311.432,Collider_Hypoli_Body,0.01820004
311.4431,Collider_Hypoli_Body,0.01292389
311.4542,Collider_Hypoli_Body,0.01745011
311.4653,Collider_Hypoli_Body,0.01980162
311.4767,Collider_Hypoli_Body,0.02072198
311.4875,Collider_Hypoli_Body,0.01862332
311.4986,Collider_Hypoli_Body,0.02026315
311.5107,Collider_Hypoli_Body,0.01702235
311.5209,Collider_Hypoli_Body,0.01433128
311.532,Collider_Hypoli_Body,0.02032152
311.5432,Collider_Hypoli_Body,0.02000788
311.5543,Collider_Hypoli_Body,0.01887604
311.5652,Collider_Hypoli_Body,0.01992256
311.5764,Collider_Hypoli_Body,0.01892727
311.5874,Collider_Hypoli_Body,0.01506471
311.5985,Collider_Hypoli_Body,0.01670214
311.6096,Collider_Hypoli_Body,0.01573266
311.6207,Collider_Hypoli_Body,0.01647094
311.6319,Collider_Hypoli_Body,0.01929551
311.643,Collider_Hypoli_Body,0.01926904
311.654,Collider_Hypoli_Body,0.02082528
311.6653,Collider_Hypoli_Body,0.01943949
311.6765,Collider_Hypoli_Body,0.02009582
311.6873,Collider_Hypoli_Body,0.02043895
311.6986,Collider_Hypoli_Body,0.02672909
311.7097,Collider_Hypoli_Body,0.02339939
311.7209,Collider_Hypoli_Body,0.02930256
311.7319,Collider_Hypoli_Body,0.02617042
311.7429,Collider_Hypoli_Body,0.02686943
311.7543,Collider_Hypoli_Body,0.02611492
311.7652,Collider_Hypoli_Body,0.02868272
311.7761,Collider_Hypoli_Body,0.03048241
311.7874,Collider_Hypoli_Body,0.0287026
311.7984,Collider_Hypoli_Body,0.03137612
311.8095,Collider_Hypoli_Body,0.03020417
311.8206,Collider_Hypoli_Body,0.02789632
311.8317,Collider_Hypoli_Body,0.02603285
311.8428,Collider_Hypoli_Body,0.02336918
311.8539,Collider_Hypoli_Body,0.01773669
311.8651,Collider_Hypoli_Body,0.02024811
311.8765,Collider_Hypoli_Body,0.01758286
311.8874,Collider_Hypoli_Body,0.01300573
311.8985,Collider_Hypoli_Body,0.00800442
311.9095,Collider_Hypoli_Body,0.01068178
311.9206,Collider_Hypoli_Body,0.01098516
311.9317,Collider_Hypoli_Body,0.01122799
311.9427,Collider_Hypoli_Body,0.01607648
311.9544,Collider_Hypoli_Body,0.01810582
311.9648,Collider_Hypoli_Body,0.01358127
311.9762,Collider_Hypoli_Body,0.01853559
311.9874,Collider_Hypoli_Body,0.01733498
311.9983,Collider_Hypoli_Body,0.02192617
312.0093,Collider_Hypoli_Body,0.02807108
312.0207,Collider_Hypoli_Body,0.03272776
312.0318,Collider_Hypoli_Body,0.04299396
312.0428,Collider_Hypoli_Body,0.04746836
312.054,Collider_Hypoli_Body,0.04547572
312.0653,Collider_Hypoli_Body,0.03787513
312.076,Collider_Hypoli_Body,0.03313011
312.0871,Collider_Hypoli_Body,0.03024976
312.0982,Collider_Hypoli_Body,0.02670916
312.1093,Collider_Hypoli_Body,0.03460542
312.1206,Collider_Hypoli_Body,0.03640654
312.1317,Collider_Hypoli_Body,0.04031616
312.1427,Collider_Hypoli_Body,0.04528992
312.1537,Collider_Hypoli_Body,0.04446385
312.1695,Collider_Hypoli_Body,0.04651688
312.1774,Collider_Hypoli_Body,0.04387406
312.1858,Collider_Hypoli_Body,0.04154677
312.1949,Collider_Hypoli_Body,0.04147234
312.2061,Collider_Hypoli_Body,0.04025611
312.2172,Collider_Hypoli_Body,0.03684967
312.2282,Collider_Hypoli_Body,0.03130653
312.2394,Collider_Hypoli_Body,0.02355906
312.2505,Collider_Hypoli_Body,0.01642537
312.2616,Collider_Hypoli_Body,0.01459486
312.2729,Collider_Hypoli_Body,0.01180025
312.2839,Collider_Hypoli_Body,0.007283029
312.295,Collider_Hypoli_Body,0.005703079
312.3062,Collider_Hypoli_Body,0.01968548
312.3171,Collider_Hypoli_Body,0.02596951
312.3283,Collider_Hypoli_Body,0.02944191
312.3395,Collider_Hypoli_Body,0.03432365
312.3506,Collider_Hypoli_Body,0.03482245
312.3617,Collider_Hypoli_Body,0.03421761
312.3728,Collider_Hypoli_Body,0.04014624
312.3838,Collider_Hypoli_Body,0.04349653
312.3948,Collider_Hypoli_Body,0.04848891
312.4061,Collider_Hypoli_Body,0.05336296
312.4171,Collider_Hypoli_Body,0.05355262
312.4283,Collider_Hypoli_Body,0.04850284
312.4395,Collider_Hypoli_Body,0.04954844
312.4504,Collider_Hypoli_Body,0.04629744
312.4615,Collider_Hypoli_Body,0.03940948
312.4725,Collider_Hypoli_Body,0.04045431
312.4837,Collider_Hypoli_Body,0.03247886
312.4949,Collider_Hypoli_Body,0.02865361
312.506,Collider_Hypoli_Body,0.02247886
312.517,Collider_Hypoli_Body,0.02303455
312.5284,Collider_Hypoli_Body,0.0212681
312.5398,Collider_Hypoli_Body,0.01502287
312.5509,Collider_Hypoli_Body,0.008871028
312.5622,Collider_Hypoli_Body,0.004697833
312.5735,Collider_Hypoli_Body,0.006985289
312.5847,Collider_Hypoli_Body,0.003463493
312.5961,Collider_Hypoli_Body,0.01052287
312.6075,Collider_Hypoli_Body,0.01066939
312.6187,Collider_Hypoli_Body,0.01791465
312.6301,Collider_Hypoli_Body,0.01656602
312.6412,Collider_Hypoli_Body,0.01808062
312.6525,Collider_Hypoli_Body,0.01788672
312.6639,Collider_Hypoli_Body,0.02134485
312.6752,Collider_Hypoli_Body,0.02734143
312.6863,Collider_Hypoli_Body,0.03063823
312.6976,Collider_Hypoli_Body,0.03851581
312.7087,Collider_Hypoli_Body,0.04507935
312.7201,Collider_Hypoli_Body,0.03983944
312.7311,Collider_Hypoli_Body,0.03682236
312.7424,Collider_Hypoli_Body,0.04045859
312.7534,Collider_Hypoli_Body,0.03823829
312.7646,Collider_Hypoli_Body,0.04020664
312.7756,Collider_Hypoli_Body,0.04247687
312.7868,Collider_Hypoli_Body,0.04969051
312.7984,Collider_Hypoli_Body,0.05408593
312.809,Collider_Hypoli_Body,0.05473823
312.8201,Collider_Hypoli_Body,0.05249416
312.8312,Collider_Hypoli_Body,0.05174264
312.8422,Collider_Hypoli_Body,0.05031888
312.8535,Collider_Hypoli_Body,0.0499173
312.8645,Collider_Hypoli_Body,0.0532212
312.8761,Collider_Hypoli_Body,0.04988845
312.8867,Collider_Hypoli_Body,0.05574931
312.8978,Collider_Hypoli_Body,0.05170032
312.9089,Collider_Hypoli_Body,0.04511406
312.9204,Collider_Hypoli_Body,0.04135996
312.9312,Collider_Hypoli_Body,0.04182411
312.9422,Collider_Hypoli_Body,0.0357057
312.9536,Collider_Hypoli_Body,0.02967093
312.9644,Collider_Hypoli_Body,0.02080355
312.9758,Collider_Hypoli_Body,0.009189974
312.9866,Collider_Hypoli_Body,0.01068744
312.9979,Collider_Hypoli_Body,0.009136833
313.0088,Collider_Hypoli_Body,0.005542363
313.0201,Collider_Hypoli_Body,0.003007568
313.0311,Collider_Hypoli_Body,0.007705854
313.0422,Collider_Hypoli_Body,0.01094209
313.0534,Collider_Hypoli_Body,0.01334225
313.0644,Collider_Hypoli_Body,0.02179327
313.0754,Collider_Hypoli_Body,0.02600728
313.0869,Collider_Hypoli_Body,0.02686805
313.0978,Collider_Hypoli_Body,0.03088877
313.1089,Collider_Hypoli_Body,0.02788447
313.1199,Collider_Hypoli_Body,0.03103508
313.131,Collider_Hypoli_Body,0.03033398
313.1421,Collider_Hypoli_Body,0.03410129
313.1532,Collider_Hypoli_Body,0.0277719
313.1642,Collider_Hypoli_Body,0.02028431
313.1756,Collider_Hypoli_Body,0.01813959
313.187,Collider_Hypoli_Body,0.01851191
313.1976,Collider_Hypoli_Body,0.01569962
313.209,Collider_Hypoli_Body,0.01170754
313.2198,Collider_Hypoli_Body,0.0111361
313.2309,Collider_Hypoli_Body,0.01070603
313.242,Collider_Hypoli_Body,0.01011053
313.2532,Collider_Hypoli_Body,0.01588949
313.2642,Collider_Hypoli_Body,0.01055114
313.2755,Collider_Hypoli_Body,0.01246562
313.2864,Collider_Hypoli_Body,0.01534892
313.2976,Collider_Hypoli_Body,0.01751583
313.3088,Collider_Hypoli_Body,0.02250655
313.3199,Collider_Hypoli_Body,0.01948874
313.3309,Collider_Hypoli_Body,0.02354243
313.3421,Collider_Hypoli_Body,0.02252464
313.3531,Collider_Hypoli_Body,0.01675783
313.3643,Collider_Hypoli_Body,0.01951541
313.3754,Collider_Hypoli_Body,0.02115872
313.3866,Collider_Hypoli_Body,0.02634737
313.3976,Collider_Hypoli_Body,0.02743384
313.4085,Collider_Hypoli_Body,0.03370606
313.4198,Collider_Hypoli_Body,0.03354427
313.4308,Collider_Hypoli_Body,0.03124965
313.4419,Collider_Hypoli_Body,0.03127317
313.4532,Collider_Hypoli_Body,0.02627565
313.4642,Collider_Hypoli_Body,0.02399531
313.4752,Collider_Hypoli_Body,0.02733125
313.4864,Collider_Hypoli_Body,0.02278777
313.4976,Collider_Hypoli_Body,0.02388464
313.5085,Collider_Hypoli_Body,0.02426399
313.5197,Collider_Hypoli_Body,0.02533555
313.5307,Collider_Hypoli_Body,0.0275522
313.5423,Collider_Hypoli_Body,0.0289632
313.5532,Collider_Hypoli_Body,0.03741798
313.5641,Collider_Hypoli_Body,0.03667153
313.5758,Collider_Hypoli_Body,0.03504215
313.5863,Collider_Hypoli_Body,0.0386015
313.5976,Collider_Hypoli_Body,0.04353372
313.6085,Collider_Hypoli_Body,0.03763961
313.6196,Collider_Hypoli_Body,0.03945999
313.6308,Collider_Hypoli_Body,0.03132762
313.6418,Collider_Hypoli_Body,0.0328672
313.6529,Collider_Hypoli_Body,0.027541
313.664,Collider_Hypoli_Body,0.02017324
313.6752,Collider_Hypoli_Body,0.01288904
313.6864,Collider_Hypoli_Body,0.006239212
313.6973,Collider_Hypoli_Body,0.005536327
313.7084,Collider_Hypoli_Body,0.006553539
313.7196,Collider_Hypoli_Body,0.005896885
313.7306,Collider_Hypoli_Body,0.007536964
313.7419,Collider_Hypoli_Body,0.008140253
313.7529,Collider_Hypoli_Body,0.01036544
313.7641,Collider_Hypoli_Body,0.01286001
313.7751,Collider_Hypoli_Body,0.01850592
313.7862,Collider_Hypoli_Body,0.01462747
313.7973,Collider_Hypoli_Body,0.01503154
313.8084,Collider_Hypoli_Body,0.02101332
313.8195,Collider_Hypoli_Body,0.02353195
313.8307,Collider_Hypoli_Body,0.02114314
313.842,Collider_Hypoli_Body,0.01994447
313.8528,Collider_Hypoli_Body,0.0171122
313.864,Collider_Hypoli_Body,0.01705974
313.8751,Collider_Hypoli_Body,0.01699095
313.8865,Collider_Hypoli_Body,0.0128418
313.8973,Collider_Hypoli_Body,0.01572604
313.9083,Collider_Hypoli_Body,0.0114574
313.9194,Collider_Hypoli_Body,0.01743923
313.9304,Collider_Hypoli_Body,0.0159513
313.9416,Collider_Hypoli_Body,0.01671321
313.9527,Collider_Hypoli_Body,0.01640403
313.9639,Collider_Hypoli_Body,0.01685145
313.9751,Collider_Hypoli_Body,0.01630177
313.9861,Collider_Hypoli_Body,0.01340636
313.9973,Collider_Hypoli_Body,0.01310769
314.0083,Collider_Hypoli_Body,0.01733931
314.0195,Collider_Hypoli_Body,0.01957582
314.0304,Collider_Hypoli_Body,0.02004503
314.0418,Collider_Hypoli_Body,0.0233497
314.0527,Collider_Hypoli_Body,0.01991483
314.0642,Collider_Hypoli_Body,0.01033674
314.0751,Collider_Hypoli_Body,0.009155186
314.086,Collider_Hypoli_Body,0.01204028
314.0971,Collider_Hypoli_Body,0.01588367
314.1082,Collider_Hypoli_Body,0.01403411
314.1194,Collider_Hypoli_Body,0.01239577
314.1305,Collider_Hypoli_Body,0.01672543
314.1417,Collider_Hypoli_Body,0.0209797
314.1527,Collider_Hypoli_Body,0.02277448
314.164,Collider_Hypoli_Body,0.02257214
314.175,Collider_Hypoli_Body,0.02235992
314.186,Collider_Hypoli_Body,0.01762105
314.197,Collider_Hypoli_Body,0.02399549
314.2081,Collider_Hypoli_Body,0.02454226
314.2193,Collider_Hypoli_Body,0.03086041
314.231,Collider_Hypoli_Body,0.03068795
314.2416,Collider_Hypoli_Body,0.03321308
314.2525,Collider_Hypoli_Body,0.0346172
314.2639,Collider_Hypoli_Body,0.03323314
314.2748,Collider_Hypoli_Body,0.03502126
314.286,Collider_Hypoli_Body,0.03439633
314.297,Collider_Hypoli_Body,0.02776183
314.3084,Collider_Hypoli_Body,0.01881884
314.3192,Collider_Hypoli_Body,0.01431348
314.3305,Collider_Hypoli_Body,0.01502169
314.3415,Collider_Hypoli_Body,0.01265386
314.3525,Collider_Hypoli_Body,0.01599021
314.3637,Collider_Hypoli_Body,0.0139094
314.3747,Collider_Hypoli_Body,0.01698477
314.3863,Collider_Hypoli_Body,0.01608012
314.3972,Collider_Hypoli_Body,0.0169976
314.4083,Collider_Hypoli_Body,0.02013504
314.4193,Collider_Hypoli_Body,0.01590748
314.4303,Collider_Hypoli_Body,0.01731233
314.4414,Collider_Hypoli_Body,0.01787555
314.4526,Collider_Hypoli_Body,0.01604469
314.4637,Collider_Hypoli_Body,0.01547901
314.4747,Collider_Hypoli_Body,0.01319406
314.486,Collider_Hypoli_Body,0.01306359
314.4968,Collider_Hypoli_Body,0.01185136
314.5081,Collider_Hypoli_Body,0.01041747
314.519,Collider_Hypoli_Body,0.01426295
314.5303,Collider_Hypoli_Body,0.009684587
314.5414,Collider_Hypoli_Body,0.013924
314.5525,Collider_Hypoli_Body,0.01711848
314.5638,Collider_Hypoli_Body,0.01062001
314.5747,Collider_Hypoli_Body,0.01626756
314.5863,Collider_Hypoli_Body,0.0140351
314.597,Collider_Hypoli_Body,0.01824909
314.608,Collider_Hypoli_Body,0.01348025
314.6191,Collider_Hypoli_Body,0.01289899
314.6302,Collider_Hypoli_Body,0.01250494
314.6412,Collider_Hypoli_Body,0.0160597
314.6529,Collider_Hypoli_Body,0.01829551
314.6635,Collider_Hypoli_Body,0.01876258
314.6745,Collider_Hypoli_Body,0.01923069
314.6857,Collider_Hypoli_Body,0.02531115
314.6968,Collider_Hypoli_Body,0.02722906
314.7079,Collider_Hypoli_Body,0.02990253
314.7188,Collider_Hypoli_Body,0.03274767
314.7301,Collider_Hypoli_Body,0.02691495
314.7412,Collider_Hypoli_Body,0.02960046
314.7523,Collider_Hypoli_Body,0.02671421
314.7634,Collider_Hypoli_Body,0.03127607
314.7747,Collider_Hypoli_Body,0.02100625
314.7857,Collider_Hypoli_Body,0.01638619
314.7969,Collider_Hypoli_Body,0.008612263
314.8078,Collider_Hypoli_Body,0.007168319
314.8189,Collider_Hypoli_Body,0.01371445
314.83,Collider_Hypoli_Body,0.01850671
314.8411,Collider_Hypoli_Body,0.02018224
314.8522,Collider_Hypoli_Body,0.02704716
314.8634,Collider_Hypoli_Body,0.03264228
314.8745,Collider_Hypoli_Body,0.03808717
314.8858,Collider_Hypoli_Body,0.04627391
314.8968,Collider_Hypoli_Body,0.05146504
314.9077,Collider_Hypoli_Body,0.05305377
314.9189,Collider_Hypoli_Body,0.05508267
314.9302,Collider_Hypoli_Body,0.05550164
314.9413,Collider_Hypoli_Body,0.05808647
314.9524,Collider_Hypoli_Body,0.06096647
314.9634,Collider_Hypoli_Body,0.06191125
314.9745,Collider_Hypoli_Body,0.05586644
314.9857,Collider_Hypoli_Body,0.05132964
314.9966,Collider_Hypoli_Body,0.03938305
315.0078,Collider_Hypoli_Body,0.03038608
315.0188,Collider_Hypoli_Body,0.03167485
315.0299,Collider_Hypoli_Body,0.02338353
315.041,Collider_Hypoli_Body,0.01679699
315.0522,Collider_Hypoli_Body,0.0117715
315.0632,Collider_Hypoli_Body,0.006624127
315.0744,Collider_Hypoli_Body,0.007751369
315.0855,Collider_Hypoli_Body,0.01141519
315.0965,Collider_Hypoli_Body,0.01438047
315.1078,Collider_Hypoli_Body,0.01092624
315.1187,Collider_Hypoli_Body,0.01379518
315.13,Collider_Hypoli_Body,0.01175425
315.141,Collider_Hypoli_Body,0.01619255
315.1521,Collider_Hypoli_Body,0.014769
315.1632,Collider_Hypoli_Body,0.01448021
315.1751,Collider_Hypoli_Body,0.0158208
315.1854,Collider_Hypoli_Body,0.01769166
315.1965,Collider_Hypoli_Body,0.01914331
315.2077,Collider_Hypoli_Body,0.02305506
315.2188,Collider_Hypoli_Body,0.02120908
315.2298,Collider_Hypoli_Body,0.02151606
315.2409,Collider_Hypoli_Body,0.02612109
315.252,Collider_Hypoli_Body,0.02762866
315.2631,Collider_Hypoli_Body,0.03177211
315.2743,Collider_Hypoli_Body,0.02799173
315.2854,Collider_Hypoli_Body,0.03189285
315.2965,Collider_Hypoli_Body,0.03045028
315.3077,Collider_Hypoli_Body,0.0338487
315.3192,Collider_Hypoli_Body,0.03392119
315.3299,Collider_Hypoli_Body,0.03044913
315.3409,Collider_Hypoli_Body,0.02751081
315.352,Collider_Hypoli_Body,0.03682519
315.3632,Collider_Hypoli_Body,0.03509551
315.3741,Collider_Hypoli_Body,0.03209616
315.3853,Collider_Hypoli_Body,0.03252056
315.3966,Collider_Hypoli_Body,0.03144381
315.4076,Collider_Hypoli_Body,0.02776949
315.419,Collider_Hypoli_Body,0.02278364
315.4302,Collider_Hypoli_Body,0.01410931
315.441,Collider_Hypoli_Body,0.006672939
315.452,Collider_Hypoli_Body,0.004859507
315.4632,Collider_Hypoli_Body,0.01124103
315.4742,Collider_Hypoli_Body,0.01778951
315.4854,Collider_Hypoli_Body,0.02545296
315.4969,Collider_Hypoli_Body,0.03016165
315.5077,Collider_Hypoli_Body,0.03423961
315.5186,Collider_Hypoli_Body,0.03827427
315.5298,Collider_Hypoli_Body,0.05111309
315.5408,Collider_Hypoli_Body,0.054827
315.552,Collider_Hypoli_Body,0.06763954
315.5631,Collider_Hypoli_Body,0.07973383
315.5742,Collider_Hypoli_Body,0.0912916
315.5855,Collider_Hypoli_Body,0.106859
315.5964,Collider_Hypoli_Body,0.1114736
315.6075,Collider_Hypoli_Body,0.1283396
315.6185,Collider_Hypoli_Body,0.1441898
315.6297,Collider_Hypoli_Body,0.1642959
315.6408,Collider_Hypoli_Body,0.1781155
315.6521,Collider_Hypoli_Body,0.1944971
315.6631,Collider_Hypoli_Body,0.2109818
315.6743,Collider_Hypoli_Body,0.2306478
315.6856,Collider_Hypoli_Body,0.2549704
315.6963,Collider_Hypoli_Body,0.2746761
315.7074,Nullreference,0.2927102
315.7186,Nullreference,0.313823
315.7297,Nullreference,0.3288605
315.7411,Nullreference,0.3513199
315.7519,Nullreference,0.3730891
315.7631,Nullreference,0.387914
315.7741,Nullreference,0.4087085
315.7856,Nullreference,0.4215674
315.7964,Nullreference,0.4256697
315.8078,Nullreference,0.4223414
315.8186,Nullreference,0.4279836
315.8297,Nullreference,0.4352143
315.8412,Nullreference,0.4496186
315.8519,Nullreference,0.4652082
315.8631,Nullreference,0.4866571
315.8743,Nullreference,0.513855
315.8853,Nullreference,0.5389016
315.8965,Nullreference,0.5575783
315.9075,Nullreference,0.553911
315.9185,Nullreference,0.5401633
315.9299,Nullreference,0.5454119
315.9408,Nullreference,0.5451434
315.9522,Nullreference,0.537158
315.963,Nullreference,0.5445417
315.974,Nullreference,0.5501822
315.9852,Nullreference,0.5666646
315.9963,Nullreference,0.5786828
316.0074,Nullreference,0.5867892
316.0185,Nullreference,0.5724333
316.0296,Nullreference,0.555559
316.0407,Nullreference,0.5405946
316.0521,Nullreference,0.5307794
316.063,Nullreference,0.5201176
316.074,Nullreference,0.5026276
316.0851,Nullreference,0.4759998
316.0965,Nullreference,0.4486243
316.1074,Nullreference,0.4232716
316.1185,Nullreference,0.3940471
316.1294,Nullreference,0.3743156
316.1407,Nullreference,0.3603487
316.1518,Nullreference,0.3533687
316.1628,Nullreference,0.3442585
316.174,Nullreference,0.3281496
316.185,Nullreference,0.3059376
316.1964,Nullreference,0.2873258
316.2073,Nullreference,0.2842702
316.2184,Nullreference,0.2830031
316.2302,Nullreference,0.2879972
316.2407,Nullreference,0.2958181
316.2517,Nullreference,0.2929303
316.2627,Nullreference,0.2692431
316.2739,Nullreference,0.2439796
316.2851,Nullreference,0.2286149
316.2961,Nullreference,0.2192358
316.3078,Nullreference,0.2064418
316.3183,Nullreference,0.1820094
316.3296,Nullreference,0.1651004
316.3406,Nullreference,0.1566731
316.3517,Nullreference,0.1603719
316.3629,Nullreference,0.1805812
316.3739,Nullreference,0.1996024
316.3849,Collider_Hypoli_Body,0.2284949
316.3963,Collider_Hypoli_Body,0.2668217
316.4078,Collider_Hypoli_Body,0.3095046
316.4186,Collider_Hypoli_Body,0.3681491
316.4295,Collider_Hypoli_Body,0.4233878
316.4405,Collider_Hypoli_Body,0.4687315
316.4516,Collider_Hypoli_Body,0.5130374
316.4628,Collider_Hypoli_Body,0.5475294
316.474,Collider_Hypoli_Body,0.5957671
316.4851,Collider_Hypoli_Body,0.6486257
316.4961,Collider_Hypoli_Body,0.6841763
316.5073,Collider_Hypoli_Body,0.7148946
316.5185,Nullreference,0.7485261
316.5294,Collider_Hypoli_Body,0.7851919
316.5412,Collider_Hypoli_Body,0.8056778
316.5515,Collider_Hypoli_Body,0.8024855
316.5628,Nullreference,0.7990146
316.5738,Nullreference,0.7968307
316.5851,Nullreference,0.7824871
316.5961,Nullreference,0.7515638
316.607,Nullreference,0.7387471
316.6182,Nullreference,0.7227125
316.6294,Nullreference,0.6961694
316.6408,Nullreference,0.6818057
316.6516,Nullreference,0.6671422
316.6631,Nullreference,0.6487599
316.6737,Nullreference,0.6316872
316.6849,Nullreference,0.6182233
316.6961,Nullreference,0.607243
316.7071,Nullreference,0.5907845
316.7182,Nullreference,0.5800008
316.7293,Nullreference,0.5764157
316.7404,Nullreference,0.5616195
316.7516,Nullreference,0.5451884
316.7628,Nullreference,0.5325618
316.7739,Nullreference,0.5242299
316.7851,Nullreference,0.5141061
316.7962,Nullreference,0.4957702
316.8072,Nullreference,0.4919841
316.8182,Nullreference,0.4895337
316.83,Nullreference,0.490496
316.8404,Nullreference,0.4858582
316.8517,Nullreference,0.4853112
316.8626,Nullreference,0.4873064
316.8737,Nullreference,0.4946709
316.8848,Nullreference,0.4971025
316.896,Nullreference,0.5022185
316.9075,Nullreference,0.5136291
316.9182,Nullreference,0.520516
316.9292,Nullreference,0.5222415
316.9405,Nullreference,0.5146472
316.9516,Nullreference,0.5065225
316.9625,Nullreference,0.4976268
316.9738,Nullreference,0.4789487
316.9852,Nullreference,0.4640372
316.996,Nullreference,0.4416702
317.007,Nullreference,0.4279362
317.0182,Nullreference,0.4162695
317.0293,Nullreference,0.4078235
317.0404,Nullreference,0.4052652
317.0515,Nullreference,0.3980477
317.0627,Nullreference,0.3999237
317.0737,Nullreference,0.4018373
317.0847,Nullreference,0.4030994
317.096,Nullreference,0.4045636
317.1072,Nullreference,0.4044117
317.1182,Nullreference,0.4124545
317.1292,Nullreference,0.4069404
317.1404,Nullreference,0.4059022
317.1516,Nullreference,0.3962843
317.1624,Nullreference,0.3845471
317.1737,Nullreference,0.374209
317.1852,Nullreference,0.3538449
317.196,Nullreference,0.3398429
317.2072,Nullreference,0.3166848
317.2181,Nullreference,0.3029378
317.2292,Nullreference,0.2908815
317.2404,Nullreference,0.2785102
317.2515,Nullreference,0.2759684
317.2627,Nullreference,0.2796701
317.2737,Nullreference,0.2856331
317.2847,Nullreference,0.3022158
317.2959,Nullreference,0.2994492
317.3076,Nullreference,0.2926018
317.3182,Nullreference,0.2790349
317.3292,Nullreference,0.2655031
317.3404,Nullreference,0.2513838
317.3512,Nullreference,0.2402996
317.3625,Nullreference,0.2319292
317.3736,Nullreference,0.2165267
317.3848,Nullreference,0.1992345
317.3964,Nullreference,0.1829359
317.4067,Nullreference,0.1711253
317.4185,Nullreference,0.1552518
317.4286,Nullreference,0.1375003
317.4397,Nullreference,0.1098705
317.4509,Nullreference,0.0710894
317.4619,Nullreference,0.03908745
317.4731,Nullreference,0.03416423
317.4841,Nullreference,0.0727485
317.4952,Nullreference,0.1088894
317.5063,Nullreference,0.1466117
317.5174,Nullreference,0.1869828
317.5286,Nullreference,0.2341108
317.5397,Nullreference,0.265445
317.5508,Nullreference,0.2972345
317.562,Nullreference,0.3314339
317.5731,Nullreference,0.3644996
317.5842,Nullreference,0.393885
317.5954,Nullreference,0.4317999
317.6063,Nullreference,0.4704824
317.6174,Nullreference,0.51979
317.6286,Nullreference,0.5650464
317.6398,Nullreference,0.6041501
317.6506,Nullreference,0.6356751
317.6618,Nullreference,0.6709544
317.6731,Nullreference,0.7059112
317.6839,Nullreference,0.7590935
317.6952,Nullreference,0.8034137
317.7062,Nullreference,0.8325471
317.7178,Nullreference,0.8674895
317.7285,Nullreference,0.895725
317.7395,Nullreference,0.934321
317.7505,Nullreference,0.9596084
317.7617,Nullreference,0.9861222
317.7728,Nullreference,1.010815
317.7838,Nullreference,1.022817
317.795,Nullreference,1.029394
317.806,Nullreference,1.031488
317.8171,Nullreference,1.028895
317.8283,Nullreference,1.017684
317.8393,Nullreference,1.008832
317.8505,Nullreference,0.9940041
317.8616,Nullreference,0.9722314
317.8727,Nullreference,0.9575745
317.8837,Nullreference,0.933426
317.8949,Nullreference,0.9064943
317.906,Nullreference,0.8779836
317.9176,Nullreference,0.8468671
317.9283,Nullreference,0.8153071
317.9393,Nullreference,0.777905
317.9504,Nullreference,0.745295
317.9616,Nullreference,0.7049838
317.9726,Nullreference,0.6595262
317.9836,Nullreference,0.6183342
317.9948,Nullreference,0.5721791
318.0087,Nullreference,0.5317866
318.0169,Nullreference,0.4838153
318.0285,Nullreference,0.4459106
318.0393,Nullreference,0.3939002
318.0502,Nullreference,0.3485477
318.0616,Nullreference,0.3059657
318.0725,Nullreference,0.2635851
318.0836,Nullreference,0.2234925
318.0947,Nullreference,0.1828264
318.1065,Nullreference,0.1452547
318.1169,Nullreference,0.1103175
318.1279,Nullreference,0.07810102
318.1394,Nullreference,0.06318766
318.1503,Nullreference,0.08002307
318.1613,Nullreference,0.1151063
318.1725,Nullreference,0.1645273
318.1835,Nullreference,0.232276
318.1949,Nullreference,0.2995746
318.2058,Nullreference,0.3787945
318.2169,Nullreference,0.4456927
318.2281,Nullreference,0.5291052
318.2391,Nullreference,0.6080997
318.2506,Nullreference,0.6912225
318.2614,Nullreference,0.7753118
318.2726,Nullreference,0.8593321
318.2835,Nullreference,0.9481191
318.2948,Nullreference,1.029374
318.3058,Nullreference,1.126131
318.3169,Nullreference,1.200786
318.3281,Nullreference,1.288425
318.3395,Nullreference,1.378349
318.3503,Nullreference,1.447453
318.3614,Nullreference,1.524626
318.3725,Nullreference,1.590301
318.3836,Nullreference,1.66837
318.3948,Nullreference,1.735201
318.4059,Nullreference,1.807701
318.4171,Nullreference,1.866669
318.4282,Nullreference,1.912282
318.4394,Nullreference,1.961488
318.4504,Nullreference,1.992672
318.4619,Nullreference,2.025987
318.4727,Nullreference,2.046985
318.4839,Nullreference,2.070562
318.495,Nullreference,2.085907
318.5062,Nullreference,2.100703
318.5172,Nullreference,2.108441
318.5284,Nullreference,2.110331
318.5392,Nullreference,2.115227
318.5504,Nullreference,2.118667
318.562,Nullreference,2.114192
318.5727,Nullreference,2.113326
318.5837,Nullreference,2.100326
318.5951,Nullreference,2.085106
318.6062,Nullreference,2.063805
318.6173,Nullreference,2.046711
318.6284,Nullreference,2.015355
318.6393,Nullreference,1.994872
318.6505,Nullreference,1.957498
318.662,Nullreference,1.928372
318.6728,Nullreference,1.886843
318.684,Nullreference,1.843439
318.6949,Nullreference,1.806711
318.7061,Nullreference,1.761384
318.7173,Nullreference,1.725286
318.7283,Nullreference,1.680532
318.7395,Nullreference,1.636224
318.7506,Nullreference,1.604364
318.7619,Nullreference,1.554064
318.7727,Nullreference,1.518919
318.7838,Nullreference,1.471599
318.7955,Nullreference,1.43337
318.8061,Nullreference,1.38887
318.8171,Nullreference,1.343278
318.8282,Nullreference,1.305356
318.8399,Nullreference,1.263456
318.8504,Nullreference,1.232577
318.8615,Nullreference,1.196412
318.8727,Nullreference,1.169832
318.8837,Nullreference,1.135775
318.8951,Nullreference,1.102422
318.9059,Nullreference,1.069998
318.9171,Nullreference,1.036902
318.9284,Nullreference,1.012334
318.9403,Nullreference,0.9816042
318.9509,Nullreference,0.9586558
318.9616,Nullreference,0.921823
318.9727,Nullreference,0.8981483
318.9837,Nullreference,0.8697433
318.9949,Nullreference,0.8470014
319.0062,Nullreference,0.8213737
319.0175,Nullreference,0.7948213
319.0284,Nullreference,0.7665535
319.0395,Nullreference,0.7426347
319.051,Nullreference,0.7191169
319.0615,Nullreference,0.700411
319.0726,Nullreference,0.6821778
319.0836,Nullreference,0.6621673
319.0949,Nullreference,0.6429995
319.106,Nullreference,0.625365
319.1172,Nullreference,0.6014228
319.1284,Nullreference,0.5835165
319.1393,Nullreference,0.5677878
319.1504,Nullreference,0.5473492
319.1616,Nullreference,0.538142
319.1726,Nullreference,0.5205462
319.1838,Nullreference,0.5112923
319.1949,Nullreference,0.4950779
319.2061,Nullreference,0.47942
319.2172,Nullreference,0.4676799
319.2283,Nullreference,0.4575518
319.2396,Nullreference,0.4498758
319.2505,Nullreference,0.4367093
319.2616,Nullreference,0.4245858
319.2726,Nullreference,0.4116862
319.2838,Nullreference,0.3943817
319.2951,Nullreference,0.3794993
319.306,Nullreference,0.3639957
319.3172,Nullreference,0.3456941
319.3282,Nullreference,0.3289178
319.3393,Nullreference,0.3117806
319.3509,Nullreference,0.2944688
319.3616,Nullreference,0.2740462
319.3726,Nullreference,0.2538029
319.3837,Nullreference,0.2390034
319.3949,Nullreference,0.2248696
319.406,Nullreference,0.2112161
319.4171,Nullreference,0.1977206
319.4284,Nullreference,0.1745842
319.4394,Nullreference,0.1637575
319.4504,Nullreference,0.1451031
319.4615,Nullreference,0.1241751
319.4727,Nullreference,0.1150365
319.4836,Nullreference,0.1066681
319.4949,Nullreference,0.1065792
319.5059,Nullreference,0.1094246
319.5171,Nullreference,0.1137329
319.5281,Nullreference,0.1291603
319.5392,Nullreference,0.1458236
319.5503,Nullreference,0.1620134
319.5616,Nullreference,0.1877983
319.5725,Nullreference,0.2156697
319.5836,Nullreference,0.2361249
319.5949,Nullreference,0.2671641
319.6059,Nullreference,0.2890568
319.6174,Nullreference,0.3151606
319.6281,Nullreference,0.3390029
319.6391,Nullreference,0.3708354
319.6502,Nullreference,0.3918284
319.6614,Nullreference,0.4183339
319.6726,Nullreference,0.4428933
319.6835,Nullreference,0.4626643
319.6949,Nullreference,0.489374
319.7058,Nullreference,0.5092536
319.7169,Nullreference,0.5286888
319.7281,Nullreference,0.5476469
319.739,Nullreference,0.566471
319.75,Nullreference,0.5845536
319.7613,Nullreference,0.5997031
319.7724,Nullreference,0.6134694
319.7834,Nullreference,0.6223994
319.7948,Nullreference,0.6311978
319.8057,Nullreference,0.6345057
319.8167,Nullreference,0.6342518
319.8279,Nullreference,0.6349247
319.8392,Nullreference,0.6298357
319.8501,Nullreference,0.6262416
319.8611,Nullreference,0.6176009
319.8722,Nullreference,0.610575
319.884,Nullreference,0.5977779
319.8949,Nullreference,0.5853855
319.9058,Nullreference,0.5714446
319.9167,Nullreference,0.5537491
319.9277,Nullreference,0.5340748
319.9391,Nullreference,0.5120268
319.9501,Nullreference,0.4921978
319.9612,Nullreference,0.4676201
319.9722,Nullreference,0.4500292
319.9834,Nullreference,0.4183875
319.9945,Nullreference,0.398024
320.0055,Nullreference,0.3786908
320.0167,Nullreference,0.3571117
320.0278,Nullreference,0.3395505
320.0389,Nullreference,0.3210939
320.0499,Nullreference,0.3023533
320.0611,Nullreference,0.2805528
320.0721,Nullreference,0.2748794
320.0835,Nullreference,0.2703635
320.0945,Nullreference,0.2747536
320.1056,Nullreference,0.2845292
320.1166,Nullreference,0.2981357
320.1281,Nullreference,0.320899
320.1387,Nullreference,0.3511168
320.1499,Nullreference,0.3744764
320.161,Nullreference,0.4381264
320.1721,Nullreference,0.5065731
320.1835,Nullreference,0.6080282
320.1944,Nullreference,0.6962376
320.2057,Nullreference,0.7691836
320.2166,Nullreference,0.8513411
320.2281,Nullreference,0.9218916
320.2393,Nullreference,1.00058
320.2498,Nullreference,1.054615
320.2609,Nullreference,1.119841
320.272,Nullreference,1.185556
320.2831,Nullreference,1.237796
320.2941,Nullreference,1.292828
320.3053,Nullreference,1.336375
320.3166,Nullreference,1.388565
320.3275,Nullreference,1.434569
320.3387,Nullreference,1.485093
320.3497,Nullreference,1.54123
320.361,Nullreference,1.577159
320.3723,Nullreference,1.619605
320.3831,Nullreference,1.660138
320.3944,Nullreference,1.686966
320.4054,Nullreference,1.711574
320.4164,Nullreference,1.735719
320.4276,Nullreference,1.748714
320.4384,Nullreference,1.760765
320.4495,Nullreference,1.757286
320.4606,Nullreference,1.74724
320.4717,Nullreference,1.730059
320.4828,Nullreference,1.702219
320.494,Nullreference,1.668096
320.5051,Nullreference,1.618903
320.5162,Nullreference,1.581838
320.5274,Nullreference,1.531833
320.5387,Nullreference,1.482482
320.5494,Nullreference,1.436736
320.5607,Nullreference,1.393912
320.5717,Nullreference,1.354202
320.5829,Nullreference,1.323599
320.594,Nullreference,1.285217
320.605,Nullreference,1.266699
320.6162,Nullreference,1.251369
320.6274,Nullreference,1.249117
320.6385,Nullreference,1.247911
320.6495,Nullreference,1.257675
320.6606,Nullreference,1.263169
320.6717,Nullreference,1.27969
320.6827,Nullreference,1.283122
320.6939,Nullreference,1.28494
320.7052,Nullreference,1.273776
320.7161,Nullreference,1.26014
320.7273,Nullreference,1.229174
320.7384,Nullreference,1.19836
320.7494,Nullreference,1.158211
320.7606,Nullreference,1.125433
320.7715,Nullreference,1.099769
320.7827,Nullreference,1.071129
320.794,Nullreference,1.047618
320.8049,Nullreference,1.033394
320.8159,Nullreference,1.018094
320.8273,Nullreference,0.9936813
320.8384,Nullreference,0.9606413
320.8492,Nullreference,0.9259637
320.8603,Nullreference,0.8998313
320.8713,Nullreference,0.8704912
320.8825,Nullreference,0.8327693
320.8941,Nullreference,0.7897093
320.9048,Nullreference,0.7447861
320.9158,Nullreference,0.7151632
320.9272,Collider_Roger_Body,0.6839156
320.9381,Collider_Roger_Body,0.6727681
320.9492,Collider_Roger_Body,0.6579133
320.9604,Collider_Roger_Body,0.6485819
320.9715,Collider_Hypoli_Body,0.6519126
320.9825,Collider_Hypoli_Body,0.65209
320.994,Collider_Hypoli_Body,0.6545351
321.0046,Collider_Hypoli_Body,0.6533124
321.0157,Collider_Hypoli_Body,0.6482905
321.0269,Collider_Hypoli_Body,0.6477138
321.0381,Collider_Hypoli_Body,0.6498248
321.0492,Collider_Hypoli_Body,0.6528144
321.0602,Collider_Hypoli_Body,0.657158
321.0713,Collider_Hypoli_Body,0.6615736
321.0824,Collider_Hypoli_Body,0.674834
321.0936,Collider_Hypoli_Body,0.6793267
321.1048,Collider_Hypoli_Body,0.6916336
321.1157,Collider_Hypoli_Body,0.7027054
321.1267,Collider_Hypoli_Body,0.7069022
321.138,Collider_Hypoli_Body,0.701162
321.1491,Collider_Hypoli_Body,0.6935415
321.1603,Collider_Hypoli_Body,0.6724678
321.1714,Collider_Hypoli_Body,0.65263
321.1824,Collider_Hypoli_Body,0.6381058
321.1937,Collider_Hypoli_Body,0.6147063
321.2046,Collider_Hypoli_Body,0.5903534
321.2157,Collider_Hypoli_Body,0.5674807
321.2268,Collider_Hypoli_Body,0.5441864
321.238,Collider_Hypoli_Body,0.5178307
321.2491,Collider_Hypoli_Body,0.4825348
321.2602,Collider_Hypoli_Body,0.4450708
321.2712,Collider_Hypoli_Body,0.4056869
321.2824,Collider_Hypoli_Body,0.3674664
321.2937,Collider_Hypoli_Body,0.3123687
321.3046,Collider_Hypoli_Body,0.2691848
321.3157,Collider_Hypoli_Body,0.2134837
321.3268,Collider_Hypoli_Body,0.1627056
321.3379,Collider_Hypoli_Body,0.1307501
321.349,Collider_Hypoli_Body,0.1060068
321.3601,Collider_Hypoli_Body,0.09016857
321.3712,Collider_Hypoli_Body,0.08239193
321.3825,Collider_Hypoli_Body,0.0785427
321.3935,Collider_Hypoli_Body,0.08258816
321.4046,Collider_Hypoli_Body,0.09038751
321.4156,Collider_Hypoli_Body,0.1047336
321.4267,Collider_Hypoli_Body,0.1189579
321.438,Collider_Hypoli_Body,0.1354394
321.449,Collider_Hypoli_Body,0.1540352
321.4603,Collider_Hypoli_Body,0.1705401
321.4714,Collider_Hypoli_Body,0.1756226
321.4823,Collider_Hypoli_Body,0.1785775
321.4934,Collider_Hypoli_Body,0.1762925
321.5045,Collider_Hypoli_Body,0.1753623
321.5156,Collider_Hypoli_Body,0.1715594
321.5268,Collider_Hypoli_Body,0.1611359
321.5378,Collider_Hypoli_Body,0.1810261
321.5489,Collider_Hypoli_Body,0.2199058
321.56,Collider_Hypoli_Body,0.2501597
321.5714,Collider_Hypoli_Body,0.2455218
321.5823,Collider_Hypoli_Body,0.2264054
321.5934,Collider_Hypoli_Body,0.2324166
321.6045,Collider_Hypoli_Body,0.2588588
321.6157,Collider_Hypoli_Body,0.2819991
321.6267,Collider_Hypoli_Body,0.2831797
321.6378,Collider_Hypoli_Body,0.2702764
321.6489,Collider_Hypoli_Body,0.2585473
321.6602,Collider_Hypoli_Body,0.2474706
321.6712,Collider_Hypoli_Body,0.230877
321.6823,Collider_Hypoli_Body,0.2224288
321.6934,Collider_Hypoli_Body,0.2202641
321.7046,Collider_Hypoli_Body,0.2206623
321.7156,Collider_Hypoli_Body,0.2177827
321.7268,Collider_Hypoli_Body,0.211219
321.7379,Collider_Hypoli_Body,0.2036242
321.749,Collider_Hypoli_Body,0.2029574
321.7601,Collider_Hypoli_Body,0.1976583
321.7712,Collider_Hypoli_Body,0.1995955
321.7824,Collider_Hypoli_Body,0.1934655
321.7934,Collider_Hypoli_Body,0.1885696
321.8048,Collider_Hypoli_Body,0.1785874
321.8156,Collider_Hypoli_Body,0.1560753
321.8268,Collider_Hypoli_Body,0.1314952
321.838,Collider_Hypoli_Body,0.1096072
321.8489,Collider_Hypoli_Body,0.08982909
321.86,Collider_Hypoli_Body,0.09764372
321.8711,Collider_Hypoli_Body,0.1259561
321.8823,Collider_Hypoli_Body,0.1735282
321.8934,Collider_Hypoli_Body,0.219578
321.9045,Collider_Hypoli_Body,0.2615946
321.9155,Collider_Hypoli_Body,0.2886038
321.9268,Collider_Hypoli_Body,0.3183424
321.9377,Collider_Hypoli_Body,0.3441961
321.949,Collider_Hypoli_Body,0.3574817
321.96,Collider_Hypoli_Body,0.3674548
321.971,Collider_Hypoli_Body,0.3772946
321.9822,Collider_Hypoli_Body,0.3783423
321.9932,Collider_Hypoli_Body,0.3786619
322.0044,Collider_Hypoli_Body,0.3710751
322.0156,Collider_Hypoli_Body,0.365339
322.0266,Collider_Hypoli_Body,0.3603155
322.0377,Collider_Hypoli_Body,0.3525646
322.0488,Collider_Hypoli_Body,0.3518776
322.0601,Collider_Hypoli_Body,0.3407157
322.0712,Collider_Hypoli_Body,0.3362028
322.0823,Collider_Hypoli_Body,0.3278924
322.0932,Collider_Hypoli_Body,0.3264307
322.1043,Collider_Roger_Body,0.3266633
322.1155,Collider_Roger_Body,0.3417896
322.1266,Collider_Roger_Body,0.3407517
322.1377,Collider_Roger_Body,0.3375639
322.1487,Collider_Roger_Body,0.3252774
322.16,Collider_Roger_Body,0.3157355
322.1709,Collider_Roger_Body,0.3005459
322.182,Collider_Roger_Body,0.2910935
322.1931,Collider_Roger_Body,0.2898036
322.2042,Collider_Roger_Body,0.2937919
322.2154,Collider_Roger_Body,0.3163714
322.2266,Collider_Roger_Body,0.3461366
322.2375,Collider_Roger_Body,0.3739831
322.2489,Collider_Roger_Body,0.4122598
322.2597,Collider_Roger_Body,0.4399748
322.2708,Collider_Roger_Body,0.463908
322.2819,Collider_Roger_Body,0.485266
322.293,Collider_Roger_Body,0.500873
322.3042,Collider_Roger_Body,0.5083447
322.3152,Collider_Roger_Body,0.5212258
322.3264,Collider_Roger_Body,0.5254398
322.3375,Collider_Roger_Body,0.5292462
322.3485,Collider_Roger_Body,0.526329
322.3596,Collider_Roger_Body,0.5199817
322.3708,Collider_Roger_Body,0.5127442
322.3819,Collider_Roger_Body,0.5019366
322.3935,Collider_Roger_Body,0.5017036
322.4042,Collider_Roger_Body,0.494194
322.4151,Collider_Roger_Body,0.4906135
322.4264,Collider_Roger_Body,0.4859858
322.4375,Collider_Roger_Body,0.4744849
322.4485,Collider_Roger_Body,0.4683622
322.4595,Collider_Roger_Body,0.4452551
322.4707,Collider_Roger_Body,0.427179
322.4818,Collider_Roger_Body,0.3961101
322.493,Collider_Roger_Body,0.3680559
322.5041,Collider_Roger_Body,0.3394755
322.5153,Collider_Roger_Body,0.3119255
322.5262,Collider_Roger_Body,0.2869066
322.5373,Collider_Roger_Body,0.258384
322.5484,Collider_Roger_Body,0.2311961
322.5596,Collider_Roger_Body,0.2106266
322.5708,Collider_Roger_Body,0.1854897
322.5817,Collider_Roger_Body,0.1662979
322.5928,Collider_Roger_Body,0.144047
322.604,Collider_Roger_Body,0.1206542
322.6152,Collider_Roger_Body,0.1108418
322.6261,Collider_Roger_Body,0.09486884
322.6372,Collider_Roger_Body,0.09657626
322.6483,Collider_Roger_Body,0.0926855
322.6595,Collider_Roger_Body,0.09813844
322.6706,Collider_Roger_Body,0.1122377
322.6818,Collider_Roger_Body,0.1212942
322.693,Collider_Roger_Body,0.1399208
322.704,Collider_Roger_Body,0.1535068
322.715,Collider_Roger_Body,0.176713
322.7262,Collider_Roger_Body,0.2036611
322.7372,Collider_Roger_Body,0.2196225
322.7484,Collider_Roger_Body,0.2396155
322.7593,Collider_Roger_Body,0.2625957
322.7705,Collider_Roger_Body,0.2828646
322.7815,Collider_Roger_Body,0.3009202
322.7928,Collider_Roger_Body,0.3071594
322.8038,Collider_Roger_Body,0.3123298
322.8149,Collider_Roger_Body,0.3052784
322.826,Collider_Roger_Body,0.3039373
322.8371,Collider_Roger_Body,0.3017583
322.8483,Collider_Roger_Body,0.2912722
322.8594,Collider_Roger_Body,0.2708444
322.8704,Collider_Roger_Body,0.2571717
322.8815,Collider_Roger_Body,0.2420079
322.8926,Collider_Roger_Body,0.2479082
322.9037,Collider_Roger_Body,0.2535667
322.9149,Collider_Roger_Body,0.2676475
322.926,Collider_Roger_Body,0.2915376
322.937,Collider_Roger_Body,0.3117799
322.9483,Collider_Roger_Body,0.3397629
322.9593,Collider_Roger_Body,0.3593951
322.9705,Collider_Roger_Body,0.3700146
322.9816,Collider_Roger_Body,0.3662796
322.9927,Collider_Roger_Body,0.3584028
323.0038,Nullreference,0.3427176
323.0149,Nullreference,0.3340407
323.0258,Nullreference,0.3240748
323.037,Nullreference,0.3311115
323.0481,Nullreference,0.3460987
323.0592,Nullreference,0.367645
323.0706,Nullreference,0.3880036
323.0814,Nullreference,0.3911146
323.0924,Nullreference,0.395511
323.1037,Nullreference,0.394447
323.1147,Nullreference,0.397048
323.1263,Nullreference,0.3870953
323.1369,Nullreference,0.3673321
323.1484,Nullreference,0.3460807
323.1592,Nullreference,0.3262203
323.1704,Nullreference,0.3157962
323.1817,Nullreference,0.2967891
323.1924,Nullreference,0.2748851
323.2036,Nullreference,0.2615305
323.2147,Nullreference,0.2398125
323.2259,Nullreference,0.2159481
323.237,Nullreference,0.187366
323.248,Nullreference,0.1621596
323.2594,Nullreference,0.1176053
323.2702,Nullreference,0.08344651
323.2813,Nullreference,0.05673075
323.2925,Nullreference,0.04884693
323.3035,Nullreference,0.07193576
323.3147,Nullreference,0.09378526
323.3258,Nullreference,0.1222705
323.3369,Nullreference,0.1487717
323.348,Nullreference,0.1674735
323.359,Nullreference,0.183075
323.3701,Nullreference,0.2004417
323.3812,Nullreference,0.2200006
323.3927,Nullreference,0.2306458
323.4038,Nullreference,0.2488272
323.4147,Nullreference,0.2680466
323.4256,Nullreference,0.2925546
323.4368,Nullreference,0.3225853
323.448,Nullreference,0.3455314
323.459,Nullreference,0.3816114
323.4701,Nullreference,0.4050987
323.4813,Nullreference,0.4265285
323.4922,Nullreference,0.4532418
323.5037,Nullreference,0.4732696
323.5145,Nullreference,0.4885055
323.5257,Nullreference,0.5079075
323.5366,Nullreference,0.5150965
323.5479,Nullreference,0.5262349
323.5589,Nullreference,0.5314867
323.57,Nullreference,0.5404804
323.5811,Nullreference,0.540391
323.5922,Nullreference,0.5404931
323.6034,Nullreference,0.5405334
323.6144,Nullreference,0.5373441
323.6256,Nullreference,0.5339894
323.6367,Nullreference,0.5301369
323.6477,Nullreference,0.5207699
323.6589,Nullreference,0.518169
323.67,Nullreference,0.5152444
323.6814,Nullreference,0.5116643
323.6923,Nullreference,0.5022877
323.7036,Nullreference,0.4982961
323.7144,Nullreference,0.495136
323.7257,Nullreference,0.4933463
323.7369,Nullreference,0.4988279
323.7479,Nullreference,0.5022823
323.7589,Nullreference,0.5402954
323.7699,Nullreference,0.5842561
323.781,Nullreference,0.6528238
323.7922,Nullreference,0.7236064
323.8033,Nullreference,0.8073727
323.8145,Nullreference,0.87699
323.8255,Nullreference,0.9665935
323.8369,Nullreference,1.049915
323.8477,Nullreference,1.121897
323.8587,Nullreference,1.198647
323.8699,Nullreference,1.271776
323.8811,Nullreference,1.357111
323.8922,Nullreference,1.431008
323.9033,Nullreference,1.523716
323.9144,Nullreference,1.605068
323.9254,Nullreference,1.675453
323.9366,Nullreference,1.751577
323.9478,Nullreference,1.815037
323.959,Nullreference,1.888286
323.9701,Nullreference,1.965646
323.9811,Nullreference,2.028597
323.9923,Nullreference,2.101969
324.0035,Nullreference,2.160005
324.0146,Nullreference,2.223439
324.0257,Nullreference,2.287948
324.0372,Nullreference,2.32863
324.0482,Nullreference,2.367173
324.0593,Nullreference,2.397138
324.0705,Nullreference,2.42372
324.0817,Nullreference,2.436024
324.0927,Nullreference,2.438783
324.1038,Nullreference,2.417467
324.1149,Nullreference,2.382116
324.1257,Nullreference,2.32152
324.1367,Nullreference,2.26318
324.148,Nullreference,2.170021
324.1591,Nullreference,2.076672
324.1701,Nullreference,1.961947
324.1812,Nullreference,1.866921
324.1922,Nullreference,1.749311
324.2035,Nullreference,1.634546
324.2145,Nullreference,1.538559
324.226,Nullreference,1.437392
324.2367,Nullreference,1.359637
324.2479,Nullreference,1.281391
324.2592,Nullreference,1.214444
324.2701,Nullreference,1.148148
324.2813,Nullreference,1.099278
324.2924,Nullreference,1.065092
324.3037,Nullreference,1.033294
324.3145,Nullreference,1.004372
324.3257,Nullreference,0.9783579
324.3367,Nullreference,0.9560949
324.348,Nullreference,0.9410885
324.3589,Nullreference,0.925455
324.37,Nullreference,0.9121086
324.3813,Nullreference,0.9055836
324.3925,Nullreference,0.8973921
324.4033,Nullreference,0.8942605
324.4145,Nullreference,0.9005671
324.4256,Nullreference,0.9118677
324.4366,Nullreference,0.9238877
324.4478,Nullreference,0.9372403
324.4589,Nullreference,0.9460677
324.47,Nullreference,0.9618528
324.481,Nullreference,0.9787629
324.4921,Nullreference,0.9891269
324.5035,Nullreference,1.008778
324.5143,Nullreference,1.017164
324.5254,Nullreference,1.01969
324.5367,Nullreference,1.02185
324.5478,Nullreference,1.010834
324.5617,Nullreference,0.9969487
324.5702,Nullreference,0.9796888
324.581,Nullreference,0.9481965
324.5921,Nullreference,0.9165838
324.6035,Nullreference,0.8802927
324.6143,Nullreference,0.8445358
324.6258,Nullreference,0.8038754
324.637,Nullreference,0.7691573
324.6478,Nullreference,0.7227573
324.6588,Nullreference,0.6814327
324.67,Nullreference,0.6277801
324.6809,Nullreference,0.5739501
324.692,Nullreference,0.5295756
324.7032,Nullreference,0.4754123
324.7142,Nullreference,0.4323798
324.7255,Nullreference,0.3921772
324.7365,Nullreference,0.3633043
324.7481,Nullreference,0.3174418
324.7587,Nullreference,0.2871299
324.7698,Nullreference,0.2608645
324.7809,Nullreference,0.2278044
324.7921,Nullreference,0.1936323
324.8033,Nullreference,0.16587
324.8141,Nullreference,0.1380302
324.8253,Nullreference,0.1173009
324.8362,Collider_Roger_Body,0.09881458
324.8472,Collider_Roger_Body,0.09619057
324.8584,Collider_Roger_Body,0.1083477
324.8694,Collider_Roger_Body,0.1301628
324.8807,Collider_Roger_Body,0.1481312
324.8916,Collider_Roger_Body,0.1673407
324.9028,Collider_Roger_Body,0.1817825
324.9138,Collider_Roger_Body,0.2053007
324.925,Collider_Roger_Body,0.225882
324.9361,Collider_Roger_Body,0.2571263
324.947,Collider_Roger_Body,0.2834634
324.9581,Collider_Roger_Body,0.3063287
324.9693,Collider_Roger_Body,0.3256055
324.9804,Collider_Roger_Body,0.3363482
324.9915,Collider_Roger_Body,0.3462159
325.0026,Collider_Roger_Body,0.3495373
325.0138,Collider_Roger_Body,0.3526302
325.0249,Collider_Roger_Body,0.3563691
325.0359,Collider_Roger_Body,0.3543783
325.047,Collider_Roger_Body,0.3529705
325.0582,Collider_Roger_Body,0.3508862
325.0694,Collider_Roger_Body,0.3480454
325.0803,Collider_Roger_Body,0.3465301
325.0914,Collider_Roger_Body,0.344023
325.1025,Collider_Roger_Body,0.3399661
325.1144,Collider_Roger_Body,0.3351515
325.1247,Collider_Roger_Body,0.3246771
325.1359,Collider_Roger_Body,0.312512
325.147,Collider_Roger_Body,0.3066307
325.158,Collider_Roger_Body,0.3013973
325.1695,Collider_Roger_Body,0.2909965
325.1803,Collider_Roger_Body,0.2810133
325.1914,Collider_Roger_Body,0.271574
325.2024,Collider_Roger_Body,0.2568124
325.2136,Collider_Roger_Body,0.243155
325.2249,Collider_Roger_Body,0.2263168
325.2358,Collider_Roger_Body,0.2125786
325.2469,Collider_Roger_Body,0.1986946
325.2581,Collider_Roger_Body,0.189215
325.2701,Collider_Roger_Body,0.1787634
325.2803,Collider_Roger_Body,0.1759457
325.2913,Collider_Roger_Body,0.1741971
325.3023,Collider_Roger_Body,0.1713426
325.3136,Collider_Roger_Body,0.1711774
325.3246,Collider_Roger_Body,0.1635217
325.3359,Collider_Roger_Body,0.1543435
325.3469,Collider_Roger_Body,0.1510897
325.3583,Collider_Roger_Body,0.147053
325.369,Collider_Roger_Body,0.1394766
325.3802,Collider_Roger_Body,0.129149
325.3912,Collider_Roger_Body,0.1266285
325.4023,Collider_Roger_Body,0.1144556
325.4135,Collider_Roger_Body,0.1087926
325.4246,Collider_Roger_Body,0.09647778
325.4355,Collider_Roger_Body,0.08226832
325.4467,Collider_Roger_Body,0.07037722
325.4579,Collider_Roger_Body,0.05435725
325.4691,Collider_Roger_Body,0.04611851
325.48,Collider_Roger_Body,0.03944463
325.4911,Collider_Roger_Body,0.03030168
325.5023,Collider_Roger_Body,0.03180733
325.5133,Collider_Roger_Body,0.03773832
325.5245,Collider_Roger_Body,0.04388944
325.5356,Collider_Roger_Body,0.05074752
325.5466,Collider_Roger_Body,0.05139447
325.5577,Collider_Roger_Body,0.05110779
325.5689,Collider_Roger_Body,0.04565088
325.5801,Collider_Roger_Body,0.04299751
325.5911,Collider_Roger_Body,0.03930923
325.6021,Collider_Roger_Body,0.03505219
325.6134,Collider_Roger_Body,0.03549007
325.6244,Collider_Roger_Body,0.03303548
325.6355,Collider_Roger_Body,0.04187768
325.6465,Collider_Roger_Body,0.05112794
325.6579,Collider_Roger_Body,0.05793161
325.6691,Collider_Roger_Body,0.06897918
325.68,Collider_Roger_Body,0.08527374
325.6911,Collider_Roger_Body,0.09074555
325.7022,Collider_Roger_Body,0.1061988
325.7133,Collider_Roger_Body,0.1117406
325.7244,Collider_Roger_Body,0.1303713
325.7355,Collider_Roger_Body,0.156636
325.7466,Collider_Roger_Body,0.1651669
325.7576,Collider_Roger_Body,0.1834981
325.7688,Collider_Roger_Body,0.1953318
325.78,Collider_Roger_Body,0.2116856
325.7911,Collider_Roger_Body,0.2198381
325.8021,Collider_Roger_Body,0.2263685
325.8132,Collider_Roger_Body,0.2356307
325.8243,Collider_Roger_Body,0.2398876
325.8354,Collider_Roger_Body,0.2395376
325.8465,Collider_Roger_Body,0.2358351
325.8576,Collider_Roger_Body,0.2324194
325.8689,Collider_Roger_Body,0.2329895
325.8799,Collider_Roger_Body,0.2277358
325.891,Collider_Roger_Body,0.2291848
325.9023,Collider_Roger_Body,0.2325605
325.9131,Collider_Roger_Body,0.2302878
325.9243,Collider_Roger_Body,0.2325169
325.9354,Collider_Roger_Body,0.2369082
325.9467,Collider_Roger_Body,0.2400091
325.9575,Collider_Roger_Body,0.2459407
325.9687,Collider_Roger_Body,0.2561152
325.9799,Nullreference,0.2605202
325.9909,Nullreference,0.2725083
326.0019,Nullreference,0.278891
326.0133,Nullreference,0.2881999
326.0244,Nullreference,0.2983238
326.0352,Nullreference,0.3149308
326.0464,Nullreference,0.3384787
326.0576,Nullreference,0.3597547
326.0687,Nullreference,0.3782832
326.0796,Nullreference,0.388633
326.0908,Nullreference,0.3966185
326.102,Nullreference,0.404983
326.1131,Nullreference,0.405892
326.1241,Nullreference,0.4088122
326.1352,Nullreference,0.4191246
326.1465,Nullreference,0.4345751
326.1573,Nullreference,0.4501806
326.1685,Nullreference,0.4774627
326.1797,Nullreference,0.5085087
326.1908,Nullreference,0.5541731
326.2019,Nullreference,0.6108758
326.213,Nullreference,0.6743104
326.2241,Nullreference,0.710599
326.2354,Nullreference,0.7425485
326.2462,Nullreference,0.7672454
326.2574,Nullreference,0.7816064
326.2685,Nullreference,0.7878731
326.2796,Nullreference,0.7896808
326.2906,Nullreference,0.7911502
326.3019,Nullreference,0.787298
326.3129,Nullreference,0.7661396
326.3239,Nullreference,0.7498064
326.335,Nullreference,0.7196074
326.3462,Nullreference,0.6884931
326.3572,Nullreference,0.6586475
326.3684,Nullreference,0.616908
326.3794,Nullreference,0.5755143
326.3907,Nullreference,0.5266353
326.4017,Nullreference,0.4904406
326.4128,Nullreference,0.4503443
326.4244,Nullreference,0.4137786
326.4351,Nullreference,0.3873203
326.4462,Nullreference,0.3688755
326.4571,Nullreference,0.3572603
326.4686,Nullreference,0.3428038
326.4795,Nullreference,0.3255863
326.4906,Nullreference,0.3001425
326.5017,Nullreference,0.2738933
326.5128,Nullreference,0.2343179
326.524,Nullreference,0.2232994
326.5349,Nullreference,0.2172863
326.5461,Nullreference,0.2137814
326.5572,Nullreference,0.2365932
326.5692,Nullreference,0.2754357
326.5793,Nullreference,0.2942223
326.5905,Nullreference,0.2925543
326.6016,Nullreference,0.2784252
326.6127,Nullreference,0.2581142
326.6238,Nullreference,0.2584665
326.6349,Nullreference,0.2908499
326.6461,Nullreference,0.3562568
326.6572,Nullreference,0.4245239
326.6682,Nullreference,0.4846462
326.6794,Nullreference,0.532471
326.6906,Nullreference,0.5475512
326.7016,Nullreference,0.5537308
326.7127,Nullreference,0.5457766
326.7237,Nullreference,0.5288091
326.735,Nullreference,0.520385
326.7461,Nullreference,0.4987948
326.7571,Nullreference,0.466589
326.7681,Nullreference,0.4374119
326.7793,Nullreference,0.4166016
326.7906,Nullreference,0.4041029
326.8015,Nullreference,0.4072439
326.8126,Nullreference,0.4209646
326.8237,Nullreference,0.4307831
326.8349,Nullreference,0.4261759
326.8459,Nullreference,0.3958546
326.857,Nullreference,0.3485935
326.868,Nullreference,0.2905752
326.8793,Nullreference,0.2749861
326.8903,Nullreference,0.3391647
326.9016,Nullreference,0.4212859
326.9126,Nullreference,0.4614892
326.9238,Nullreference,0.4256202
326.9348,Nullreference,0.3523092
326.946,Nullreference,0.2859376
326.9571,Nullreference,0.2768638
326.968,Nullreference,0.2911879
326.9792,Nullreference,0.3080354
326.9903,Nullreference,0.3021624
327.0014,Nullreference,0.280638
327.0125,Nullreference,0.2554211
327.0236,Nullreference,0.2597126
327.0348,Nullreference,0.2885736
327.0458,Nullreference,0.3037657
327.057,Nullreference,0.2808349
327.0684,Nullreference,0.2340055
327.0794,Nullreference,0.152952
327.0905,Nullreference,0.08885619
327.1014,Nullreference,0.08257134
327.1128,Nullreference,0.1097124
327.1237,Nullreference,0.1452624
327.1347,Collider_Roger_Body,0.1890829
327.1458,Collider_Roger_Body,0.2195482
327.1569,Collider_Roger_Body,0.2501756
327.168,Collider_Roger_Body,0.2724532
327.1791,Collider_Roger_Body,0.2863008
327.1902,Collider_Roger_Body,0.2875165
327.2013,Collider_Roger_Body,0.2798829
327.2125,Collider_Roger_Body,0.2741348
327.2236,Collider_Roger_Body,0.2706521
327.2348,Collider_Roger_Body,0.2588632
327.2458,Collider_Roger_Body,0.264104
327.2571,Collider_Roger_Body,0.2601883
327.2681,Collider_Roger_Body,0.257598
327.2791,Collider_Roger_Body,0.2585494
327.2902,Collider_Roger_Body,0.2629358
327.3015,Collider_Roger_Body,0.2661434
327.3128,Collider_Roger_Body,0.2717101
327.3236,Collider_Roger_Body,0.2669382
327.3346,Collider_Roger_Body,0.2602244
327.3457,Collider_Roger_Body,0.2504386
327.3569,Collider_Roger_Body,0.2466126
327.3681,Collider_Roger_Body,0.2505835
327.3789,Collider_Roger_Body,0.2642921
327.3901,Collider_Roger_Body,0.2768705
327.4013,Collider_Roger_Body,0.2836882
327.4123,Collider_Roger_Body,0.2814661
327.4233,Collider_Roger_Body,0.2856207
327.4349,Collider_Roger_Body,0.2818638
327.4456,Collider_Roger_Body,0.2773124
327.4566,Collider_Roger_Body,0.2655288
327.4678,Collider_Roger_Body,0.2590764
327.4789,Collider_Roger_Body,0.2375345
327.49,Collider_Roger_Body,0.2277593
327.501,Collider_Roger_Body,0.206623
327.5122,Collider_Roger_Body,0.1868651
327.5233,Collider_Roger_Body,0.1677898
327.5344,Collider_Roger_Body,0.1479177
327.5455,Collider_Roger_Body,0.136601
327.5566,Collider_Roger_Body,0.1204866
327.5678,Collider_Roger_Body,0.1083247
327.5789,Collider_Roger_Body,0.1038673
327.59,Collider_Roger_Body,0.09981082
327.6011,Collider_Roger_Body,0.1022041
327.6124,Collider_Roger_Body,0.1064309
327.6233,Collider_Roger_Body,0.1222032
327.6345,Collider_Roger_Body,0.1440683
327.6455,Collider_Roger_Body,0.1729283
327.6566,Collider_Roger_Body,0.2136066
327.6677,Collider_Roger_Body,0.2554162
327.6788,Collider_Roger_Body,0.3037897
327.6898,Collider_Roger_Body,0.3497759
327.701,Collider_Roger_Body,0.3821494
327.7122,Collider_Roger_Body,0.4256696
327.7232,Collider_Roger_Body,0.4549156
327.7343,Collider_Roger_Body,0.4635774
327.7454,Collider_Roger_Body,0.4562194
327.7567,Collider_Roger_Body,0.4306293
327.7676,Collider_Roger_Body,0.4049792
327.7789,Collider_Roger_Body,0.3972658
327.7899,Nullreference,0.408847
327.801,Collider_Roger_Body,0.4394677
327.812,Nullreference,0.4816149
327.8231,Nullreference,0.5329581
327.8344,Nullreference,0.5833527
327.8454,Nullreference,0.6356546
327.8564,Nullreference,0.6806663
327.8677,Nullreference,0.7045761
327.8786,Nullreference,0.7093157
327.8897,Nullreference,0.686211
327.9009,Nullreference,0.6561582
327.9119,Nullreference,0.6149628
327.9231,Nullreference,0.5713081
327.9341,Nullreference,0.5213385
327.9453,Nullreference,0.4825918
327.9564,Nullreference,0.4557363
327.9676,Nullreference,0.4446861
327.9786,Nullreference,0.4253225
327.9899,Nullreference,0.4219168
328.0008,Nullreference,0.4255297
328.0119,Nullreference,0.4447445
328.0231,Nullreference,0.4662066
328.0341,Nullreference,0.4978391
328.0452,Nullreference,0.5169019
328.0573,Nullreference,0.5303586
328.0677,Nullreference,0.5396437
328.0786,Nullreference,0.5484967
328.0897,Nullreference,0.5572675
328.1008,Nullreference,0.5451354
328.1119,Nullreference,0.5556633
328.123,Nullreference,0.5596389
328.1341,Nullreference,0.5629176
328.1452,Nullreference,0.561211
328.1563,Nullreference,0.5639574
328.1674,Nullreference,0.5666282
328.1785,Nullreference,0.5647584
328.1896,Nullreference,0.5560173
328.2007,Nullreference,0.5441052
328.2119,Nullreference,0.5323231
328.2229,Nullreference,0.5294923
328.2341,Nullreference,0.5144572
328.2452,Nullreference,0.4904299
328.2563,Nullreference,0.4573418
328.2674,Nullreference,0.4176669
328.279,Nullreference,0.3969033
328.2897,Nullreference,0.3955261
328.3008,Nullreference,0.3975569
328.3118,Nullreference,0.3905196
328.3232,Nullreference,0.3785667
328.334,Nullreference,0.3449287
328.3452,Nullreference,0.2908791
328.3562,Nullreference,0.241195
328.3674,Nullreference,0.1908534
328.3784,Nullreference,0.1420787
328.3897,Nullreference,0.1025389
328.4007,Nullreference,0.07880674
328.412,Nullreference,0.1092724
328.4228,Nullreference,0.1684607
328.434,Nullreference,0.2228485
328.4452,Nullreference,0.2770542
328.4563,Nullreference,0.3335798
328.4673,Nullreference,0.3624934
328.4787,Nullreference,0.4362644
328.4895,Nullreference,0.498435
328.5008,Nullreference,0.5588576
328.5118,Nullreference,0.6308466
328.523,Nullreference,0.690665
328.5341,Nullreference,0.7480436
328.5452,Nullreference,0.7797486
328.5563,Nullreference,0.8055092
328.5673,Nullreference,0.8219154
328.5785,Nullreference,0.8197067
328.5895,Nullreference,0.8033803
328.6007,Nullreference,0.7975627
328.6122,Nullreference,0.7906442
328.6229,Nullreference,0.7853271
328.6339,Nullreference,0.7858282
328.6453,Nullreference,0.786859
328.6563,Nullreference,0.7858645
328.6673,Nullreference,0.7788867
328.6785,Nullreference,0.7787852
328.6896,Nullreference,0.7704037
328.7006,Nullreference,0.7483088
328.7118,Nullreference,0.722222
328.723,Nullreference,0.6972573
328.734,Nullreference,0.6704557
328.7451,Nullreference,0.6480413
328.7562,Nullreference,0.6213427
328.7674,Nullreference,0.5973933
328.7784,Nullreference,0.5650058
328.7896,Nullreference,0.5338398
328.8006,Nullreference,0.5047142
328.8117,Nullreference,0.4896593
328.8228,Nullreference,0.4916964
328.8341,Nullreference,0.5078093
328.845,Nullreference,0.5171247
328.8561,Nullreference,0.5167446
328.8672,Nullreference,0.5231904
328.8783,Nullreference,0.5142805
328.8895,Nullreference,0.5187826
328.9006,Nullreference,0.5232925
328.9117,Nullreference,0.5438657
328.9228,Nullreference,0.5713145
328.934,Nullreference,0.5899118
328.945,Nullreference,0.6212941
328.9562,Nullreference,0.6477782
328.9672,Nullreference,0.6684326
328.9784,Nullreference,0.6908906
328.9895,Nullreference,0.7134479
329.0007,Nullreference,0.7271307
329.0118,Nullreference,0.7287268
329.0231,Nullreference,0.7238794
329.0341,Nullreference,0.7138547
329.0452,Nullreference,0.6996435
329.0563,Nullreference,0.6842749
329.0674,Nullreference,0.6687934
329.0786,Nullreference,0.6614226
329.0895,Nullreference,0.6586972
329.1006,Nullreference,0.6455967
329.1117,Nullreference,0.629674
329.1227,Nullreference,0.6139287
329.1339,Nullreference,0.5945379
329.145,Nullreference,0.579641
329.1562,Nullreference,0.5642216
329.1672,Nullreference,0.5418502
329.1782,Nullreference,0.5194553
329.1894,Nullreference,0.4860934
329.2006,Nullreference,0.4504706
329.2117,Nullreference,0.4139763
329.2227,Nullreference,0.3748165
329.2339,Nullreference,0.3258837
329.245,Nullreference,0.271352
329.256,Nullreference,0.2174609
329.2672,Nullreference,0.1580885
329.2782,Nullreference,0.1096467
329.2894,Nullreference,0.0562249
329.3012,Nullreference,0.0366994
329.3122,Nullreference,0.08648667
329.3227,Nullreference,0.1296852
329.3338,Nullreference,0.1925402
329.345,Nullreference,0.2429666
329.356,Nullreference,0.2825753
329.367,Nullreference,0.321324
329.3782,Nullreference,0.3509966
329.3893,Nullreference,0.3872665
329.4004,Nullreference,0.4140154
329.4115,Nullreference,0.4467105
329.4226,Nullreference,0.4602283
329.4337,Nullreference,0.4794727
329.4447,Nullreference,0.479597
329.456,Nullreference,0.48357
329.4671,Nullreference,0.4812049
329.4781,Nullreference,0.4715998
329.4892,Nullreference,0.4540349
329.5002,Nullreference,0.4344202
329.5117,Nullreference,0.412133
329.5228,Nullreference,0.3959601
329.5336,Nullreference,0.3821757
329.5449,Nullreference,0.3664284
329.5559,Nullreference,0.3493033
329.5669,Nullreference,0.3174004
329.578,Nullreference,0.298357
329.5892,Nullreference,0.2754993
329.6002,Nullreference,0.2686647
329.6114,Nullreference,0.2746443
329.6225,Nullreference,0.2962494
329.6338,Nullreference,0.3058243
329.6447,Nullreference,0.3258888
329.6559,Nullreference,0.3427676
329.667,Nullreference,0.3611375
329.6783,Nullreference,0.3789799
329.6892,Nullreference,0.4063652
329.7003,Nullreference,0.4290941
329.7114,Nullreference,0.4654534
329.7225,Nullreference,0.5088733
329.7335,Nullreference,0.5517551
329.7447,Nullreference,0.6158011
329.7558,Nullreference,0.68257
329.767,Nullreference,0.7803874
329.778,Nullreference,0.8666156
329.7892,Nullreference,0.9774133
329.8003,Nullreference,1.103851
329.8113,Nullreference,1.226248
329.8224,Nullreference,1.382931
329.8337,Nullreference,1.521051
329.8449,Nullreference,1.691523
329.8558,Nullreference,1.843006
329.867,Nullreference,2.014678
329.878,Nullreference,2.199372
329.8891,Nullreference,2.359805
329.9002,Nullreference,2.552656
329.9116,Nullreference,2.713269
329.9225,Nullreference,2.891197
329.9336,Nullreference,3.032357
329.9447,Nullreference,3.184043
329.9559,Nullreference,3.322567
329.9669,Nullreference,3.424818
329.9782,Nullreference,3.535131
329.9893,Nullreference,3.612792
330.0005,Nullreference,3.693172
330.0115,Nullreference,3.753971
330.0227,Nullreference,3.786882
330.034,Nullreference,3.802671
330.0452,Nullreference,3.79976
330.0559,Nullreference,3.782805
330.067,Nullreference,3.752415
330.0781,Nullreference,3.726086
330.0892,Nullreference,3.685524
330.1004,Nullreference,3.654993
330.1116,Nullreference,3.619106
330.1229,Nullreference,3.564731
330.1339,Nullreference,3.486458
330.145,Nullreference,3.361667
330.1562,Nullreference,3.224802
330.1674,Nullreference,3.060224
330.1783,Nullreference,2.883432
330.1901,Nullreference,2.738874
330.2007,Nullreference,2.542416
330.2117,Nullreference,2.388937
330.2229,Nullreference,2.175711
330.2341,Nullreference,1.967235
330.2451,Nullreference,1.778786
330.2562,Nullreference,1.534051
330.2674,Nullreference,1.323808
330.2786,Nullreference,1.064661
330.2897,Nullreference,0.8565024
330.3008,Nullreference,0.6244152
330.312,Nullreference,0.3944825
330.3229,Nullreference,0.2406898
330.334,Nullreference,0.09274691
330.3451,Nullreference,0.0885026
330.3568,Nullreference,0.1729127
330.3675,Nullreference,0.2477039
330.3785,Nullreference,0.3231011
330.3895,Nullreference,0.3797498
330.4007,Nullreference,0.4100275
330.4118,Nullreference,0.432988
330.4229,Nullreference,0.4469825
330.4339,Nullreference,0.4493414
330.4453,Nullreference,0.4449852
330.4561,Nullreference,0.4262375
330.4674,Nullreference,0.4080797
330.4784,Nullreference,0.3789801
330.4896,Nullreference,0.3536914
330.5005,Nullreference,0.3247762
330.5116,Nullreference,0.2957996
330.5231,Nullreference,0.2635134
330.534,Nullreference,0.2438205
330.545,Nullreference,0.2265387
330.5562,Nullreference,0.2173849
330.5675,Nullreference,0.2120439
330.5784,Nullreference,0.2063986
330.5895,Nullreference,0.2028493
330.601,Nullreference,0.202584
330.6116,Nullreference,0.2222404
330.6229,Nullreference,0.2713498
330.6339,Nullreference,0.3657497
330.6451,Nullreference,0.4817892
330.6567,Nullreference,0.5883821
330.6675,Nullreference,0.7122216
330.6783,Nullreference,0.8036984
330.6894,Nullreference,0.9139079
330.7004,Nullreference,1.013704
330.7117,Nullreference,1.12559
330.7228,Nullreference,1.223061
330.7338,Nullreference,1.291484
330.7449,Nullreference,1.37281
330.7559,Nullreference,1.446926
330.7672,Nullreference,1.533612
330.7781,Nullreference,1.617607
330.7892,Nullreference,1.734026
330.8004,Nullreference,1.860453
330.8113,Nullreference,1.972487
330.8225,Nullreference,2.11101
330.8333,Nullreference,2.225963
330.8445,Nullreference,2.357179
330.8557,Nullreference,2.463073
330.8666,Nullreference,2.566908
330.8781,Nullreference,2.650776
330.889,Nullreference,2.742894
330.9001,Nullreference,2.843517
330.9112,Nullreference,2.909347
330.9225,Nullreference,2.985726
330.934,Nullreference,3.049661
330.9449,Nullreference,3.095619
330.9558,Nullreference,3.147062
330.9668,Nullreference,3.185257
330.978,Nullreference,3.231312
330.9891,Nullreference,3.261604
331.0002,Nullreference,3.287524
331.0114,Nullreference,3.305385
331.0228,Nullreference,3.311178
331.0337,Nullreference,3.297052
331.0453,Nullreference,3.275032
331.0558,Nullreference,3.21911
331.067,Nullreference,3.155866
331.0781,Nullreference,3.070402
331.0892,Nullreference,2.974351
331.1006,Nullreference,2.840672
331.1115,Nullreference,2.720409
331.1227,Nullreference,2.568556
331.1337,Nullreference,2.43531
331.1447,Nullreference,2.266555
331.1559,Nullreference,2.099916
331.1671,Nullreference,1.965774
331.1781,Nullreference,1.821955
331.1892,Nullreference,1.708807
331.2005,Nullreference,1.59286
331.2115,Nullreference,1.511284
331.2228,Nullreference,1.416139
331.2338,Nullreference,1.325842
331.2448,Nullreference,1.256706
331.2559,Nullreference,1.179187
331.2672,Nullreference,1.113085
331.2782,Nullreference,1.029455
331.2897,Nullreference,0.9659865
331.3003,Nullreference,0.8874827
331.3115,Nullreference,0.8175231
331.3227,Nullreference,0.7627406
331.3336,Nullreference,0.6986815
331.3447,Nullreference,0.6483347
331.356,Nullreference,0.6009767
331.367,Nullreference,0.5594386
331.378,Nullreference,0.5106395
331.3892,Nullreference,0.459846
331.4009,Nullreference,0.4325507
331.4116,Nullreference,0.4018632
331.4226,Nullreference,0.3870271
331.4337,Nullreference,0.3684292
331.4448,Nullreference,0.3484307
331.4559,Nullreference,0.338109
331.467,Nullreference,0.3380639
331.4782,Nullreference,0.3730682
331.4893,Nullreference,0.4519099
331.5003,Nullreference,0.5601651
331.5114,Nullreference,0.7284524
331.5226,Nullreference,0.8547584
331.5337,Nullreference,0.9904723
331.5446,Nullreference,1.094525
331.5558,Nullreference,1.201636
331.567,Nullreference,1.312381
331.5779,Nullreference,1.414687
331.5893,Nullreference,1.523244
331.6001,Nullreference,1.614113
331.6113,Nullreference,1.715172
331.6223,Nullreference,1.796531
331.6336,Nullreference,1.89402
331.6445,Nullreference,1.979028
331.6555,Nullreference,2.048019
331.6667,Nullreference,2.116955
331.6779,Nullreference,2.170667
331.689,Nullreference,2.224527
331.7,Nullreference,2.255746
331.7112,Nullreference,2.282191
331.7222,Nullreference,2.309692
331.7333,Nullreference,2.335705
331.7443,Nullreference,2.36163
331.7558,Nullreference,2.382786
331.7666,Nullreference,2.403993
331.7778,Nullreference,2.412211
331.7887,Nullreference,2.422966
331.7999,Nullreference,2.431463
331.8109,Nullreference,2.433984
331.822,Nullreference,2.432528
331.8331,Nullreference,2.42274
331.8442,Nullreference,2.409542
331.8554,Nullreference,2.392196
331.8666,Nullreference,2.362891
331.8777,Nullreference,2.327112
331.8892,Nullreference,2.310019
331.8998,Collider_Roger_Body,2.302095
331.9109,Collider_Roger_Body,2.299777
331.9221,Collider_Roger_Body,2.306606
331.933,Collider_Roger_Body,2.320511
331.9443,Collider_Roger_Body,2.339958
331.9553,Collider_Roger_Body,2.363715
331.9664,Collider_Roger_Body,2.391213
331.9774,Collider_Roger_Body,2.444403
331.9886,Collider_Roger_Body,2.485695
331.9996,Collider_Roger_Body,2.548468
332.0108,Collider_Roger_Body,2.60681
332.0219,Collider_Roger_Body,2.607563
332.033,Collider_Roger_Body,2.509368
332.0441,Collider_Roger_Body,2.355541
332.0553,Collider_Roger_Body,2.139967
332.0663,Collider_Roger_Body,1.962791
332.0773,Collider_Roger_Body,1.791375
332.0885,Collider_Roger_Body,1.656795
332.0997,Collider_Roger_Body,1.565196
332.1107,Collider_Roger_Body,1.465212
332.1219,Collider_Roger_Body,1.378415
332.1329,Collider_Roger_Body,1.243042
332.1439,Collider_Roger_Body,1.116575
332.1553,Collider_Roger_Body,0.9687175
332.1661,Collider_Roger_Body,0.8474405
332.1772,Collider_Roger_Body,0.775165
332.1884,Collider_Roger_Body,0.7217318
332.1994,Collider_Roger_Body,0.6966442
332.2104,Collider_Roger_Body,0.6992616
332.2218,Collider_Roger_Body,0.7199301
332.2327,Collider_Roger_Body,0.7484569
332.2439,Collider_Roger_Body,0.8026498
332.255,Collider_Roger_Body,0.8636933
332.266,Collider_Roger_Body,0.9404537
332.2771,Collider_Roger_Body,1.038958
332.2882,Collider_Roger_Body,1.113463
332.2993,Collider_Roger_Body,1.230132
332.3103,Collider_Roger_Body,1.32204
332.3217,Collider_Roger_Body,1.4379
332.3328,Collider_Roger_Body,1.531086
332.3437,Collider_Roger_Body,1.646978
332.3547,Collider_Roger_Body,1.754756
332.3658,Collider_Roger_Body,1.862616
332.3768,Nullreference,1.985022
332.3881,Nullreference,2.086792
332.3993,Nullreference,2.20124
332.4102,Nullreference,2.283314
332.4213,Nullreference,2.369896
332.4323,Nullreference,2.437584
332.4444,Nullreference,2.494623
332.4546,Nullreference,2.532995
332.4656,Nullreference,2.573831
332.4767,Nullreference,2.602126
332.4884,Nullreference,2.630845
332.4989,Nullreference,2.65191
332.51,Nullreference,2.652419
332.5211,Nullreference,2.651435
332.5323,Nullreference,2.648326
332.5432,Nullreference,2.647229
332.5546,Nullreference,2.628361
332.5655,Nullreference,2.606485
332.5767,Nullreference,2.579616
332.5877,Nullreference,2.555952
332.5987,Nullreference,2.536747
332.61,Nullreference,2.528745
332.6209,Nullreference,2.535309
332.6321,Nullreference,2.549884
332.6432,Nullreference,2.555941
332.6544,Nullreference,2.557638
332.6654,Nullreference,2.572213
332.6767,Nullreference,2.575341
332.6879,Nullreference,2.579205
332.6989,Nullreference,2.581442
332.7101,Nullreference,2.594031
332.7213,Nullreference,2.592503
332.7321,Nullreference,2.578794
332.7434,Nullreference,2.561166
332.7553,Nullreference,2.539551
332.7656,Nullreference,2.521932
332.7768,Nullreference,2.51261
332.7879,Nullreference,2.516789
332.7988,Nullreference,2.530727
332.8102,Nullreference,2.552519
332.8212,Nullreference,2.57686
332.8322,Nullreference,2.60453
332.8433,Nullreference,2.628712
332.8546,Nullreference,2.64515
332.8659,Nullreference,2.658894
332.8768,Nullreference,2.669856
332.888,Nullreference,2.670783
332.8989,Nullreference,2.676147
332.91,Nullreference,2.671111
332.9212,Nullreference,2.664082
332.9322,Nullreference,2.650716
332.9433,Nullreference,2.628832
332.9545,Nullreference,2.604309
332.9656,Nullreference,2.576471
332.9767,Nullreference,2.54624
332.9877,Nullreference,2.509211
332.9989,Nullreference,2.481891
333.01,Nullreference,2.451777
333.0212,Nullreference,2.417242
333.0323,Nullreference,2.379944
333.0434,Nullreference,2.334535
333.0546,Nullreference,2.293927
333.0655,Nullreference,2.236623
333.0767,Nullreference,2.174555
333.0879,Nullreference,2.103757
333.0989,Nullreference,2.042235
333.11,Nullreference,1.971536
333.1213,Nullreference,1.911381
333.1322,Nullreference,1.842803
333.1432,Nullreference,1.777865
333.1544,Nullreference,1.718234
333.1655,Nullreference,1.65813
333.1766,Nullreference,1.614677
333.1878,Nullreference,1.569169
333.1989,Nullreference,1.519042
333.2102,Nullreference,1.482867
333.221,Nullreference,1.451837
333.2324,Nullreference,1.419513
333.2432,Nullreference,1.381824
333.2545,Nullreference,1.357442
333.2654,Nullreference,1.341848
333.2767,Nullreference,1.324521
333.2877,Nullreference,1.315912
333.2988,Nullreference,1.308859
333.3099,Nullreference,1.300869
333.3209,Nullreference,1.306168
333.332,Nullreference,1.311644
333.3432,Nullreference,1.32209
333.3543,Nullreference,1.333893
333.3654,Nullreference,1.354385
333.3764,Nullreference,1.378732
333.3878,Nullreference,1.391666
333.3987,Nullreference,1.416689
333.4098,Nullreference,1.438109
333.4211,Nullreference,1.451457
333.4323,Nullreference,1.470418
333.4431,Nullreference,1.482705
333.4542,Nullreference,1.493067
333.4652,Nullreference,1.505127
333.4763,Nullreference,1.514396
333.4878,Nullreference,1.518541
333.4988,Nullreference,1.520445
333.5099,Nullreference,1.50884
333.5209,Nullreference,1.483898
333.5321,Nullreference,1.461067
333.543,Nullreference,1.434346
333.5543,Nullreference,1.412959
333.5652,Nullreference,1.382083
333.5761,Nullreference,1.35504
333.5883,Nullreference,1.323232
333.5984,Nullreference,1.290304
333.6095,Nullreference,1.25431
333.6205,Nullreference,1.198634
333.6318,Nullreference,1.146511
333.6428,Nullreference,1.090662
333.6538,Nullreference,1.033543
333.665,Nullreference,0.9933249
333.6761,Nullreference,0.9546537
333.6872,Nullreference,0.9256527
333.6983,Nullreference,0.9063172
333.7094,Nullreference,0.8846526
333.7206,Nullreference,0.8686522
333.7317,Nullreference,0.8432698
333.7427,Nullreference,0.8068798
333.7539,Nullreference,0.7727953
333.7649,Nullreference,0.7442923
333.776,Nullreference,0.7145471
333.7871,Nullreference,0.703522
333.7982,Nullreference,0.7145927
333.8093,Nullreference,0.7313817
333.8205,Nullreference,0.754548
333.8316,Nullreference,0.7683869
333.8427,Nullreference,0.7754111
333.8537,Nullreference,0.7660508
333.8648,Nullreference,0.7525569
333.8759,Nullreference,0.7364277
333.8869,Nullreference,0.723079
333.8979,Nullreference,0.6943213
333.909,Nullreference,0.6799482
333.9203,Nullreference,0.6510652
333.9314,Nullreference,0.6303024
333.9423,Nullreference,0.6097384
333.9534,Nullreference,0.5909223
333.9646,Nullreference,0.5710595
333.9756,Nullreference,0.5480294
333.9868,Nullreference,0.5286313
333.9979,Nullreference,0.5031695
334.0091,Nullreference,0.4858362
334.02,Nullreference,0.4772501
334.0312,Nullreference,0.4723412
334.0422,Nullreference,0.4788613
334.0534,Nullreference,0.4838805
334.0645,Nullreference,0.49024
334.0757,Nullreference,0.4914154
334.0868,Nullreference,0.4927232
334.0979,Nullreference,0.4851629
334.1089,Nullreference,0.4632126
334.12,Nullreference,0.4382842
334.1312,Nullreference,0.4177212
334.1422,Nullreference,0.4037385
334.1533,Nullreference,0.4000709
334.1644,Nullreference,0.4033436
334.1755,Nullreference,0.4102413
334.1867,Nullreference,0.4369121
334.1978,Nullreference,0.4732749
334.209,Nullreference,0.5095956
334.2199,Nullreference,0.5559061
334.231,Nullreference,0.6031698
334.2421,Nullreference,0.6485585
334.2532,Nullreference,0.6901113
334.2643,Nullreference,0.7287676
334.2755,Nullreference,0.7533707
334.2866,Nullreference,0.7574217
334.2976,Nullreference,0.753467
334.3088,Nullreference,0.7524184
334.3199,Nullreference,0.7676055
334.3311,Nullreference,0.7889804
334.3421,Nullreference,0.820065
334.3533,Nullreference,0.8690049
334.3643,Nullreference,0.9333388
334.3754,Nullreference,1.00425
334.3865,Nullreference,1.102725
334.3976,Nullreference,1.19679
334.4087,Nullreference,1.338142
334.4199,Nullreference,1.488278
334.431,Nullreference,1.617572
334.4421,Nullreference,1.789652
334.4532,Nullreference,1.94541
334.4643,Nullreference,2.128534
334.4755,Nullreference,2.346339
334.4865,Nullreference,2.539032
334.502,Nullreference,2.775788
334.5088,Nullreference,2.968006
334.5186,Nullreference,3.172667
334.5324,Nullreference,3.346564
334.5433,Nullreference,3.51317
334.5538,Nullreference,3.622431
334.5628,Nullreference,3.723571
334.5739,Nullreference,3.795671
334.5851,Nullreference,3.888032
334.5962,Nullreference,3.954647
334.6074,Nullreference,4.027284
334.6184,Nullreference,4.083336
334.6295,Nullreference,4.113747
334.6406,Nullreference,4.139551
334.6518,Nullreference,4.148019
334.6628,Nullreference,4.165443
334.674,Nullreference,4.212519
334.6851,Nullreference,4.306896
334.6962,Nullreference,4.424124
334.7074,Nullreference,4.522624
334.7184,Nullreference,4.617526
334.7295,Nullreference,4.66478
334.7406,Nullreference,4.699492
334.7517,Nullreference,4.722628
334.7627,Nullreference,4.731815
334.7741,Nullreference,4.71659
334.7851,Nullreference,4.673478
334.7961,Nullreference,4.585721
334.8072,Nullreference,4.479797
334.8182,Nullreference,4.399187
334.8295,Nullreference,4.300344
334.8405,Nullreference,4.21572
334.8517,Nullreference,4.128306
334.8627,Nullreference,4.032753
334.874,Nullreference,3.92335
334.8853,Nullreference,3.825764
334.8964,Nullreference,3.707134
334.9076,Nullreference,3.598127
334.9189,Nullreference,3.499584
334.9303,Nullreference,3.415403
334.9414,Nullreference,3.36344
334.9527,Nullreference,3.308113
334.9638,Nullreference,3.231595
334.9751,Nullreference,3.137464
334.9866,Nullreference,3.014962
334.9975,Nullreference,2.896533
335.0086,Nullreference,2.790766
335.0198,Nullreference,2.695359
335.0309,Nullreference,2.629645
335.0419,Nullreference,2.566174
335.053,Nullreference,2.523145
335.0641,Nullreference,2.482022
335.0754,Nullreference,2.440882
335.0866,Nullreference,2.395193
335.0976,Nullreference,2.352362
335.1086,Nullreference,2.297812
335.1199,Nullreference,2.246613
335.131,Nullreference,2.193172
335.1422,Collider_Roger_State_action,2.139343
335.1531,Collider_Roger_State_action,2.087848
335.1644,Collider_Roger_State_action,2.033685
335.1754,Collider_Roger_State_action,1.990377
335.1865,Collider_Roger_State_action,1.942998
335.1981,Collider_Roger_State_action,1.902359
335.2087,Collider_Roger_State_action,1.865294
335.2198,Collider_Roger_State_action,1.822698
335.2309,Collider_Roger_State_action,1.793522
335.2421,Collider_Roger_State_action,1.777656
335.2532,Collider_Roger_State_action,1.766875
335.2642,Collider_Roger_State_action,1.760011
335.2754,Collider_Roger_State_action,1.732386
335.2865,Collider_Roger_State_action,1.714249
335.2976,Collider_Roger_State_action,1.707716
335.3088,Collider_Roger_State_action,1.706218
335.3198,Collider_Roger_State_action,1.703614
335.3309,Collider_Roger_State_action,1.690893
335.3421,Collider_Roger_State_action,1.659947
335.3534,Collider_Roger_State_action,1.636527
335.3643,Collider_Roger_State_action,1.63002
335.3762,Collider_Roger_State_action,1.602087
335.3865,Collider_Roger_State_action,1.578864
335.3976,Collider_Roger_State_action,1.547241
335.4088,Collider_Roger_State_action,1.517791
335.4201,Collider_Roger_State_action,1.492903
335.431,Collider_Roger_State_action,1.470298
335.4423,Collider_Roger_State_action,1.437078
335.4536,Collider_Roger_State_action,1.399001
335.4645,Collider_Roger_State_action,1.377687
335.4755,Collider_Roger_State_action,1.362037
335.4867,Collider_Roger_State_action,1.360716
335.4979,Collider_Roger_State_action,1.362539
335.5089,Collider_Roger_State_action,1.362289
335.5203,Collider_Roger_State_action,1.358934
335.5312,Collider_Roger_State_action,1.347655
335.5424,Collider_Roger_State_action,1.338626
335.5534,Collider_Roger_State_action,1.331988
335.5646,Collider_Roger_State_action,1.326171
335.5757,Collider_Roger_State_action,1.317154
335.587,Collider_Roger_State_action,1.315305
335.598,Collider_Roger_State_action,1.311106
335.609,Collider_Roger_State_action,1.312809
335.6201,Collider_Roger_State_action,1.32794
335.6312,Nullreference,1.345188
335.6424,Collider_Roger_State_action,1.367115
335.6534,Collider_Roger_State_action,1.382397
335.6646,Collider_Roger_State_action,1.411757
335.6757,Collider_Roger_State_action,1.422434
335.6869,Collider_Roger_State_action,1.424266
335.6979,Collider_Roger_State_action,1.416183
335.709,Collider_Roger_State_action,1.402308
335.7202,Collider_Roger_State_action,1.37647
335.7312,Collider_Roger_State_action,1.339473
335.7426,Collider_Roger_State_action,1.2961
335.7541,Collider_Roger_State_action,1.239403
335.7647,Collider_Roger_State_action,1.194277
335.7757,Collider_Roger_State_action,1.122428
335.787,Collider_Roger_State_action,1.044519
335.7979,Collider_Roger_State_action,0.9641569
335.8091,Collider_Roger_State_action,0.9071938
335.8203,Collider_Roger_State_action,0.8726354
335.8313,Collider_Roger_State_action,0.8706776
335.8424,Collider_Roger_State_action,0.9003627
335.8535,Collider_Roger_State_action,0.969759
335.8646,Collider_Roger_State_action,1.063842
335.876,Collider_Roger_State_action,1.148493
335.8868,Collider_Roger_State_action,1.240217
335.8978,Collider_Roger_State_action,1.305001
335.9091,Collider_Roger_State_action,1.366271
335.9202,Collider_Roger_State_action,1.4119
335.9312,Collider_Roger_State_action,1.440461
335.9424,Collider_Roger_State_action,1.454078
335.9535,Collider_Roger_State_action,1.465887
335.9646,Collider_Roger_State_action,1.474076
335.9757,Collider_Roger_State_action,1.472723
335.9868,Collider_Roger_State_action,1.468865
335.998,Collider_Roger_State_action,1.45864
336.009,Collider_Roger_State_action,1.440094
336.0201,Collider_Roger_State_action,1.407875
336.031,Collider_Roger_State_action,1.372316
336.0422,Collider_Roger_State_action,1.316525
336.0533,Collider_Roger_State_action,1.251959
336.0644,Collider_Roger_State_action,1.18417
336.0755,Collider_Roger_State_action,1.097571
336.0866,Collider_Roger_State_action,1.015558
336.0977,Collider_Roger_State_action,0.9208676
336.109,Collider_Roger_State_action,0.8262474
336.12,Collider_Roger_State_action,0.7214891
336.1355,Collider_Roger_State_action,0.6137115
336.1422,Collider_Roger_State_action,0.5263122
336.1504,Collider_Roger_State_action,0.4552319
336.1615,Collider_Roger_State_action,0.350999
336.1727,Collider_Roger_State_action,0.258423
336.1838,Collider_Roger_State_action,0.1627129
336.1948,Collider_Roger_State_action,0.08344722
336.2065,Collider_Roger_State_action,0.07958899
336.2172,Collider_Roger_State_action,0.1206682
336.2282,Collider_Roger_State_action,0.1907597
336.2393,Collider_Roger_State_action,0.2539673
336.2505,Collider_Roger_State_action,0.3394989
336.2615,Collider_Roger_State_action,0.4163733
336.2726,Collider_Roger_State_action,0.5126957
336.2838,Collider_Roger_State_action,0.6371365
336.295,Collider_Roger_State_action,0.7524891
336.306,Collider_Roger_State_action,0.8442274
336.3172,Collider_Roger_State_action,0.9516945
336.3281,Collider_Roger_State_action,1.028549
336.3397,Collider_Roger_State_action,1.104542
336.3505,Collider_Roger_State_action,1.15048
336.3615,Collider_Roger_State_action,1.185512
336.3727,Collider_Roger_State_action,1.205859
336.3837,Collider_Roger_State_action,1.203195
336.3952,Collider_Roger_State_action,1.190934
336.406,Collider_Roger_State_action,1.169538
336.4171,Collider_Roger_State_action,1.141125
336.4282,Collider_Roger_State_action,1.106763
336.4394,Collider_Roger_State_action,1.074782
336.4504,Collider_Roger_State_action,1.047164
336.4616,Collider_Roger_State_action,1.043546
336.4725,Collider_Roger_State_action,1.067896
336.4837,Collider_Roger_State_action,1.124786
336.4951,Collider_Roger_State_action,1.212205
336.5062,Collider_Roger_State_action,1.336701
336.5175,Collider_Roger_State_action,1.436419
336.5291,Collider_Roger_State_action,1.568395
336.5403,Collider_Roger_State_action,1.6765
336.5514,Collider_Roger_State_action,1.747441
336.5627,Collider_Roger_State_action,1.803929
336.574,Collider_Roger_State_action,1.833143
336.5853,Collider_Roger_State_action,1.846907
336.5967,Nullreference,1.838278
336.6078,Nullreference,1.816141
336.6192,Nullreference,1.772983
336.6304,Nullreference,1.720157
336.6415,Nullreference,1.643365
336.653,Nullreference,1.574152
336.664,Nullreference,1.479877
336.6752,Nullreference,1.367939
336.6864,Nullreference,1.269734
336.6981,Nullreference,1.159589
336.7086,Nullreference,1.073661
336.7198,Nullreference,0.9769562
336.7308,Nullreference,0.9018384
336.742,Nullreference,0.844988
336.7534,Nullreference,0.8013799
336.7641,Nullreference,0.7738489
336.7752,Nullreference,0.7574273
336.7866,Nullreference,0.7558265
336.7974,Nullreference,0.7694588
336.8085,Nullreference,0.8043863
336.8197,Nullreference,0.8410624
336.8308,Nullreference,0.8938872
336.8419,Nullreference,0.9476448
336.853,Nullreference,0.9940597
336.8641,Nullreference,1.045389
336.8747,Nullreference,1.082369
336.8859,Nullreference,1.113015
336.897,Nullreference,1.134344
336.9081,Nullreference,1.142989
336.9191,Nullreference,1.149902
336.9303,Nullreference,1.132923
336.9414,Nullreference,1.114658
336.9524,Nullreference,1.091016
336.9637,Nullreference,1.047989
336.9748,Nullreference,1.007656
336.986,Nullreference,0.9638104
336.997,Nullreference,0.92311
337.0082,Nullreference,0.8829904
337.0192,Nullreference,0.8524396
337.0301,Nullreference,0.8439033
337.0414,Nullreference,0.839526
337.0524,Nullreference,0.8512475
337.0636,Nullreference,0.8673536
337.0747,Nullreference,0.899512
337.0859,Nullreference,0.9385747
337.0968,Nullreference,0.9732075
337.1082,Nullreference,1.000145
337.1191,Nullreference,1.001991
337.1302,Nullreference,1
337.1414,Nullreference,1.008543
337.1524,Nullreference,1.053996
337.1637,Nullreference,1.180978
337.1746,Nullreference,1.397946
337.1858,Nullreference,1.639352
337.1967,Nullreference,1.938976
337.208,Nullreference,2.178216
337.219,Nullreference,2.343002
337.2301,Collider_Roger_Body,2.473392
337.2412,Nullreference,2.523737
337.2523,Nullreference,2.516498
337.2634,Nullreference,2.462376
337.2744,Nullreference,2.401384
337.2857,Nullreference,2.352295
337.2968,Nullreference,2.341524
337.3081,Nullreference,2.348439
337.319,Nullreference,2.272135
337.3302,Nullreference,2.10924
337.3414,Nullreference,1.964063
337.3522,Nullreference,1.85959
337.3633,Nullreference,1.779743
337.3745,Nullreference,1.688607
337.3856,Nullreference,1.599967
337.3967,Nullreference,1.466127
337.4083,Nullreference,1.340627
337.4188,Nullreference,1.187993
337.4299,Nullreference,1.063278
337.4411,Nullreference,0.924107
337.4523,Nullreference,0.8113169
337.4632,Nullreference,0.7536626
337.4744,Nullreference,0.7177815
337.4855,Nullreference,0.7045697
337.4966,Nullreference,0.6456255
337.5077,Nullreference,0.5618889
337.5187,Nullreference,0.4777118
337.5302,Nullreference,0.4285048
337.5412,Nullreference,0.4247391
337.5523,Nullreference,0.4439268
337.5632,Nullreference,0.5098203
337.5743,Nullreference,0.5537825
337.5854,Nullreference,0.5876907
337.5965,Nullreference,0.5946018
337.6079,Nullreference,0.5894604
337.6189,Nullreference,0.5917264
337.6299,Collider_Roger_Body,0.606696
337.6413,Collider_Roger_Body,0.6200822
337.6521,Collider_Roger_Body,0.6496791
337.6632,Collider_Roger_Body,0.6921961
337.6745,Collider_Roger_Body,0.7187738
337.6854,Collider_Roger_Body,0.7643496
337.6965,Collider_Roger_Body,0.8209128
337.7077,Collider_Roger_Body,0.872171
337.7188,Collider_Roger_Body,0.9128794
337.73,Collider_Roger_Body,0.9432431
337.7411,Collider_Roger_Body,0.9604284
337.752,Collider_Roger_Body,0.9458363
337.7632,Collider_Roger_Body,0.933651
337.7743,Collider_Roger_Body,0.9230189
337.7854,Collider_Roger_Body,0.9106197
337.7973,Collider_Roger_Body,0.9008259
337.8077,Collider_Roger_Body,0.8798546
337.8188,Collider_Roger_Body,0.85346
337.8298,Collider_Roger_Body,0.841598
337.8409,Collider_Roger_Body,0.8146399
337.8524,Collider_Roger_Body,0.8003774
337.8632,Collider_Roger_Body,0.8108171
337.8743,Collider_Roger_Body,0.8393597
337.8855,Collider_Roger_Body,0.8760694
337.8965,Collider_Roger_Body,0.909612
337.9076,Collider_Roger_Body,0.937744
337.9187,Collider_Roger_Body,0.9714056
337.9299,Collider_Roger_Body,1.000092
337.941,Collider_Roger_Body,1.025261
337.9521,Collider_Roger_Body,1.044069
337.9632,Collider_Roger_Body,1.036805
337.9743,Collider_Roger_Body,1.029472
337.9854,Collider_Roger_Body,1.015809
337.9965,Collider_Roger_Body,0.9842035
338.0078,Collider_Roger_Body,0.9450122
338.0189,Collider_Roger_Body,0.871487
338.0298,Collider_Roger_Body,0.7982906
338.041,Collider_Roger_Body,0.7193183
338.0521,Collider_Roger_Body,0.6357224
338.0631,Collider_Roger_Body,0.5799382
338.0742,Collider_Roger_Body,0.5287868
338.0854,Collider_Roger_Body,0.5019048
338.0967,Collider_Roger_Body,0.4922081
338.1076,Collider_Roger_Body,0.492058
338.1187,Collider_Roger_Body,0.4988368
338.1298,Collider_Roger_Body,0.5205417
338.1409,Collider_Roger_Body,0.5461709
338.152,Collider_Roger_Body,0.5685109
338.1631,Collider_Roger_Body,0.5917294
338.1743,Collider_Roger_Body,0.6120986
338.1854,Collider_Roger_Body,0.6098505
338.1964,Collider_Roger_Body,0.6030856
338.2077,Collider_Roger_Body,0.5864505
338.2189,Collider_Roger_Body,0.5776106
338.2299,Collider_Roger_Body,0.5652472
338.241,Collider_Roger_Body,0.5586163
338.2521,Collider_Roger_Body,0.5405839
338.2632,Collider_Roger_Body,0.5327141
338.2743,Collider_Roger_Body,0.5164421
338.2855,Collider_Roger_Body,0.5056051
338.2967,Collider_Roger_Body,0.4983452
338.3077,Collider_Roger_Body,0.4944534
338.3189,Collider_Roger_Body,0.4939886
338.3299,Collider_Roger_Body,0.5008302
338.341,Collider_Roger_Body,0.5082554
338.3522,Collider_Roger_Body,0.5256805
338.3633,Collider_Roger_Body,0.5627237
338.3745,Collider_Roger_Body,0.6040299
338.3854,Collider_Roger_Body,0.6576347
338.3966,Collider_Roger_Body,0.7041429
338.4078,Collider_Roger_Body,0.7582729
338.4188,Collider_Roger_Body,0.778449
338.4298,Collider_Roger_Body,0.795298
338.4415,Collider_Roger_Body,0.8201787
338.4523,Collider_Roger_Body,0.8491298
338.4633,Collider_Roger_Body,0.8870745
338.4743,Collider_Roger_Body,0.9418249
338.4858,Collider_Roger_Body,0.9940441
338.497,Collider_Roger_Body,1.045892
338.5077,Collider_Roger_Body,1.085783
338.519,Collider_Roger_Body,1.104222
338.5303,Collider_Roger_Body,1.114929
338.5412,Collider_Roger_Body,1.101501
338.5522,Collider_Roger_Body,1.087151
338.5634,Collider_Roger_Body,1.076637
338.5743,Collider_Roger_Body,1.078108
338.5854,Collider_Roger_Body,1.095135
338.5968,Collider_Roger_Body,1.123354
338.6077,Collider_Roger_Body,1.153047
338.6189,Nullreference,1.181449
338.6298,Nullreference,1.196375
338.6408,Nullreference,1.191916
338.652,Nullreference,1.168288
338.663,Nullreference,1.104217
338.6741,Nullreference,1.057116
338.6852,Nullreference,1.004005
338.6964,Nullreference,0.9615726
338.7075,Nullreference,0.9432558
338.7188,Nullreference,0.9355561
338.7297,Nullreference,0.9374673
338.7407,Nullreference,0.941287
338.7518,Nullreference,0.9288096
338.763,Nullreference,0.9000893
338.774,Nullreference,0.8562502
338.7852,Nullreference,0.8025337
338.7964,Nullreference,0.7488854
338.8073,Nullreference,0.6996455
338.8184,Nullreference,0.6449422
338.8295,Nullreference,0.6000851
338.8408,Nullreference,0.5364468
338.852,Nullreference,0.4824124
338.8629,Nullreference,0.4037518
338.874,Nullreference,0.3285296
338.8851,Nullreference,0.2698352
338.8965,Nullreference,0.2062203
338.9072,Nullreference,0.1855848
338.9184,Collider_Roger_State_action,0.1937931
338.9294,Collider_Roger_State_action,0.2138007
338.9409,Collider_Roger_State_action,0.2446519
338.9519,Collider_Roger_State_action,0.2669018
338.9629,Collider_Roger_State_action,0.2736564
338.9739,Collider_Roger_State_action,0.2795681
338.985,Collider_Roger_State_action,0.286757
338.9961,Collider_Roger_State_action,0.2825812
339.0073,Collider_Roger_State_action,0.285719
339.0186,Collider_Roger_State_action,0.2882468
339.0296,Collider_Roger_State_action,0.2985607
339.0406,Collider_Roger_State_action,0.3064636
339.0518,Collider_Roger_State_action,0.313832
339.0629,Collider_Roger_State_action,0.3348282
339.074,Collider_Roger_State_action,0.3496446
339.0851,Collider_Roger_State_action,0.3563909
339.0961,Collider_Roger_State_action,0.3617591
339.1073,Collider_Roger_State_action,0.3631358
339.1185,Collider_Roger_State_action,0.3673978
339.1294,Collider_Roger_State_action,0.3650934
339.1406,Collider_Roger_State_action,0.3569053
339.1518,Collider_Roger_State_action,0.3460034
339.1628,Collider_Roger_State_action,0.3297769
339.1739,Collider_Roger_State_action,0.3116694
339.185,Collider_Roger_State_action,0.3017265
339.196,Collider_Roger_State_action,0.287213
339.2074,Collider_Roger_State_action,0.2762433
339.2198,Collider_Roger_State_action,0.2691479
339.2295,Collider_Roger_State_action,0.2626092
339.2407,Collider_Roger_State_action,0.2574725
339.2518,Collider_Roger_State_action,0.2479132
339.2628,Collider_Roger_State_action,0.2384207
339.2739,Collider_Roger_State_action,0.2245029
339.2849,Collider_Roger_State_action,0.2080947
339.2961,Collider_Roger_State_action,0.203609
339.3073,Collider_Roger_State_action,0.21292
339.3183,Collider_Roger_State_action,0.2319323
339.3293,Collider_Roger_State_action,0.2525891
339.3405,Collider_Roger_State_action,0.262392
339.3515,Collider_Roger_State_action,0.2656066
339.3628,Collider_Roger_State_action,0.2655083
339.3738,Collider_Roger_State_action,0.2519835
339.3849,Collider_Roger_State_action,0.2259565
339.3961,Collider_Roger_State_action,0.2108615
339.4071,Collider_Roger_State_action,0.1975185
339.4186,Collider_Roger_State_action,0.1908562
339.4293,Collider_Roger_State_action,0.1840826
339.4405,Collider_Roger_State_action,0.1816918
339.4528,Collider_Roger_State_action,0.1809465
339.4626,Collider_Roger_State_action,0.181721
339.4738,Collider_Roger_State_action,0.1845118
339.4849,Collider_Roger_State_action,0.182997
339.496,Collider_Roger_State_action,0.1845084
339.5071,Collider_Roger_State_action,0.1950724
339.5182,Collider_Roger_State_action,0.2028635
339.5297,Collider_Roger_State_action,0.2237372
339.5406,Collider_Roger_State_action,0.2405119
339.5516,Collider_Roger_State_action,0.2551504
339.5628,Collider_Roger_State_action,0.2683659
339.5739,Collider_Roger_State_action,0.2715358
339.5851,Collider_Roger_State_action,0.2803854
339.596,Collider_Roger_State_action,0.2959284
339.6071,Collider_Roger_State_action,0.3211509
339.6182,Collider_Roger_State_action,0.3601051
339.6293,Collider_Roger_State_action,0.3948728
339.6404,Collider_Roger_State_action,0.4227209
339.6516,Collider_Roger_State_action,0.4536217
339.6628,Collider_Roger_State_action,0.473928
339.6737,Collider_Roger_State_action,0.4998258
339.6849,Collider_Roger_State_action,0.5273635
339.6959,Collider_Roger_State_action,0.5573086
339.707,Collider_Roger_State_action,0.5963171
339.7181,Collider_Roger_State_action,0.6284028
339.7293,Collider_Roger_State_action,0.6551253
339.7405,Collider_Roger_State_action,0.6673259
339.7514,Collider_Roger_State_action,0.6727749
339.7626,Collider_Roger_State_action,0.653388
339.7736,Collider_Roger_State_action,0.6288804
339.7848,Collider_Roger_State_action,0.608237
339.7958,Collider_Roger_State_action,0.5845585
339.807,Collider_Roger_State_action,0.5575293
339.8183,Collider_Roger_State_action,0.5363911
339.8291,Collider_Roger_State_action,0.5142488
339.8405,Collider_Roger_State_action,0.5035577
339.8515,Collider_Roger_State_action,0.5089896
339.8626,Collider_Roger_State_action,0.5098488
339.8738,Collider_Roger_State_action,0.5110025
339.885,Collider_Roger_State_action,0.5130328
339.896,Collider_Roger_State_action,0.5562373
339.907,Collider_Roger_State_action,0.6549948
339.9182,Collider_Roger_State_action,0.7203135
339.9292,Collider_Roger_State_action,0.7365459
339.9402,Collider_Roger_State_action,0.6960245
339.9515,Collider_Roger_State_action,0.5947196
339.9626,Collider_Roger_State_action,0.4847756
339.9736,Collider_Roger_State_action,0.3817873
339.9847,Collider_Roger_State_action,0.352995
339.9958,Collider_Roger_State_action,0.4018333
340.0069,Collider_Roger_State_action,0.4999085
340.0183,Collider_Roger_State_action,0.6004222
340.0291,Collider_Roger_State_action,0.6904366
340.0403,Collider_Roger_State_action,0.7527492
340.0515,Collider_Roger_State_action,0.8032804
340.0626,Collider_Roger_State_action,0.8215265
340.0736,Collider_Roger_State_action,0.8044358
340.0847,Collider_Roger_State_action,0.7444607
340.0959,Collider_Roger_State_action,0.6669511
340.1069,Collider_Roger_State_action,0.6146252
340.1181,Collider_Roger_State_action,0.5493472
340.1291,Collider_Roger_State_action,0.4972561
340.1403,Collider_Roger_State_action,0.4380949
340.1516,Collider_Roger_State_action,0.3990566
340.1624,Collider_Roger_State_action,0.3762856
340.1736,Collider_Roger_State_action,0.3572477
340.1849,Collider_Roger_State_action,0.3783276
340.1958,Collider_Roger_State_action,0.424188
340.2068,Collider_Roger_State_action,0.5129932
340.218,Collider_Roger_State_action,0.5927997
340.2292,Collider_Roger_State_action,0.6425372
340.2404,Collider_Roger_State_action,0.6424003
340.2515,Collider_Roger_State_action,0.600728
340.2624,Collider_Roger_State_action,0.5808477
340.2735,Collider_Roger_State_action,0.5924088
340.2846,Collider_Roger_State_action,0.6075726
340.2956,Collider_Roger_State_action,0.587236
340.3071,Collider_Roger_State_action,0.5386836
340.3179,Collider_Roger_State_action,0.4766104
340.329,Collider_Roger_State_action,0.4477288
340.3401,Collider_Roger_State_action,0.438691
340.3514,Collider_Roger_State_action,0.4506786
340.3624,Collider_Roger_State_action,0.4613362
340.3734,Collider_Roger_State_action,0.4401107
340.3845,Collider_Roger_State_action,0.4031822
340.3958,Collider_Roger_State_action,0.3611549
340.4066,Collider_Roger_State_action,0.3357997
340.4178,Collider_Roger_State_action,0.3183605
340.429,Collider_Roger_State_action,0.2992783
340.4401,Collider_Roger_State_action,0.3067817
340.4511,Collider_Roger_State_action,0.3546948
340.4638,Collider_Roger_State_action,0.410903
340.4735,Collider_Roger_State_action,0.446613
340.4844,Collider_Roger_State_action,0.4524486
340.4956,Plane,0.4499659
340.5067,Plane,0.4376006
340.5178,Plane,0.4540954
340.5288,Plane,0.4950666
340.5406,Plane,0.5575043
340.5511,Collider_Roger_State_action,0.5855518
340.5623,Collider_Roger_State_action,0.5955617
340.5736,Collider_Roger_State_action,0.5801873
340.5854,Collider_Roger_State_action,0.5405264
340.5957,Collider_Roger_State_action,0.4793329
340.6067,Collider_Roger_State_action,0.4271203
340.6177,Collider_Roger_State_action,0.3972073
340.6288,Collider_Roger_State_action,0.3625755
340.64,Collider_Roger_State_action,0.3234335
340.6512,Collider_Roger_State_action,0.2469762
340.662,Collider_Roger_State_action,0.2060396
340.6732,Collider_Roger_State_action,0.1947669
340.6843,Collider_Roger_State_action,0.2221294
340.6954,Collider_Roger_State_action,0.2609137
340.7065,Collider_Roger_State_action,0.3050299
340.7184,Collider_Roger_State_action,0.3213457
340.729,Collider_Roger_State_action,0.3276529
340.7399,Collider_Roger_State_action,0.3412388
340.7508,Collider_Roger_State_action,0.360333
340.762,Collider_Roger_State_action,0.3804806
340.7731,Collider_Roger_State_action,0.3841563
340.7841,Collider_Roger_State_action,0.3759746
340.7953,Collider_Roger_State_action,0.3749043
340.8063,Collider_Roger_State_action,0.3596065
340.8174,Collider_Roger_State_action,0.3515131
340.8286,Collider_Roger_State_action,0.373298
340.8398,Collider_Roger_State_action,0.4413299
340.851,Collider_Roger_State_action,0.5239257
340.862,Collider_Roger_State_action,0.6039093
340.873,Collider_Roger_State_action,0.6320499
340.8842,Collider_Roger_State_action,0.6451568
340.8954,Collider_Roger_State_action,0.635302
340.9063,Collider_Roger_State_action,0.6283094
340.9174,Collider_Roger_State_action,0.6292839
340.9286,Collider_Roger_State_action,0.6287581
340.9396,Collider_Roger_State_action,0.6281492
340.9508,Collider_Roger_State_action,0.6322812
340.962,Collider_Roger_State_action,0.6530879
340.9729,Collider_Roger_State_action,0.6762975
340.984,Collider_Roger_State_action,0.6916741
340.9951,Collider_Roger_State_action,0.7040001
341.0062,Collider_Roger_State_action,0.7229229
341.0173,Collider_Roger_State_action,0.7527453
341.0283,Collider_Roger_State_action,0.7637179
341.0394,Collider_Roger_State_action,0.7655969
341.0508,Collider_Roger_State_action,0.7515817
341.062,Collider_Roger_State_action,0.7362534
341.073,Collider_Roger_State_action,0.7232025
341.084,Collider_Roger_State_action,0.7083614
341.095,Collider_Roger_State_action,0.6947517
341.1062,Collider_Roger_State_action,0.6809435
341.1173,Collider_Roger_State_action,0.6757753
341.1283,Collider_Roger_State_action,0.6981853
341.1394,Collider_Roger_State_action,0.7040073
341.1505,Collider_Roger_State_action,0.721406
341.1616,Collider_Roger_State_action,0.7384254
341.1728,Collider_Roger_State_action,0.7613506
341.1838,Collider_Roger_State_action,0.7904832
341.1949,Collider_Roger_State_action,0.7961652
341.206,Collider_Roger_State_action,0.7948989
341.2171,Collider_Roger_State_action,0.7862542
341.2282,Collider_Roger_State_action,0.78498
341.2393,Collider_Roger_State_action,0.78256
341.2505,Collider_Roger_State_action,0.7913119
341.2616,Collider_Roger_State_action,0.8022159
341.2727,Collider_Roger_State_action,0.8048241
341.2838,Collider_Roger_State_action,0.7961324
341.2949,Collider_Roger_State_action,0.7961477
341.3062,Collider_Roger_State_action,0.7922822
341.317,Collider_Roger_State_action,0.7926081
341.3282,Collider_Roger_State_action,0.7971697
341.3393,Collider_Roger_State_action,0.7967141
341.3503,Collider_Roger_State_action,0.7791402
341.3615,Collider_Roger_State_action,0.7470633
341.3725,Collider_Roger_State_action,0.7107244
341.3837,Collider_Roger_State_action,0.6744797
341.3948,Collider_Roger_State_action,0.644794
341.406,Collider_Roger_State_action,0.6206678
341.4169,Collider_Roger_State_action,0.6158906
341.4281,Collider_Roger_State_action,0.6189503
341.4391,Collider_Roger_State_action,0.6431644
341.4504,Collider_Roger_State_action,0.6797291
341.4614,Collider_Roger_State_action,0.7176516
341.4726,Collider_Roger_State_action,0.7510149
341.4837,Collider_Roger_State_action,0.7639248
341.4947,Collider_Roger_State_action,0.7607816
341.5058,Collider_Roger_State_action,0.7525994
341.5169,Collider_Roger_State_action,0.7431418
341.5282,Collider_Roger_State_action,0.742839
341.5393,Collider_Roger_State_action,0.7547072
341.5503,Collider_Roger_State_action,0.7743131
341.5617,Collider_Roger_State_action,0.7956129
341.5726,Collider_Roger_State_action,0.8092083
341.5836,Collider_Roger_State_action,0.8145406
341.5948,Collider_Roger_State_action,0.8174066
341.6059,Collider_Roger_State_action,0.8278477
341.617,Collider_Roger_State_action,0.83681
341.6282,Collider_Roger_State_action,0.8407652
341.6392,Collider_Roger_State_action,0.8523968
341.6504,Collider_Roger_State_action,0.8549864
341.6614,Collider_Roger_State_action,0.8579076
341.6727,Collider_Roger_State_action,0.8613127
341.6837,Collider_Roger_State_action,0.8541477
341.6947,Collider_Roger_State_action,0.8487155
341.7059,Collider_Roger_State_action,0.8389032
341.717,Collider_Roger_State_action,0.8186939
341.7282,Collider_Roger_State_action,0.8034821
341.7392,Collider_Roger_State_action,0.7888082
341.7504,Collider_Roger_State_action,0.7989465
341.7614,Collider_Roger_State_action,0.8207064
341.7726,Collider_Roger_State_action,0.8496089
341.7836,Collider_Roger_State_action,0.8942286
341.795,Collider_Roger_State_action,0.9484264
341.806,Collider_Roger_State_action,1.035385
341.817,Collider_Roger_State_action,1.161389
341.828,Collider_Roger_State_action,1.283191
341.8392,Collider_Roger_State_action,1.463569
341.8503,Collider_Roger_State_action,1.646769
341.8613,Collider_Roger_State_action,1.800336
341.8726,Collider_Roger_State_action,1.95273
341.8837,Collider_Roger_State_action,2.043095
341.8947,Nullreference,2.158086
341.906,Nullreference,2.259429
341.9168,Nullreference,2.335931
341.9281,Nullreference,2.442528
341.9391,Nullreference,2.543333
341.9502,Nullreference,2.669508
341.9614,Nullreference,2.771366
341.9727,Nullreference,2.893468
341.9836,Nullreference,3.002206
341.9947,Nullreference,3.062071
342.0059,Nullreference,3.1264
342.0168,Nullreference,3.157199
342.028,Nullreference,3.177577
342.0391,Nullreference,3.174974
342.0502,Nullreference,3.154165
342.0613,Nullreference,3.117785
342.0724,Nullreference,3.062443
342.0834,Nullreference,2.989761
342.0946,Nullreference,2.912703
342.1057,Nullreference,2.797757
342.1167,Nullreference,2.6897
342.1279,Nullreference,2.53091
342.1391,Nullreference,2.368791
342.1501,Nullreference,2.226347
342.1612,Nullreference,2.047416
342.1723,Nullreference,1.897466
342.1834,Nullreference,1.753502
342.1947,Nullreference,1.621976
342.2056,Nullreference,1.483208
342.2166,Nullreference,1.38172
342.2278,Nullreference,1.257038
342.239,Nullreference,1.148814
342.25,Nullreference,1.027725
342.2612,Nullreference,0.9052361
342.2722,Nullreference,0.7653672
342.2833,Nullreference,0.6027637
342.2944,Nullreference,0.4838482
342.3056,Nullreference,0.4308988
342.3169,Nullreference,0.4862723
342.3277,Nullreference,0.6339927
342.3388,Nullreference,0.7834768
342.3499,Nullreference,0.97584
342.3611,Nullreference,1.17375
342.3722,Nullreference,1.343233
342.3832,Nullreference,1.536137
342.3947,Nullreference,1.706909
342.4055,Nullreference,1.910913
342.4167,Nullreference,2.075407
342.4279,Nullreference,2.254606
342.4389,Nullreference,2.418078
342.4501,Nullreference,2.55479
342.4611,Nullreference,2.728871
342.4722,Nullreference,2.878408
342.4833,Nullreference,3.058051
342.4944,Nullreference,3.225553
342.5055,Nullreference,3.338966
342.5166,Nullreference,3.439228
342.5278,Nullreference,3.486064
342.5392,Nullreference,3.513091
342.5501,Nullreference,3.518063
342.5612,Nullreference,3.516677
342.5726,Nullreference,3.519147
342.5834,Nullreference,3.513608
342.5948,Nullreference,3.489925
342.6059,Nullreference,3.42543
342.6166,Nullreference,3.351457
342.6277,Nullreference,3.256105
342.6388,Nullreference,3.152613
342.65,Nullreference,3.05562
342.6609,Nullreference,2.914475
342.672,Nullreference,2.758843
342.6831,Nullreference,2.590325
342.6942,Nullreference,2.387452
342.7052,Nullreference,2.219708
342.7163,Nullreference,2.031124
342.7274,Nullreference,1.88313
342.7388,Nullreference,1.723019
342.7499,Nullreference,1.588645
342.761,Nullreference,1.456735
342.7719,Nullreference,1.332132
342.783,Nullreference,1.175722
342.7941,Nullreference,1.040746
342.8056,Nullreference,0.875373
342.8164,Nullreference,0.7365195
342.8274,Nullreference,0.5650783
342.8385,Nullreference,0.4241985
342.8496,Nullreference,0.3746514
342.8607,Nullreference,0.4512139
342.8718,Nullreference,0.5856643
342.8829,Nullreference,0.7717347
342.8941,Nullreference,0.9220304
342.9052,Plane,1.081027
342.9163,Plane,1.21732
342.928,Plane,1.316108
342.9387,Plane,1.365415
342.9497,Plane,1.385805
342.9608,Plane,1.40262
342.972,Plane,1.399797
342.9831,Plane,1.397045
342.9942,Plane,1.357931
343.0052,Plane,1.30103
343.0164,Plane,1.222876
343.0275,Plane,1.158037
343.0385,Plane,1.081743
343.0497,Plane,0.9992662
343.0609,Plane,0.9156258
343.072,Plane,0.8140711
343.0831,Plane,0.7466982
343.0942,Plane,0.6788667
343.1053,Plane,0.6346646
343.1164,Plane,0.5785516
343.1275,Plane,0.5326068
343.1386,Plane,0.5086511
343.1497,Plane,0.4899373
343.1609,Plane,0.4758959
343.172,Plane,0.4722952
343.183,Plane,0.4666
343.1944,Plane,0.4633507
343.2053,Plane,0.4509915
343.2164,Plane,0.4239648
343.2276,Plane,0.4044901
343.2386,Plane,0.3760025
343.2498,Plane,0.3455718
343.261,Plane,0.3155798
343.2719,Plane,0.2822137
343.2831,Plane,0.2561548
343.2942,Plane,0.2311092
343.3053,Plane,0.2131039
343.3164,Plane,0.1999581
343.3274,Plane,0.1929104
343.3385,Plane,0.2135533
343.3498,Plane,0.2435656
343.3608,Plane,0.287459
343.372,Plane,0.3399495
343.3834,Plane,0.3814938
343.3941,Plane,0.4163125
343.4052,Plane,0.4408143
343.4165,Plane,0.4610217
343.4274,Plane,0.4897221
343.4385,Plane,0.5076337
343.4502,Plane,0.52771
343.461,Plane,0.556417
343.4719,Plane,0.5769595
343.4829,Plane,0.6010004
343.4941,Plane,0.6062163
343.5051,Plane,0.6028514
343.5162,Plane,0.5862296
343.5276,Plane,0.5642416
343.5385,Plane,0.5440769
343.5496,Plane,0.5370306
343.5606,Plane,0.5353717
343.5721,Plane,0.5301126
343.583,Plane,0.5308546
343.594,Plane,0.5283044
343.6051,Plane,0.522673
343.6163,Plane,0.5073117
343.6273,Plane,0.4913679
343.6385,Plane,0.4698317
343.6496,Plane,0.4554962
343.6606,Plane,0.4392189
343.6718,Plane,0.4301475
343.6828,Plane,0.4102685
343.694,Plane,0.39394
343.7051,Plane,0.3732255
343.7163,Plane,0.3439425
343.7274,Plane,0.3190857
343.7383,Plane,0.2956257
343.7495,Plane,0.2671034
343.7606,Plane,0.2528724
343.7717,Plane,0.2586837
343.783,Plane,0.2721263
343.7939,Plane,0.2912531
343.8049,Plane,0.3377603
343.816,Plane,0.4122411
343.8273,Plane,0.4743512
343.8383,Plane,0.5389216
343.8494,Plane,0.5841905
343.8607,Plane,0.6366421
343.8715,Plane,0.6793116
343.8827,Plane,0.7279539
343.8937,Plane,0.762415
343.9049,Plane,0.8004689
343.916,Plane,0.8207532
343.9271,Plane,0.8201607
343.9382,Plane,0.7983787
343.9493,Plane,0.7589411
343.9605,Plane,0.7452065
343.9716,Plane,0.7312835
343.9827,Plane,0.6892388
343.9938,Plane,0.6406936
344.0048,Plane,0.5796553
344.0159,Plane,0.5217765
344.027,Plane,0.4734364
344.0381,Plane,0.43579
344.0493,Plane,0.4009986
344.0604,Plane,0.3934198
344.0716,Plane,0.4221768
344.0826,Plane,0.4319426
344.0937,Plane,0.4323333
344.105,Plane,0.4312999
344.1159,Plane,0.4144375
344.127,Plane,0.3764841
344.1382,Plane,0.3366356
344.1494,Plane,0.2981881
344.1604,Plane,0.2872381
344.1714,Plane,0.2890482
344.1825,Plane,0.3062584
344.1936,Plane,0.3173293
344.2047,Plane,0.3104909
344.2158,Plane,0.2773184
344.2269,Plane,0.2298334
344.238,Plane,0.1908491
344.2492,Plane,0.2096522
344.2603,Plane,0.2783104
344.2715,Plane,0.3905705
344.2824,Plane,0.4997916
344.2936,Plane,0.6385636
344.305,Plane,0.7201788
344.3159,Plane,0.7785865
344.3268,Plane,0.8074248
344.3379,Plane,0.8090423
344.3491,Plane,0.781893
344.3602,Plane,0.7346568
344.3714,Plane,0.6830359
344.3823,Plane,0.6153191
344.3934,Plane,0.54592
344.4046,Plane,0.4635102
344.4158,Plane,0.3850296
344.4269,Plane,0.3152914
344.4379,Plane,0.2560197
344.449,Plane,0.228159
344.4602,Plane,0.2252786
344.4712,Plane,0.2583995
344.4823,Plane,0.2884482
344.4934,Plane,0.321433
344.5046,Plane,0.3517353
344.5155,Plane,0.387222
344.5267,Plane,0.3869213
344.5378,Plane,0.3615988
344.549,Plane,0.3400186
344.56,Plane,0.3171237
344.5711,Plane,0.2731556
344.5827,Plane,0.2415593
344.5935,Plane,0.2197472
344.6046,Plane,0.1954893
344.6157,Plane,0.1656019
344.6269,Plane,0.1367221
344.6379,Plane,0.1138143
344.6493,Plane,0.106599
344.6602,Plane,0.1138234
344.6712,Plane,0.1269658
344.6822,Plane,0.1497688
344.6934,Plane,0.1638713
344.7045,Plane,0.1653757
344.7156,Plane,0.1568333
344.7267,Plane,0.1443394
344.7378,Nullreference,0.1374177
344.7489,Nullreference,0.1432863
344.7601,Nullreference,0.145052
344.771,Nullreference,0.1501471
344.7823,Nullreference,0.1734702
344.7934,Nullreference,0.1968783
344.8044,Nullreference,0.2220513
344.8158,Nullreference,0.2513777
344.8267,Nullreference,0.2872207
344.8379,Nullreference,0.3282181
344.8488,Plane,0.3838026
344.8599,Plane,0.4381525
344.871,Plane,0.4998076
344.8821,Plane,0.5572472
344.8932,Plane,0.5884076
344.9045,Nullreference,0.6140811
344.9156,Plane,0.610571
344.9267,Plane,0.6071379
344.9377,Plane,0.5896232
344.9489,Plane,0.5674543
344.9599,Plane,0.5484462
344.9712,Plane,0.5325641
344.9821,Plane,0.5088595
344.9933,Plane,0.4809448
345.0043,Plane,0.4508405
345.0154,Plane,0.4330828
345.0266,Plane,0.4330484
345.0378,Plane,0.4539559
345.0488,Plane,0.4818723
345.0599,Nullreference,0.5178075
345.0712,Nullreference,0.5436998
345.082,Plane,0.5692465
345.0931,Plane,0.5744649
345.1043,Plane,0.5748211
345.1154,Plane,0.5750711
345.1265,Plane,0.5670398
345.1376,Plane,0.5470986
345.1488,Plane,0.5257695
345.1599,Plane,0.4956205
345.1708,Plane,0.4526213
345.182,Plane,0.4135171
345.1931,Plane,0.3705477
345.2041,Plane,0.3505665
345.2153,Plane,0.3451308
345.2265,Plane,0.3450408
345.2375,Plane,0.3471157
345.2486,Plane,0.3373591
345.2597,Plane,0.3284209
345.271,Plane,0.3200752
345.282,Plane,0.2990166
345.2931,Plane,0.2841182
345.3042,Plane,0.2701517
345.3154,Plane,0.2558505
345.3264,Plane,0.2245222
345.3376,Plane,0.1955595
345.3486,Plane,0.1536019
345.3597,Plane,0.1361897
345.3708,Plane,0.1093981
345.382,Plane,0.1040113
345.393,Plane,0.1024744
345.4042,Plane,0.1026645
345.4153,Plane,0.09617064
345.4263,Plane,0.1174496
345.4376,Plane,0.1184111
345.4486,Plane,0.1389398
345.4599,Plane,0.1786703
345.471,Plane,0.2137866
345.482,Plane,0.2298621
345.493,Plane,0.2325543
345.5042,Plane,0.2256416
345.5154,Plane,0.245824
345.5263,Plane,0.3089937
345.5374,Plane,0.3756639
345.5487,Plane,0.4547757
345.5597,Plane,0.5215151
345.5708,Plane,0.5579596
345.582,Plane,0.553756
345.5933,Plane,0.5141267
345.6041,Plane,0.4396745
345.6152,Plane,0.3846179
345.6264,Plane,0.3492668
345.6375,Collider_Roger_State_action,0.3122422
345.6487,Collider_Roger_State_action,0.2872444
345.6599,Collider_Roger_State_action,0.2824164
345.6709,Collider_Roger_State_action,0.3088527
345.6819,Collider_Roger_State_action,0.3517354
345.6932,Collider_Roger_State_action,0.4129019
345.7042,Collider_Roger_State_action,0.4761882
345.7155,Collider_Roger_State_action,0.5268903
345.7263,Collider_Roger_State_action,0.5786424
345.7374,Collider_Roger_State_action,0.6027392
345.7485,Collider_Roger_State_action,0.6247681
345.7597,Collider_Roger_State_action,0.6296559
345.7708,Collider_Roger_State_action,0.6219116
345.7819,Collider_Roger_State_action,0.6156547
345.793,Collider_Roger_State_action,0.6075394
345.8041,Collider_Roger_State_action,0.6011487
345.8152,Collider_Roger_State_action,0.5959058
345.8262,Collider_Roger_State_action,0.5802896
345.8373,Collider_Roger_State_action,0.5632612
345.8486,Collider_Roger_State_action,0.5392134
345.8596,Collider_Roger_State_action,0.5131013
345.8708,Collider_Roger_State_action,0.476633
345.8818,Collider_Roger_State_action,0.4454814
345.8929,Collider_Roger_State_action,0.4046024
345.9039,Collider_Roger_State_action,0.363607
345.9151,Collider_Roger_State_action,0.3442671
345.9262,Collider_Roger_State_action,0.3470734
345.9373,Collider_Roger_State_action,0.3626469
345.9485,Collider_Roger_State_action,0.4035237
345.9595,Collider_Roger_State_action,0.4495929
345.9706,Collider_Roger_State_action,0.4853792
345.9818,Collider_Roger_State_action,0.5263075
345.9928,Collider_Roger_State_action,0.5617403
346.004,Collider_Roger_State_action,0.6014479
346.015,Collider_Roger_State_action,0.6226999
346.0262,Collider_Roger_State_action,0.6159691
346.0374,Collider_Roger_State_action,0.5728383
346.0483,Collider_Roger_State_action,0.5229864
346.0596,Collider_Roger_State_action,0.4666514
346.0705,Collider_Roger_State_action,0.4402631
346.0816,Collider_Roger_State_action,0.4450475
346.0928,Collider_Roger_State_action,0.4764062
346.1039,Collider_Roger_State_action,0.5191423
346.1152,Collider_Roger_State_action,0.5885823
346.1262,Collider_Roger_State_action,0.6593849
346.1372,Collider_Roger_State_action,0.7271736
346.1484,Collider_Roger_State_action,0.8140672
346.1594,Collider_Roger_State_action,0.8606802
346.1706,Collider_Roger_State_action,0.9240258
346.1817,Collider_Roger_State_action,0.9840885
346.1928,Collider_Roger_State_action,1.033224
346.2038,Collider_Roger_State_action,1.078653
346.2149,Collider_Roger_State_action,1.106393
346.2261,Collider_Roger_State_action,1.140825
346.2372,Collider_Roger_State_action,1.158457
346.2484,Collider_Roger_State_action,1.185531
346.2594,Collider_Roger_State_action,1.211179
346.2713,Collider_Roger_State_action,1.23868
346.2816,Collider_Roger_State_action,1.25428
346.2927,Collider_Roger_State_action,1.252413
346.304,Collider_Roger_State_action,1.252046
346.3152,Collider_Roger_State_action,1.234631
346.3262,Collider_Roger_State_action,1.205415
346.3372,Collider_Roger_State_action,1.179321
346.3484,Collider_Roger_State_action,1.115346
346.3594,Collider_Roger_State_action,1.037141
346.3705,Collider_Roger_State_action,0.9448341
346.3817,Collider_Roger_State_action,0.8953846
346.3928,Collider_Roger_State_action,0.841205
346.4038,Collider_Roger_State_action,0.8076418
346.4149,Collider_Roger_State_action,0.7926157
346.426,Collider_Roger_State_action,0.7758984
346.4372,Collider_Roger_State_action,0.7648489
346.4483,Collider_Roger_State_action,0.7523876
346.4594,Collider_Roger_State_action,0.7501783
346.4706,Collider_Roger_State_action,0.7289447
346.4815,Collider_Roger_State_action,0.7099909
346.4928,Collider_Roger_State_action,0.6923001
346.5037,Collider_Roger_State_action,0.6550736
346.5149,Collider_Roger_State_action,0.6334009
346.5259,Collider_Roger_State_action,0.6001377
346.537,Collider_Roger_State_action,0.5710506
346.5482,Collider_Roger_State_action,0.5551376
346.5593,Collider_Roger_State_action,0.5390576
346.5704,Collider_Roger_State_action,0.5172891
346.5815,Collider_Roger_State_action,0.5016697
346.5927,Collider_Roger_State_action,0.4922711
346.6038,Collider_Roger_State_action,0.4877899
346.6149,Collider_Roger_State_action,0.5000017
346.6259,Collider_Roger_State_action,0.5245361
346.637,Collider_Roger_State_action,0.5558194
346.6484,Collider_Roger_State_action,0.5893396
346.6592,Collider_Roger_State_action,0.6256549
346.6707,Collider_Roger_State_action,0.67699
346.6816,Collider_Roger_State_action,0.7250987
346.6925,Collider_Roger_State_action,0.7722408
346.7037,Collider_Roger_State_action,0.825504
346.7148,Collider_Roger_State_action,0.8734674
346.7259,Collider_Roger_State_action,0.9295144
346.7369,Collider_Roger_State_action,0.992704
346.7481,Collider_Roger_State_action,1.068084
346.7592,Collider_Roger_State_action,1.156848
346.7704,Collider_Roger_State_action,1.225261
346.7815,Collider_Roger_State_action,1.318987
346.7924,Collider_Roger_State_action,1.388709
346.8036,Collider_Roger_State_action,1.462457
346.8147,Collider_Roger_State_action,1.513164
346.8258,Collider_Roger_State_action,1.558358
346.8369,Collider_Roger_State_action,1.604735
346.848,Collider_Roger_State_action,1.665892
346.8591,Collider_Roger_State_action,1.73559
346.8703,Collider_Roger_State_action,1.788728
346.8813,Collider_Roger_State_action,1.847836
346.8925,Collider_Roger_State_action,1.894637
346.9035,Collider_Roger_State_action,1.928398
346.9148,Collider_Roger_State_action,1.936034
346.9257,Nullreference,1.918984
346.9368,Nullreference,1.888518
346.9481,Nullreference,1.8659
346.959,Nullreference,1.832352
346.9702,Nullreference,1.804487
346.9812,Nullreference,1.781698
346.9924,Nullreference,1.760348
347.0035,Nullreference,1.727763
347.0145,Nullreference,1.686574
347.0256,Nullreference,1.648116
347.0368,Nullreference,1.597549
347.0478,Nullreference,1.563988
347.0589,Nullreference,1.53162
347.07,Nullreference,1.512387
347.0815,Nullreference,1.500749
347.0922,Nullreference,1.491018
347.1034,Nullreference,1.484841
347.1145,Nullreference,1.483752
347.1259,Nullreference,1.471041
347.1367,Nullreference,1.458596
347.148,Nullreference,1.437066
347.159,Nullreference,1.422372
347.1702,Nullreference,1.399424
347.1812,Nullreference,1.382595
347.1923,Nullreference,1.362149
347.2033,Nullreference,1.338052
347.2144,Nullreference,1.321318
347.2256,Nullreference,1.307531
347.2367,Nullreference,1.283095
347.2478,Nullreference,1.265529
347.2589,Nullreference,1.256182
347.27,Nullreference,1.245859
347.2811,Nullreference,1.239051
347.2922,Nullreference,1.227019
347.3035,Nullreference,1.200906
347.3144,Nullreference,1.161977
347.3255,Nullreference,1.122274
347.3367,Nullreference,1.064324
347.3477,Nullreference,1.017445
347.3588,Nullreference,0.9686246
347.3698,Nullreference,0.9190154
347.3809,Nullreference,0.883002
347.3923,Nullreference,0.8481924
347.4032,Nullreference,0.8372013
347.4144,Nullreference,0.827633
347.4254,Nullreference,0.8321378
347.4366,Nullreference,0.8320419
347.4477,Nullreference,0.8304296
347.4592,Nullreference,0.8405161
347.4698,Nullreference,0.8513637
347.4811,Nullreference,0.8793768
347.492,Nullreference,0.9144421
347.5031,Nullreference,0.9432077
347.5142,Nullreference,0.9559124
347.5254,Nullreference,0.957615
347.5364,Nullreference,0.9560264
347.5476,Nullreference,0.9491649
347.5587,Nullreference,0.9359859
347.5698,Nullreference,0.9162023
347.5809,Nullreference,0.8913106
347.5919,Nullreference,0.8423315
347.6031,Nullreference,0.7888375
347.6141,Nullreference,0.7236428
347.6252,Nullreference,0.6749679
347.6362,Nullreference,0.6277227
347.648,Nullreference,0.6044552
347.659,Nullreference,0.5906299
347.6696,Nullreference,0.600603
347.6807,Nullreference,0.6279973
347.6919,Nullreference,0.6637281
347.7029,Nullreference,0.714437
347.7143,Nullreference,0.7722375
347.7252,Nullreference,0.8146839
347.7363,Nullreference,0.8592196
347.7474,Nullreference,0.9151943
347.7585,Nullreference,0.9900167
347.7696,Nullreference,1.053984
347.7808,Nullreference,1.153318
347.792,Nullreference,1.250919
347.8029,Nullreference,1.373631
347.8141,Nullreference,1.501781
347.8252,Nullreference,1.610441
347.8362,Nullreference,1.721108
347.8475,Nullreference,1.809023
347.8585,Nullreference,1.904479
347.8697,Nullreference,1.964802
347.8806,Nullreference,2.019748
347.8919,Nullreference,2.060865
347.903,Nullreference,2.094391
347.914,Nullreference,2.10112
347.9252,Nullreference,2.071723
347.9362,Nullreference,2.047752
347.9475,Nullreference,2.052957
347.9586,Nullreference,2.06618
347.9697,Nullreference,2.065099
347.9807,Nullreference,2.065668
347.9919,Nullreference,2.051835
348.003,Nullreference,2.01737
348.0141,Nullreference,1.981127
348.0251,Nullreference,1.943372
348.0363,Nullreference,1.903329
348.0476,Nullreference,1.864503
348.0586,Nullreference,1.846129
348.0697,Nullreference,1.843852
348.0807,Nullreference,1.811676
348.0918,Nullreference,1.755313
348.1028,Nullreference,1.711126
348.1142,Nullreference,1.67251
348.1253,Nullreference,1.648733
348.1362,Nullreference,1.599069
348.1473,Nullreference,1.558705
348.1584,Nullreference,1.513708
348.1696,Nullreference,1.468236
348.1807,Nullreference,1.426409
348.1919,Nullreference,1.388616
348.2029,Nullreference,1.339562
348.2141,Nullreference,1.279698
348.2251,Nullreference,1.239374
348.2362,Nullreference,1.197292
348.2473,Nullreference,1.168091
348.2585,Nullreference,1.124383
348.2697,Nullreference,1.086656
348.2808,Nullreference,1.053371
348.2918,Nullreference,1.004931
348.3029,Nullreference,0.9581434
348.3139,Nullreference,0.8936977
348.3251,Nullreference,0.8354675
348.3362,Collider_Roger_State_action,0.7745871
348.3473,Collider_Roger_State_action,0.71256
348.3585,Collider_Roger_State_action,0.6605102
348.3697,Collider_Roger_State_action,0.5982482
348.3806,Collider_Roger_State_action,0.5591874
348.392,Collider_Roger_State_action,0.521605
348.4029,Collider_Roger_State_action,0.5115328
348.414,Collider_Roger_State_action,0.4955328
348.425,Collider_Roger_State_action,0.4919162
348.4362,Collider_Roger_State_action,0.4906571
348.4473,Collider_Roger_State_action,0.4948661
348.4592,Collider_Roger_State_action,0.5076767
348.4695,Collider_Roger_State_action,0.5228365
348.4807,Collider_Roger_State_action,0.5437258
348.4918,Collider_Roger_State_action,0.5704272
348.5028,Collider_Roger_State_action,0.6089391
348.514,Collider_Roger_State_action,0.6441388
348.525,Collider_Roger_State_action,0.6695096
348.5362,Collider_Roger_State_action,0.6811173
348.5472,Collider_Roger_State_action,0.6801769
348.5584,Collider_Roger_State_action,0.684585
348.5694,Collider_Roger_State_action,0.6921121
348.5806,Collider_Roger_State_action,0.6970884
348.592,Collider_Roger_State_action,0.7123088
348.6027,Collider_Roger_State_action,0.7290874
348.614,Collider_Roger_State_action,0.7604611
348.625,Collider_Roger_State_action,0.7886723
348.6361,Collider_Roger_State_action,0.8233957
348.6472,Collider_Roger_State_action,0.8844803
348.6583,Collider_Roger_State_action,0.9642909
348.6695,Collider_Roger_State_action,1.043713
348.6805,Collider_Roger_State_action,1.142609
348.6916,Collider_Roger_State_action,1.236637
348.7029,Collider_Roger_State_action,1.351706
348.714,Collider_Roger_State_action,1.451855
348.725,Collider_Roger_State_action,1.575798
348.7361,Collider_Roger_State_action,1.669012
348.7471,Collider_Roger_State_action,1.763179
348.7582,Collider_Roger_State_action,1.844946
348.7693,Collider_Roger_State_action,1.901864
348.7806,Collider_Roger_State_action,1.960343
348.7919,Collider_Roger_State_action,2.006842
348.8027,Collider_Roger_State_action,2.045371
348.8138,Collider_Roger_State_action,2.072477
348.8249,Collider_Roger_State_action,2.09603
348.836,Collider_Roger_State_action,2.111303
348.8471,Collider_Roger_State_action,2.12087
348.8583,Collider_Roger_State_action,2.113429
348.8694,Collider_Roger_State_action,2.094648
348.8805,Collider_Roger_State_action,2.064473
348.8916,Collider_Roger_State_action,2.034814
348.9026,Collider_Roger_State_action,2.002244
348.9138,Collider_Roger_State_action,1.972983
348.9249,Collider_Roger_State_action,1.943303
348.9359,Collider_Roger_State_action,1.916389
348.9473,Collider_Roger_State_action,1.886739
348.9582,Collider_Roger_State_action,1.849132
348.9697,Collider_Roger_State_action,1.816236
348.9804,Collider_Roger_State_action,1.778499
348.9916,Collider_Roger_State_action,1.74406
349.0027,Collider_Roger_State_action,1.704986
349.0138,Collider_Roger_State_action,1.657247
349.0251,Collider_Roger_State_action,1.619816
349.0359,Collider_Roger_State_action,1.577237
349.047,Collider_Roger_State_action,1.533147
349.0582,Collider_Roger_State_action,1.491461
349.0692,Collider_Roger_State_action,1.447848
349.0804,Collider_Roger_State_action,1.405117
349.0914,Collider_Roger_State_action,1.359058
349.1025,Collider_Roger_State_action,1.325155
349.1137,Collider_Roger_State_action,1.281095
349.1248,Collider_Roger_State_action,1.246072
349.1359,Collider_Roger_State_action,1.19893
349.147,Collider_Roger_State_action,1.144365
349.1582,Collider_Roger_State_action,1.094475
349.1692,Collider_Roger_State_action,1.013509
349.1803,Collider_Roger_State_action,0.913057
349.1915,Collider_Roger_State_action,0.8201765
349.2026,Collider_Roger_State_action,0.7049243
349.2137,Collider_Roger_State_action,0.6078799
349.2248,Collider_Roger_State_action,0.4850978
349.2358,Collider_Roger_State_action,0.3641782
349.247,Collider_Roger_State_action,0.2804972
349.2583,Collider_Roger_State_action,0.2023034
349.2692,Collider_Roger_State_action,0.1826452
349.2804,Collider_Roger_State_action,0.2453427
349.2915,Collider_Roger_State_action,0.3449677
349.3034,Collider_Roger_State_action,0.4524176
349.3137,Collider_Roger_State_action,0.5365483
349.3247,Collider_Roger_State_action,0.6354315
349.3359,Collider_Roger_State_action,0.7374415
349.347,Collider_Roger_State_action,0.8268824
349.3581,Collider_Roger_State_action,0.9581867
349.3692,Collider_Roger_State_action,1.095253
349.3803,Collider_Roger_State_action,1.208638
349.3914,Collider_Roger_State_action,1.337927
349.4024,Collider_Roger_State_action,1.476699
349.4135,Collider_Roger_State_action,1.606447
349.4255,Collider_Roger_State_action,1.735611
349.4357,Collider_Roger_State_action,1.886536
349.4471,Collider_Roger_State_action,2.013704
349.4581,Collider_Roger_State_action,2.142055
349.4692,Collider_Roger_State_action,2.268054
349.4802,Collider_Roger_State_action,2.364857
349.4913,Collider_Roger_State_action,2.458033
349.5023,Collider_Roger_State_action,2.545512
349.5144,Collider_Roger_State_action,2.620239
349.5247,Collider_Roger_State_action,2.723624
349.5357,Collider_Roger_State_action,2.819796
349.5468,Collider_Roger_State_action,2.931326
349.5581,Collider_Roger_State_action,3.049665
349.5692,Collider_Roger_State_action,3.164798
349.5802,Collider_Roger_State_action,3.261199
349.5913,Collider_Roger_State_action,3.36401
349.6024,Nullreference,3.436203
349.6135,Nullreference,3.532823
349.6251,Nullreference,3.62237
349.6356,Nullreference,3.717291
349.6471,Nullreference,3.819432
349.6579,Nullreference,3.914841
349.6691,Nullreference,4.00612
349.68,Nullreference,4.087825
349.6911,Nullreference,4.175719
349.7024,Nullreference,4.250465
349.7136,Nullreference,4.327403
349.7248,Nullreference,4.390924
349.7358,Nullreference,4.45363
349.747,Nullreference,4.506275
349.758,Nullreference,4.550397
349.7691,Nullreference,4.575675
349.7802,Nullreference,4.59016
349.7914,Nullreference,4.577515
349.8024,Nullreference,4.543864
349.8134,Nullreference,4.493966
349.8244,Nullreference,4.420022
349.8355,Nullreference,4.319621
349.8468,Nullreference,4.224565
349.8581,Nullreference,4.09884
349.8691,Nullreference,3.979609
349.8803,Nullreference,3.820423
349.8914,Nullreference,3.646486
349.9024,Nullreference,3.503546
349.9138,Nullreference,3.332603
349.9249,Nullreference,3.174969
349.936,Nullreference,2.971939
349.9473,Nullreference,2.786386
349.9583,Nullreference,2.644811
349.9694,Nullreference,2.457428
349.9804,Nullreference,2.29544
349.9916,Nullreference,2.151073
350.0027,Nullreference,2.012275
350.0138,Nullreference,1.915878
350.025,Nullreference,1.804584
350.0361,Nullreference,1.720117
350.0472,Nullreference,1.645414
350.0584,Nullreference,1.578526
350.0694,Nullreference,1.522995
350.0804,Nullreference,1.46427
350.0916,Nullreference,1.4402
350.1027,Nullreference,1.428773
350.1137,Nullreference,1.420455
350.1248,Nullreference,1.378691
350.1361,Nullreference,1.321449
350.147,Nullreference,1.252038
350.1581,Nullreference,1.155096
350.1696,Nullreference,1.023258
350.1804,Nullreference,0.9064922
350.1914,Nullreference,0.7595384
350.2025,Nullreference,0.6376839
350.2137,Nullreference,0.4886908
350.2249,Nullreference,0.3670293
350.2357,Nullreference,0.2884175
350.2469,Nullreference,0.2886741
350.258,Nullreference,0.3428672
350.2692,Nullreference,0.4592171
350.2803,Nullreference,0.5824242
350.2914,Nullreference,0.7419601
350.3025,Nullreference,0.8970941
350.3136,Nullreference,1.019876
350.325,Nullreference,1.146843
350.3359,Nullreference,1.2522
350.3472,Nullreference,1.351134
350.3583,Nullreference,1.426911
350.3694,Nullreference,1.509621
350.3805,Nullreference,1.58718
350.3915,Nullreference,1.648568
350.4027,Nullreference,1.714417
350.4137,Nullreference,1.76338
350.4251,Nullreference,1.806266
350.4359,Nullreference,1.82126
350.447,Nullreference,1.814031
350.458,Nullreference,1.799461
350.4695,Nullreference,1.786231
350.4802,Nullreference,1.772929
350.4912,Nullreference,1.757556
350.5023,Nullreference,1.734272
350.5134,Nullreference,1.727483
350.5244,Nullreference,1.733097
350.5357,Nullreference,1.746927
350.5467,Nullreference,1.759397
350.5578,Nullreference,1.771404
350.5689,Nullreference,1.776853
350.58,Nullreference,1.783824
350.5911,Nullreference,1.783769
350.6024,Nullreference,1.790541
350.6132,Nullreference,1.789922
350.6245,Nullreference,1.802714
350.6355,Nullreference,1.830903
350.6465,Nullreference,1.873791
350.6578,Nullreference,1.916683
350.6688,Nullreference,1.982934
350.6799,Nullreference,2.041073
350.691,Nullreference,2.11946
350.7022,Nullreference,2.182513
350.713,Nullreference,2.27199
350.7242,Nullreference,2.365764
350.7354,Nullreference,2.470768
350.7463,Nullreference,2.576825
350.7575,Nullreference,2.688844
350.7686,Nullreference,2.816029
350.7798,Nullreference,2.916299
350.7906,Nullreference,3.025426
350.8022,Nullreference,3.128739
350.8131,Nullreference,3.257507
350.824,Nullreference,3.376414
350.8351,Nullreference,3.46534
350.8463,Nullreference,3.561706
350.8574,Nullreference,3.632482
350.8684,Nullreference,3.699338
350.8796,Nullreference,3.74116
350.8908,Nullreference,3.735026
350.9021,Nullreference,3.66056
350.913,Nullreference,3.531078
350.924,Nullreference,3.278027
350.9352,Nullreference,2.952319
350.9464,Nullreference,2.675343
350.9574,Nullreference,2.283845
350.9684,Nullreference,1.879667
350.9797,Nullreference,1.601
350.9909,Nullreference,1.271889
351.0039,Nullreference,1.034679
351.0133,Nullreference,0.7745224
351.0242,Nullreference,0.5318831
351.0354,Nullreference,0.3653586
351.0465,Nullreference,0.3207461
351.0576,Nullreference,0.475353
351.0688,Nullreference,0.7052128
351.0798,Nullreference,1.005757
351.091,Nullreference,1.332325
351.102,Nullreference,1.589171
351.1138,Nullreference,1.853326
351.1242,Nullreference,2.046751
351.1353,Nullreference,2.251431
351.1464,Nullreference,2.406652
351.1574,Nullreference,2.538469
351.1686,Nullreference,2.686724
351.1796,Nullreference,2.80442
351.1906,Nullreference,2.878461
351.2016,Nullreference,2.929859
351.2129,Nullreference,2.957946
351.2239,Nullreference,2.955155
351.2349,Nullreference,2.939
351.2461,Nullreference,2.911695
351.2572,Nullreference,2.898309
351.2682,Nullreference,2.885479
351.2795,Nullreference,2.86821
351.2905,Nullreference,2.825972
351.3018,Nullreference,2.759981
351.3128,Nullreference,2.672729
351.3239,Nullreference,2.588665
351.3351,Nullreference,2.484922
351.3461,Nullreference,2.366275
351.3572,Nullreference,2.268553
351.3684,Nullreference,2.134066
351.3794,Nullreference,2.011145
351.3906,Nullreference,1.883366
351.4018,Nullreference,1.748145
351.4128,Nullreference,1.596879
351.4239,Nullreference,1.473256
351.4352,Nullreference,1.330222
351.4462,Nullreference,1.198326
351.4574,Nullreference,1.086805
351.4684,Nullreference,0.9593956
351.4796,Nullreference,0.8446633
351.4906,Nullreference,0.742875
351.5018,Nullreference,0.6399171
351.5129,Nullreference,0.5370227
351.5242,Nullreference,0.464992
351.5352,Nullreference,0.3800927
351.5461,Nullreference,0.3119904
351.5573,Nullreference,0.2409195
351.5686,Nullreference,0.1871092
351.5795,Nullreference,0.1664044
351.5905,Nullreference,0.1568348
351.602,Nullreference,0.1574052
351.6131,Nullreference,0.176953
351.624,Nullreference,0.1931602
351.6352,Nullreference,0.2214474
351.6463,Nullreference,0.2514784
351.6573,Nullreference,0.2736367
351.6683,Nullreference,0.3094589
351.6795,Nullreference,0.3445686
351.6906,Nullreference,0.3942656
351.7025,Nullreference,0.4444967
351.7127,Nullreference,0.4838539
351.7239,Nullreference,0.5411653
351.7349,Nullreference,0.5826343
351.7461,Nullreference,0.6331795
351.7572,Nullreference,0.6952592
351.7683,Nullreference,0.7442479
351.7796,Nullreference,0.8041643
351.7904,Nullreference,0.8526824
351.8016,Nullreference,0.9105983
351.8129,Nullreference,0.9684151
351.8238,Nullreference,1.010042
351.8351,Nullreference,1.058095
351.846,Nullreference,1.089526
351.8572,Nullreference,1.118895
351.8685,Nullreference,1.134373
351.8796,Nullreference,1.146473
351.8904,Nullreference,1.157344
351.9015,Nullreference,1.169625
351.9127,Nullreference,1.182731
351.9237,Nullreference,1.187438
351.9354,Collider_Roger_State_action,1.163454
351.9462,Collider_Roger_State_action,1.128551
351.9575,Collider_Roger_State_action,1.087342
351.9686,Collider_Roger_State_action,1.057133
351.9803,Collider_Roger_State_action,1.032718
351.9907,Collider_Roger_State_action,0.9913492
352.0018,Collider_Roger_State_action,0.9516087
352.0129,Collider_Roger_State_action,0.892307
352.0241,Collider_Roger_State_action,0.8375013
352.0351,Collider_Roger_State_action,0.7680021
352.0462,Collider_Roger_State_action,0.6942778
352.0575,Collider_Roger_State_action,0.6124699
352.0685,Collider_Roger_State_action,0.5346614
352.0795,Collider_Roger_State_action,0.4718581
352.0907,Collider_Roger_State_action,0.3938938
352.1017,Collider_Roger_State_action,0.3339506
352.1129,Collider_Roger_State_action,0.2772802
352.1239,Collider_Roger_State_action,0.2475474
352.1351,Collider_Roger_State_action,0.253475
352.1461,Collider_Roger_State_action,0.2798237
352.1571,Collider_Roger_State_action,0.3158548
352.1684,Collider_Roger_State_action,0.3442866
352.1795,Collider_Roger_State_action,0.3603146
352.1905,Collider_Roger_State_action,0.3514647
352.2016,Collider_Roger_State_action,0.3219236
352.2127,Collider_Roger_State_action,0.2939365
352.2239,Collider_Roger_State_action,0.2645082
352.235,Collider_Roger_State_action,0.2367649
352.2462,Collider_Roger_State_action,0.2227099
352.2574,Collider_Roger_State_action,0.2216218
352.2683,Collider_Roger_State_action,0.2298167
352.2794,Collider_Roger_State_action,0.2543449
352.2905,Collider_Roger_State_action,0.2746609
352.3017,Collider_Roger_State_action,0.2827488
352.3127,Collider_Roger_State_action,0.2847309
352.3238,Collider_Roger_State_action,0.2831575
352.3349,Collider_Roger_State_action,0.2668366
352.346,Collider_Roger_State_action,0.2523168
352.3572,Collider_Roger_State_action,0.2410879
352.3683,Collider_Roger_State_action,0.2267681
352.3795,Collider_Roger_State_action,0.2136906
352.3905,Collider_Roger_State_action,0.209616
352.4015,Collider_Roger_State_action,0.1982853
352.4127,Collider_Roger_State_action,0.1749851
352.4238,Collider_Roger_State_action,0.1455861
352.4348,Collider_Roger_State_action,0.1257715
352.446,Collider_Roger_State_action,0.1392104
352.4572,Collider_Roger_State_action,0.193669
352.4681,Collider_Roger_State_action,0.2598692
352.4793,Collider_Roger_State_action,0.3271503
352.4905,Collider_Roger_State_action,0.407076
352.5014,Collider_Roger_State_action,0.4941591
352.5125,Collider_Roger_State_action,0.567485
352.5235,Collider_Roger_State_action,0.6736312
352.5346,Collider_Roger_State_action,0.7736927
352.5457,Collider_Roger_State_action,0.9133393
352.5569,Nullreference,1.031901
352.568,Collider_Roger_State_action,1.179641
352.579,Collider_Roger_State_action,1.315607
352.5903,Collider_Roger_State_action,1.423407
352.6013,Collider_Roger_State_action,1.553758
352.6124,Collider_Roger_State_action,1.655976
352.6234,Collider_Roger_State_action,1.777666
352.6345,Collider_Roger_State_action,1.875774
352.6462,Nullreference,1.975108
352.657,Nullreference,2.071448
352.6681,Nullreference,2.133729
352.6789,Collider_Roger_State_action,2.186907
352.6901,Nullreference,2.200468
352.7017,Nullreference,2.200578
352.7123,Collider_Roger_State_action,2.187085
352.7234,Collider_Roger_State_action,2.168426
352.7345,Collider_Roger_State_action,2.163023
352.7455,Collider_Roger_State_action,2.142457
352.7566,Collider_Roger_State_action,2.095476
352.7678,Collider_Roger_State_action,2.049371
352.7789,Collider_Roger_State_action,1.978162
352.79,Collider_Roger_State_action,1.934245
352.801,Collider_Roger_State_action,1.898434
352.8122,Nullreference,1.861278
352.8234,Nullreference,1.819628
352.8345,Nullreference,1.731308
352.8454,Nullreference,1.634837
352.8567,Nullreference,1.481852
352.8676,Nullreference,1.335513
352.8787,Nullreference,1.220888
352.8899,Nullreference,1.098827
352.901,Nullreference,0.992465
352.912,Nullreference,0.881337
352.9232,Nullreference,0.7888493
352.9344,Nullreference,0.7031652
352.9454,Nullreference,0.6447924
352.9566,Nullreference,0.5796391
352.9676,Nullreference,0.5294376
352.9787,Nullreference,0.4663906
352.9899,Nullreference,0.4017766
353.001,Nullreference,0.3446401
353.0121,Nullreference,0.2481249
353.0233,Nullreference,0.1487556
353.0344,Nullreference,0.06271321
353.0454,Nullreference,0.02381521
353.0564,Nullreference,0.05657329
353.0676,Nullreference,0.07712036
353.0788,Nullreference,0.1002239
353.0898,Nullreference,0.0936951
353.101,Nullreference,0.09217386
353.1122,Nullreference,0.09347966
353.1233,Nullreference,0.1219751
353.1342,Nullreference,0.1701542
353.1454,Nullreference,0.1948933
353.1564,Nullreference,0.2054055
353.1675,Nullreference,0.2326539
353.1787,Nullreference,0.2798496
353.1897,Nullreference,0.3396284
353.2008,Nullreference,0.3858769
353.2119,Nullreference,0.4221176
353.2234,Nullreference,0.4387807
353.2341,Nullreference,0.4454902
353.2452,Nullreference,0.4578915
353.2565,Nullreference,0.4638734
353.2675,Nullreference,0.4707558
353.2787,Nullreference,0.4785573
353.2898,Nullreference,0.4846518
353.3009,Nullreference,0.4905897
353.3121,Nullreference,0.4893879
353.323,Nullreference,0.4697996
353.3342,Nullreference,0.4624181
353.3452,Nullreference,0.4408436
353.3563,Nullreference,0.4090699
353.3675,Nullreference,0.3790086
353.3785,Nullreference,0.3450247
353.3898,Nullreference,0.3139974
353.4007,Nullreference,0.2924615
353.4119,Nullreference,0.2763587
353.4229,Nullreference,0.2542777
353.4341,Nullreference,0.2274049
353.4453,Nullreference,0.1925033
353.4572,Nullreference,0.1752292
353.4674,Nullreference,0.1528674
353.4785,Nullreference,0.135824
353.4897,Nullreference,0.1079803
353.5007,Nullreference,0.09370919
353.5118,Nullreference,0.07529391
353.523,Nullreference,0.06736097
353.5341,Nullreference,0.0561001
353.5453,Nullreference,0.05077574
353.5564,Nullreference,0.05253377
353.5674,Nullreference,0.05292113
353.5785,Nullreference,0.06645694
353.5896,Nullreference,0.07845565
353.6007,Nullreference,0.08657823
353.6118,Nullreference,0.09294786
353.6229,Nullreference,0.09158865
353.634,Nullreference,0.08635571
353.6451,Nullreference,0.08419453
353.6567,Nullreference,0.08075998
353.6677,Nullreference,0.07966667
353.6787,Nullreference,0.07350042
353.6898,Nullreference,0.07175809
353.7009,Nullreference,0.06949388
353.712,Nullreference,0.06558204
353.7233,Nullreference,0.06145073
353.7342,Nullreference,0.05195902
353.7455,Nullreference,0.03621619
353.7565,Nullreference,0.0280709
353.7675,Nullreference,0.03670353
353.7787,Nullreference,0.05733414
353.7898,Nullreference,0.07507104
353.8011,Nullreference,0.09122094
353.8118,Nullreference,0.1070966
353.823,Nullreference,0.1287951
353.8342,Nullreference,0.1385815
353.8453,Nullreference,0.1504495
353.8563,Nullreference,0.163247
353.8675,Nullreference,0.1674541
353.8786,Nullreference,0.1823703
353.8897,Nullreference,0.1880634
353.9007,Nullreference,0.1973044
353.912,Nullreference,0.1994207
353.923,Nullreference,0.2067755
353.9342,Nullreference,0.2030692
353.9452,Nullreference,0.1956727
353.9564,Nullreference,0.1903004
353.9673,Nullreference,0.1778539
353.9784,Nullreference,0.1651256
353.9895,Nullreference,0.1515977
354.0006,Nullreference,0.1482614
354.0117,Nullreference,0.139035
354.0227,Nullreference,0.1191173
354.0342,Nullreference,0.09858109
354.0451,Nullreference,0.07536256
354.0563,Nullreference,0.03952138
354.0674,Nullreference,0.04474199
354.0785,Nullreference,0.1163914
354.0896,Nullreference,0.2105428
354.1006,Nullreference,0.2911899
354.1118,Nullreference,0.3868987
354.1228,Nullreference,0.4704219
354.1339,Nullreference,0.5642359
354.1449,Nullreference,0.6546938
354.1562,Nullreference,0.7322764
354.1672,Nullreference,0.8172055
354.1783,Nullreference,0.9071111
354.1895,Nullreference,0.9771525
354.2005,Nullreference,1.040909
354.2116,Nullreference,1.072771
354.2228,Nullreference,1.092824
354.234,Nullreference,1.095958
354.2453,Nullreference,1.086462
354.2561,Nullreference,1.064039
354.2673,Nullreference,1.036231
354.2783,Nullreference,0.9968653
354.2895,Nullreference,0.9547188
354.3009,Nullreference,0.9137413
354.3118,Nullreference,0.8791728
354.323,Nullreference,0.8329971
354.334,Nullreference,0.7824948
354.345,Nullreference,0.7513765
354.3562,Nullreference,0.7094548
354.3673,Nullreference,0.6648561
354.3783,Nullreference,0.6250693
354.3895,Nullreference,0.5776622
354.4006,Nullreference,0.5390664
354.4118,Nullreference,0.4856136
354.423,Nullreference,0.4307883
354.434,Nullreference,0.3824863
354.445,Nullreference,0.3357043
354.4561,Nullreference,0.2984674
354.4672,Nullreference,0.267551
354.4785,Nullreference,0.236697
354.4894,Nullreference,0.2182184
354.5005,Nullreference,0.1947885
354.5117,Nullreference,0.1780518
354.5229,Nullreference,0.1599307
354.5338,Nullreference,0.1460309
354.545,Nullreference,0.1358794
354.5565,Nullreference,0.1201357
354.5672,Nullreference,0.1060143
354.5782,Nullreference,0.09129356
354.5895,Nullreference,0.06458286
354.6005,Nullreference,0.05076947
354.6117,Nullreference,0.03871464
354.6228,Nullreference,0.04996402
354.6339,Nullreference,0.07208607
354.6448,Nullreference,0.09571897
354.656,Nullreference,0.1080741
354.6678,Nullreference,0.1109077
354.6783,Nullreference,0.1281948
354.6893,Nullreference,0.1380634
354.7007,Nullreference,0.1502873
354.7116,Nullreference,0.1658386
354.7226,Nullreference,0.1863979
354.734,Nullreference,0.2013814
354.7449,Nullreference,0.2093776
354.7561,Nullreference,0.206542
354.7672,Nullreference,0.1771846
354.7782,Nullreference,0.1553518
354.7896,Nullreference,0.1330817
354.8004,Nullreference,0.1339893
354.8115,Nullreference,0.1533063
354.8228,Nullreference,0.1894681
354.8338,Nullreference,0.2323761
354.8448,Nullreference,0.2869008
354.856,Nullreference,0.3392445
354.867,Nullreference,0.3973929
354.8782,Nullreference,0.4532701
354.8894,Nullreference,0.5058724
354.9005,Nullreference,0.5372754
354.9115,Nullreference,0.5662477
354.9226,Nullreference,0.5782134
354.9338,Nullreference,0.5830394
354.9448,Nullreference,0.5840157
354.956,Nullreference,0.5842314
354.967,Nullreference,0.5774171
354.9782,Nullreference,0.5707593
354.9894,Nullreference,0.5560088
355.0004,Nullreference,0.5342532
355.0116,Nullreference,0.5016505
355.0226,Nullreference,0.47794
355.0341,Nullreference,0.4429763
355.045,Nullreference,0.4124438
355.0562,Nullreference,0.3955407
355.0671,Nullreference,0.3735184
355.0783,Nullreference,0.3562929
355.0894,Nullreference,0.3387445
355.1004,Nullreference,0.3250738
355.1115,Nullreference,0.3151202
355.1227,Nullreference,0.3232949
355.1336,Nullreference,0.328592
355.1449,Nullreference,0.3340172
355.156,Nullreference,0.3410031
355.1671,Nullreference,0.341651
355.1782,Nullreference,0.3485929
355.1893,Nullreference,0.3481463
355.2004,Nullreference,0.3429156
355.2115,Nullreference,0.343127
355.2228,Nullreference,0.3403299
355.2339,Nullreference,0.3320221
355.2448,Nullreference,0.3303344
355.256,Nullreference,0.3212327
355.2671,Nullreference,0.3164624
355.2783,Nullreference,0.318051
355.2893,Nullreference,0.3285742
355.3003,Nullreference,0.3308791
355.3115,Nullreference,0.34008
355.3226,Nullreference,0.3464625
355.3337,Nullreference,0.3500341
355.3448,Plane,0.3527856
355.3564,Nullreference,0.3370658
355.3671,Plane,0.3190741
355.3785,Nullreference,0.3148762
355.3892,Nullreference,0.3097349
355.4002,Nullreference,0.3165054
355.4114,Nullreference,0.3290994
355.4224,Nullreference,0.3530017
355.4335,Nullreference,0.3722411
355.4447,Nullreference,0.3928864
355.4559,Nullreference,0.3984351
355.4669,Nullreference,0.4094702
355.4783,Nullreference,0.4169697
355.489,Nullreference,0.4241416
355.5002,Nullreference,0.4266874
355.5116,Nullreference,0.4293622
355.5224,Nullreference,0.4329157
355.5335,Nullreference,0.4276062
355.5446,Nullreference,0.4226724
355.556,Nullreference,0.4073112
355.5668,Plane,0.3909287
355.5779,Plane,0.3719623
355.5889,Plane,0.3565403
355.6,Plane,0.3257859
355.6112,Plane,0.292259
355.6227,Plane,0.2606295
355.6335,Nullreference,0.2271285
355.6447,Plane,0.193105
355.6557,Plane,0.1634514
355.6668,Plane,0.133401
355.6779,Plane,0.1111918
355.689,Plane,0.08671093
355.7,Plane,0.07387637
355.7112,Plane,0.06815146
355.7227,Plane,0.06798909
355.7334,Plane,0.08656079
355.7444,Plane,0.1185031
355.7557,Plane,0.1546164
355.7668,Plane,0.1980445
355.7778,Plane,0.2412748
355.789,Plane,0.2675746
355.8001,Plane,0.2909526
355.8111,Plane,0.3169545
355.8223,Plane,0.3347707
355.8336,Plane,0.3529178
355.8445,Nullreference,0.3678111
355.856,Nullreference,0.3744951
355.8666,Plane,0.3859379
355.8778,Plane,0.387776
355.8891,Plane,0.3893353
355.9004,Plane,0.3825006
355.9112,Plane,0.3817316
355.9223,Plane,0.3723896
355.9334,Plane,0.367003
355.9445,Plane,0.362591
355.9556,Plane,0.3549595
355.9671,Plane,0.344782
355.9778,Plane,0.3325068
355.989,Plane,0.3222125
355.9999,Plane,0.3117336
356.011,Plane,0.3029156
356.0228,Plane,0.2964764
356.0333,Plane,0.2893388
356.0446,Plane,0.2849836
356.0555,Plane,0.2751656
356.0667,Plane,0.2631473
356.0778,Nullreference,0.2447321
356.0891,Plane,0.2292813
356.1009,Plane,0.2092985
356.1119,Plane,0.1948148
356.1224,Plane,0.1758108
356.1333,Plane,0.1576941
356.1444,Plane,0.1264355
356.1556,Plane,0.1023815
356.1666,Plane,0.0714115
356.1777,Plane,0.04676628
356.1889,Plane,0.03181085
356.2,Plane,0.03793533
356.2111,Plane,0.06109035
356.2223,Plane,0.08530582
356.2333,Plane,0.09763583
356.2445,Plane,0.1084599
356.2556,Nullreference,0.1133056
356.2665,Nullreference,0.1089774
356.2776,Nullreference,0.1075069
356.2891,Nullreference,0.09844157
356.2999,Nullreference,0.0931129
356.311,Nullreference,0.08832248
356.3221,Nullreference,0.08958109
356.3332,Nullreference,0.09120554
356.3444,Nullreference,0.09624482
356.3555,Nullreference,0.102397
356.3666,Nullreference,0.1029086
356.3776,Nullreference,0.1074551
356.3889,Nullreference,0.1088123
356.3999,Nullreference,0.1195728
356.4109,Plane,0.1316178
356.422,Nullreference,0.14574
356.4331,Nullreference,0.1581495
356.4443,Nullreference,0.1627843
356.4554,Nullreference,0.1705509
356.4664,Plane,0.1736671
356.4779,Plane,0.1731839
356.4889,Nullreference,0.1690087
356.4997,Plane,0.1624778
356.511,Plane,0.1548417
356.5224,Plane,0.1472172
356.5331,Plane,0.133212
356.5441,Plane,0.1227572
356.5554,Plane,0.1154817
356.5663,Plane,0.1061126
356.5774,Plane,0.09247927
356.5887,Plane,0.08761426
356.5999,Plane,0.08427683
356.6107,Plane,0.07893281
356.6223,Plane,0.07969022
356.633,Plane,0.08522134
356.6441,Plane,0.07865387
356.6554,Plane,0.06216747
356.6663,Plane,0.04411886
356.6775,Plane,0.02306819
356.6885,Plane,0.01726735
356.7,Plane,0.02605377
356.7108,Plane,0.02866598
356.7221,Plane,0.04122373
356.7334,Plane,0.03961169
356.7441,Plane,0.05306822
356.7554,Plane,0.06105009
356.7663,Plane,0.08112041
356.7774,Plane,0.1032426
356.7888,Plane,0.1331602
356.7996,Plane,0.1632283
356.8107,Plane,0.178805
356.822,Nullreference,0.2067762
356.833,Nullreference,0.2396831
356.844,Plane,0.2678965
356.8554,Plane,0.297954
356.8662,Plane,0.3184675
356.8772,Plane,0.3437076
356.8886,Plane,0.3566906
356.8999,Nullreference,0.35981
356.9107,Plane,0.3588856
356.9218,Plane,0.3487969
356.9328,Plane,0.3300635
356.9439,Nullreference,0.3092255
356.9551,Nullreference,0.2878152
356.9663,Nullreference,0.2695045
356.9773,Nullreference,0.2551342
356.9885,Nullreference,0.2448682
356.9996,Nullreference,0.2439582
357.0106,Nullreference,0.2362012
357.0216,Nullreference,0.2373345
357.0328,Plane,0.2385065
357.0438,Plane,0.2355853
357.055,Nullreference,0.2359525
357.0663,Plane,0.241228
357.0771,Nullreference,0.2478718
357.0884,Plane,0.2539355
357.0995,Plane,0.2737426
357.1105,Plane,0.2847721
357.1218,Plane,0.3136607
357.1327,Plane,0.3401045
357.1437,Plane,0.3733311
357.1549,Plane,0.405579
357.1661,Plane,0.4471844
357.1771,Nullreference,0.4844689
357.1884,Plane,0.5107192
357.1992,Nullreference,0.542511
357.2103,Nullreference,0.5755967
357.2215,Plane,0.5997506
357.2325,Nullreference,0.6257469
357.2437,Nullreference,0.6505833
357.255,Nullreference,0.6828455
357.2658,Nullreference,0.7015373
357.2769,Nullreference,0.7192466
357.2881,Nullreference,0.7482073
357.2992,Nullreference,0.7721404
357.3103,Nullreference,0.7930601
357.3213,Nullreference,0.8042022
357.3325,Nullreference,0.8122618
357.3435,Nullreference,0.8274735
357.3553,Collider_Roger_State_action,0.8347034
357.3662,Collider_Roger_State_action,0.8469827
357.3772,Collider_Roger_State_action,0.853098
357.3882,Collider_Roger_State_action,0.8591517
357.3993,Collider_Roger_State_action,0.867186
357.4105,Collider_Roger_State_action,0.8696443
357.4214,Collider_Roger_State_action,0.8733477
357.4327,Collider_Roger_State_action,0.8809728
357.4438,Collider_Roger_State_action,0.8975405
357.4549,Collider_Roger_State_action,0.9092568
357.4662,Collider_Roger_State_action,0.9215847
357.477,Collider_Roger_State_action,0.9277954
357.488,Collider_Roger_State_action,0.9331554
357.4991,Collider_Roger_State_action,0.9338657
357.5102,Collider_Roger_State_action,0.9294967
357.5214,Collider_Roger_State_action,0.910238
357.5325,Collider_Roger_State_action,0.8790805
357.5435,Collider_Roger_State_action,0.8535007
357.5546,Collider_Roger_State_action,0.8275269
357.5657,Collider_Roger_State_action,0.8121949
357.5768,Collider_Roger_State_action,0.8034827
357.5882,Collider_Roger_State_action,0.7992809
357.5991,Collider_Roger_State_action,0.7964106
357.6102,Collider_Roger_State_action,0.8054562
357.6213,Collider_Roger_State_action,0.8119935
357.6323,Collider_Roger_State_action,0.8275774
357.6433,Collider_Roger_State_action,0.8602921
357.6546,Collider_Roger_State_action,0.8982067
357.6656,Collider_Roger_State_action,0.9591029
357.6776,Collider_Roger_State_action,1.048607
357.6878,Collider_Roger_State_action,1.139845
357.6989,Collider_Roger_State_action,1.268935
357.7101,Collider_Roger_State_action,1.378641
357.7212,Collider_Roger_State_action,1.506838
357.7321,Collider_Roger_State_action,1.597278
357.7432,Collider_Roger_State_action,1.710396
357.7545,Nullreference,1.821534
357.7655,Collider_Roger_State_action,1.888282
357.7765,Nullreference,1.957903
357.7877,Nullreference,1.978295
357.7988,Nullreference,1.946033
357.8098,Nullreference,1.88612
357.821,Nullreference,1.817284
357.832,Nullreference,1.736297
357.8431,Nullreference,1.673365
357.8542,Nullreference,1.600338
357.8653,Nullreference,1.541574
357.8766,Nullreference,1.481632
357.8877,Nullreference,1.407978
357.8987,Nullreference,1.345755
357.9097,Nullreference,1.253798
357.9209,Nullreference,1.168431
357.932,Nullreference,1.06568
357.943,Nullreference,0.970484
357.9542,Nullreference,0.8689479
357.9653,Nullreference,0.784502
357.9764,Nullreference,0.6863816
357.9878,Nullreference,0.6084492
357.9986,Nullreference,0.5149395
358.0097,Nullreference,0.4386396
358.0209,Nullreference,0.3660879
358.0321,Collider_Roger_State_action,0.3005019
358.0431,Collider_Roger_State_action,0.2650347
358.0542,Collider_Roger_State_action,0.2315136
358.0653,Collider_Roger_State_action,0.2090928
358.0764,Nullreference,0.2058302
358.0876,Nullreference,0.2436639
358.0988,Nullreference,0.2814591
358.1096,Nullreference,0.3071449
358.1211,Nullreference,0.3163092
358.132,Nullreference,0.3218829
358.143,Nullreference,0.3220603
358.1541,Nullreference,0.3037568
358.1652,Nullreference,0.2641379
358.1763,Nullreference,0.2267462
358.1874,Nullreference,0.2035212
358.1985,Nullreference,0.1992496
358.2096,Nullreference,0.2011248
358.2211,Nullreference,0.2111784
358.232,Nullreference,0.2122148
358.243,Nullreference,0.2054499
358.2541,Nullreference,0.1957817
358.2651,Nullreference,0.197261
358.2763,Nullreference,0.2124845
358.2874,Nullreference,0.2291036
358.2985,Nullreference,0.2517532
358.3097,Nullreference,0.2741405
358.3208,Nullreference,0.286397
358.3319,Nullreference,0.2864162
358.3429,Nullreference,0.2774869
358.3542,Nullreference,0.2454664
358.3651,Nullreference,0.1976985
358.3762,Nullreference,0.1509857
358.3875,Nullreference,0.1805045
358.3986,Nullreference,0.2835815
358.4095,Nullreference,0.3574325
358.4207,Nullreference,0.436067
358.4317,Nullreference,0.6529714
358.4429,Nullreference,0.7367198
358.4542,Nullreference,0.8255214
358.4651,Nullreference,0.9161825
358.4762,Nullreference,1.019432
358.4873,Nullreference,1.002118
358.4985,Nullreference,0.8891482
358.5096,Nullreference,0.8209772
358.5206,Nullreference,0.7810125
358.5318,Nullreference,0.7154906
358.5429,Nullreference,0.6300192
358.554,Nullreference,0.5046
358.5653,Nullreference,0.3993278
358.5763,Nullreference,0.3262765
358.5873,Nullreference,0.2637444
358.5984,Nullreference,0.2307811
358.6096,Nullreference,0.2284721
358.6207,Nullreference,0.2415706
358.6318,Nullreference,0.24135
358.6428,Nullreference,0.2277571
358.6539,Nullreference,0.2014869
358.665,Nullreference,0.1829325
358.6762,Nullreference,0.2000978
358.6873,Nullreference,0.2508458
358.6984,Nullreference,0.311607
358.7095,Nullreference,0.3635633
358.7213,Nullreference,0.4163374
358.7318,Nullreference,0.4535617
358.7428,Nullreference,0.5040842
358.754,Nullreference,0.5462473
358.765,Nullreference,0.6062317
358.7762,Nullreference,0.6561342
358.7871,Nullreference,0.7057937
358.7983,Nullreference,0.7536166
358.8094,Nullreference,0.7908971
358.8205,Nullreference,0.8122433
358.8318,Nullreference,0.8223211
358.8431,Nullreference,0.8196249
358.8545,Nullreference,0.8103305
358.8652,Nullreference,0.8041548
358.8763,Nullreference,0.7918782
358.8878,Nullreference,0.7814709
358.8985,Nullreference,0.7620995
358.9096,Nullreference,0.7358538
358.921,Nullreference,0.7164395
358.9319,Nullreference,0.6943926
358.9428,Nullreference,0.6770145
358.954,Nullreference,0.6611604
358.965,Nullreference,0.6356554
358.9762,Nullreference,0.6105682
358.9873,Nullreference,0.5815225
358.9998,Nullreference,0.5502093
359.0095,Nullreference,0.5209492
359.0208,Nullreference,0.4949723
359.0317,Nullreference,0.4643728
359.0428,Nullreference,0.4353187
359.054,Nullreference,0.4017629
359.0651,Nullreference,0.3732743
359.0763,Nullreference,0.3258975
359.0874,Nullreference,0.2854986
359.0982,Nullreference,0.2326563
359.1094,Nullreference,0.1785022
359.1205,Nullreference,0.1359756
359.1316,Nullreference,0.126345
359.1426,Nullreference,0.1719449
359.1538,Nullreference,0.2593815
359.1648,Nullreference,0.3387603
359.176,Nullreference,0.4300903
359.1871,Nullreference,0.5126889
359.1985,Nullreference,0.6131356
359.2094,Nullreference,0.7253916
359.2204,Nullreference,0.8442901
359.2314,Nullreference,0.9332333
359.2426,Nullreference,1.025136
359.2538,Nullreference,1.101441
359.2649,Nullreference,1.172317
359.2761,Nullreference,1.233032
359.287,Nullreference,1.280252
359.2983,Nullreference,1.320971
359.3092,Nullreference,1.338301
359.3204,Nullreference,1.348851
359.3315,Nullreference,1.335961
359.3426,Nullreference,1.321923
359.3537,Nullreference,1.287366
359.3649,Nullreference,1.246952
359.3759,Nullreference,1.209515
359.3873,Nullreference,1.168337
359.3983,Nullreference,1.138134
359.4092,Nullreference,1.103586
359.4204,Nullreference,1.070134
359.4316,Nullreference,1.033649
359.4426,Nullreference,0.9852149
359.4538,Nullreference,0.9389763
359.4649,Nullreference,0.885313
359.476,Nullreference,0.8260384
359.4871,Nullreference,0.7736456
359.4987,Nullreference,0.7320499
359.5093,Nullreference,0.6887332
359.5206,Nullreference,0.6589152
359.5315,Nullreference,0.6246071
359.5427,Nullreference,0.5747281
359.5538,Nullreference,0.5286977
359.5653,Nullreference,0.4561394
359.5761,Nullreference,0.4024883
359.5871,Nullreference,0.3412459
359.5983,Nullreference,0.2961453
359.6093,Nullreference,0.2410748
359.6204,Nullreference,0.2003337
359.6314,Nullreference,0.1824811
359.6427,Nullreference,0.1709903
359.6541,Nullreference,0.1778141
359.665,Nullreference,0.188576
359.676,Nullreference,0.1949388
359.687,Nullreference,0.2009159
359.6985,Nullreference,0.2047957
359.7093,Nullreference,0.218386
359.7204,Nullreference,0.2224609
359.7319,Nullreference,0.2242242
359.7426,Nullreference,0.2224941
359.754,Nullreference,0.2211211
359.765,Nullreference,0.2204949
359.7769,Nullreference,0.2201816
359.7874,Nullreference,0.2167909
359.7985,Nullreference,0.2141891
359.8091,Nullreference,0.2112515
359.8204,Nullreference,0.2079507
359.8314,Nullreference,0.2041925
359.8426,Nullreference,0.2036061
359.8542,Nullreference,0.2084059
359.8649,Nullreference,0.2060561
359.8759,Nullreference,0.1977477
359.887,Nullreference,0.1890047
359.8983,Nullreference,0.1833845
359.9092,Nullreference,0.1738738
359.9205,Nullreference,0.1569648
359.9316,Nullreference,0.1373946
359.9426,Nullreference,0.1190617
359.9538,Nullreference,0.1010626
359.965,Nullreference,0.08683905
359.9757,Collider_Roger_State_action,0.08224624
359.9867,Collider_Roger_State_action,0.07501364
359.9979,Nullreference,0.05909991
360.009,Nullreference,0.05396326
360.0202,Nullreference,0.05480536
360.031,Nullreference,0.06197666
360.0422,Nullreference,0.07236648
360.0535,Nullreference,0.1016366
360.0644,Nullreference,0.1228139
360.0754,Nullreference,0.144911
360.0869,Nullreference,0.1604931
360.0976,Nullreference,0.1690691
360.1088,Nullreference,0.176217
360.1199,Nullreference,0.1824807
360.131,Nullreference,0.1909986
360.1421,Nullreference,0.1932091
360.1532,Nullreference,0.1908256
360.1643,Nullreference,0.1866699
360.1754,Nullreference,0.1792079
360.1865,Nullreference,0.1779027
360.1975,Nullreference,0.171497
360.2089,Nullreference,0.1650919
360.2206,Nullreference,0.1498788
360.2311,Nullreference,0.149726
360.2419,Nullreference,0.1405421
360.2533,Nullreference,0.1425868
360.2643,Nullreference,0.1386771
360.2753,Nullreference,0.1397797
360.2866,Nullreference,0.1310226
360.2975,Nullreference,0.1259942
360.3087,Nullreference,0.1312577
360.3197,Nullreference,0.1399165
360.3308,Nullreference,0.1514596
360.3419,Collider_Roger_Body,0.1612066
360.3533,Collider_Roger_Body,0.1727663
360.3641,Collider_Roger_Body,0.1888896
360.3753,Collider_Roger_Body,0.201483
360.3864,Collider_Roger_Body,0.2137481
360.3974,Collider_Roger_Body,0.2228807
360.4085,Collider_Roger_Body,0.2377264
360.4198,Collider_Roger_Body,0.2514246
360.4308,Collider_Roger_Body,0.261548
360.4419,Collider_Roger_Body,0.270854
360.4532,Collider_Roger_Body,0.2774388
360.4643,Collider_Roger_Body,0.2847546
360.4752,Collider_Roger_Body,0.2982962
360.4865,Collider_Roger_Body,0.3055044
360.4975,Collider_Roger_Body,0.3279738
360.5085,Collider_Roger_Body,0.3483005
360.5196,Collider_Roger_Body,0.3682199
360.5307,Collider_Roger_Body,0.3844544
360.5419,Collider_Roger_Body,0.4005085
360.553,Collider_Roger_Body,0.4154527
360.5644,Collider_Roger_Body,0.4405511
360.5753,Collider_Roger_Body,0.459105
360.5863,Collider_Roger_Body,0.482676
360.5974,Collider_Roger_Body,0.4969646
360.6085,Collider_Roger_Body,0.5079024
360.6196,Collider_Roger_Body,0.5050811
360.6307,Collider_Roger_Body,0.5024118
360.6419,Collider_Roger_Body,0.4871413
360.653,Collider_Roger_Body,0.4803784
360.6641,Collider_Roger_Body,0.4740441
360.6751,Collider_Roger_Body,0.4732677
360.6863,Collider_Roger_Body,0.4704275
360.6974,Collider_Roger_Body,0.4770702
360.7084,Collider_Roger_Body,0.4718701
360.7197,Collider_Roger_Body,0.4568541
360.7307,Collider_Roger_Body,0.4396443
360.7418,Collider_Roger_Body,0.4199248
360.753,Collider_Roger_Body,0.4098773
360.7641,Collider_Roger_Body,0.415686
360.7752,Collider_Roger_Body,0.4293635
360.7863,Collider_Roger_Body,0.4526182
360.7976,Collider_Roger_Body,0.4860181
360.8085,Collider_Roger_Body,0.5296104
360.8195,Collider_Roger_Body,0.5735956
360.8307,Collider_Roger_Body,0.6266119
360.8418,Collider_Roger_Body,0.6825048
360.853,Collider_Roger_Body,0.7163377
360.8641,Nullreference,0.7734534
360.8752,Collider_Roger_Body,0.8236315
360.8864,Nullreference,0.8811653
360.8973,Nullreference,0.9309686
360.9084,Nullreference,0.9574749
360.9196,Collider_Roger_Body,0.9737601
360.931,Collider_Roger_Body,0.9834734
360.9419,Collider_Roger_Body,0.9967159
360.953,Collider_Roger_Body,1.01152
360.9642,Collider_Roger_Body,1.030955
360.9752,Collider_Roger_Body,1.043808
360.9861,Collider_Roger_Body,1.046332
360.9973,Collider_Roger_Body,1.055425
361.0084,Collider_Roger_Body,1.057575
361.02,Collider_Roger_State_action,1.047178
361.031,Collider_Roger_State_action,1.025531
361.0424,Collider_Roger_State_action,0.9915996
361.0532,Collider_Roger_State_action,0.9574391
361.0645,Collider_Roger_State_action,0.9390653
361.0754,Collider_Roger_State_action,0.9197478
361.0864,Collider_Roger_State_action,0.9037909
361.0978,Collider_Roger_State_action,0.8926222
361.1088,Collider_Roger_State_action,0.8807631
361.1197,Collider_Roger_State_action,0.8670753
361.1309,Collider_Roger_State_action,0.858172
361.1419,Collider_Roger_State_action,0.8522373
361.1529,Collider_Roger_State_action,0.844388
361.1641,Collider_Roger_State_action,0.837
361.1752,Collider_Roger_State_action,0.8243004
361.1866,Collider_Roger_State_action,0.8067403
361.1973,Collider_Roger_State_action,0.7762385
361.2085,Collider_Roger_State_action,0.7447094
361.2197,Collider_Roger_State_action,0.7050147
361.2307,Collider_Roger_State_action,0.6554702
361.2419,Collider_Roger_State_action,0.6241283
361.2532,Collider_Roger_State_action,0.5797221
361.2641,Collider_Roger_State_action,0.5322334
361.2752,Collider_Roger_State_action,0.4802426
361.2862,Collider_Roger_State_action,0.419692
361.2974,Collider_Roger_State_action,0.3684893
361.3085,Collider_Roger_State_action,0.309426
361.3196,Collider_Roger_State_action,0.259378
361.3307,Collider_Roger_State_action,0.2116201
361.3417,Collider_Roger_State_action,0.1873215
361.3528,Collider_Roger_State_action,0.1743805
361.364,Collider_Roger_State_action,0.1713999
361.3752,Collider_Roger_State_action,0.1699613
361.3862,Collider_Roger_State_action,0.1790173
361.3973,Collider_Roger_State_action,0.1859059
361.4084,Collider_Roger_State_action,0.1874624
361.4195,Collider_Roger_State_action,0.2035084
361.4308,Collider_Roger_State_action,0.2304667
361.4418,Collider_Roger_State_action,0.2636791
361.4528,Collider_Roger_State_action,0.3128867
361.4639,Collider_Roger_State_action,0.3516068
361.4751,Collider_Roger_State_action,0.3978449
361.4863,Collider_Roger_State_action,0.429199
361.4973,Collider_Roger_State_action,0.4682329
361.5084,Collider_Roger_State_action,0.5019274
361.5195,Collider_Roger_State_action,0.5217225
361.5307,Collider_Roger_State_action,0.5432245
361.5417,Collider_Roger_State_action,0.557959
361.5528,Collider_Roger_State_action,0.5720146
361.5639,Collider_Roger_State_action,0.5929528
361.5752,Collider_Roger_State_action,0.6054916
361.5861,Collider_Roger_State_action,0.6080241
361.5974,Collider_Roger_State_action,0.6125745
361.6084,Collider_Roger_State_action,0.6000716
361.6197,Collider_Roger_State_action,0.5729105
361.6306,Collider_Roger_State_action,0.5538908
361.6416,Collider_Roger_State_action,0.5268821
361.6528,Collider_Roger_State_action,0.5008848
361.6639,Collider_Roger_State_action,0.4796841
361.6749,Collider_Roger_State_action,0.4615427
361.6861,Collider_Roger_State_action,0.4463196
361.6972,Plane,0.4276685
361.7084,Plane,0.4076719
361.7194,Collider_Roger_State_action,0.3811349
361.7305,Collider_Roger_State_action,0.35107
361.7415,Collider_Roger_State_action,0.3185913
361.7528,Collider_Roger_State_action,0.3030246
361.7638,Collider_Roger_State_action,0.281859
361.775,Collider_Roger_State_action,0.2608557
361.7862,Collider_Roger_State_action,0.2406635
361.7971,Collider_Roger_State_action,0.2129237
361.8083,Collider_Roger_State_action,0.1834135
361.8194,Collider_Roger_State_action,0.1421327
361.8306,Collider_Roger_State_action,0.1196205
361.8416,Collider_Roger_State_action,0.1107053
361.8527,Collider_Roger_State_action,0.1064643
361.8638,Collider_Roger_State_action,0.1057749
361.8748,Collider_Roger_State_action,0.1094071
361.8862,Collider_Roger_State_action,0.1046899
361.8971,Collider_Roger_State_action,0.08660083
361.9083,Collider_Roger_State_action,0.06514366
361.9195,Collider_Roger_State_action,0.0473486
361.9304,Collider_Roger_State_action,0.04033553
361.9416,Collider_Roger_State_action,0.04628407
361.9526,Collider_Roger_State_action,0.04970426
361.9637,Collider_Roger_State_action,0.05799136
361.9748,Collider_Roger_State_action,0.07430509
361.986,Collider_Roger_State_action,0.09748182
361.9971,Collider_Roger_State_action,0.1227309
362.0081,Collider_Roger_State_action,0.1500331
362.0193,Collider_Roger_State_action,0.1825842
362.0304,Collider_Roger_State_action,0.2100007
362.0415,Collider_Roger_State_action,0.2289324
362.0526,Collider_Roger_State_action,0.262364
362.0637,Collider_Roger_State_action,0.2898921
362.075,Collider_Roger_State_action,0.3144087
362.086,Collider_Roger_State_action,0.3477359
362.097,Collider_Roger_State_action,0.3665958
362.1082,Collider_Roger_State_action,0.3939639
362.1192,Collider_Roger_State_action,0.4204208
362.1305,Collider_Roger_State_action,0.4372757
362.1414,Collider_Roger_State_action,0.4559538
362.1526,Collider_Roger_State_action,0.4681837
362.1637,Collider_Roger_State_action,0.4698582
362.1747,Collider_Roger_State_action,0.4716298
362.1858,Collider_Roger_State_action,0.4707909
362.197,Collider_Roger_State_action,0.4669266
362.2081,Collider_Roger_State_action,0.4627635
362.2192,Collider_Roger_State_action,0.4522214
362.2304,Collider_Roger_State_action,0.4460118
362.2415,Collider_Roger_State_action,0.4350926
362.2526,Collider_Roger_State_action,0.4324674
362.2636,Collider_Roger_State_action,0.4245693
362.2748,Collider_Roger_State_action,0.416967
362.286,Collider_Roger_State_action,0.4058436
362.297,Collider_Roger_State_action,0.3960805
362.3087,Collider_Roger_State_action,0.3808723
362.3192,Collider_Roger_State_action,0.3702699
362.3303,Collider_Roger_State_action,0.3628736
362.3414,Collider_Roger_State_action,0.3519466
362.3527,Collider_Roger_State_action,0.341639
362.3636,Collider_Roger_State_action,0.3358319
362.3747,Collider_Roger_State_action,0.3304762
362.3859,Collider_Roger_State_action,0.3171294
362.3971,Collider_Roger_State_action,0.3053717
362.4081,Collider_Roger_State_action,0.2918876
362.4191,Collider_Roger_State_action,0.2716268
362.4303,Collider_Roger_State_action,0.2566839
362.4414,Collider_Roger_State_action,0.2430953
362.4525,Collider_Roger_State_action,0.2226363
362.4636,Collider_Roger_State_action,0.2061213
362.4747,Collider_Roger_State_action,0.1840499
362.486,Collider_Roger_State_action,0.1626887
362.497,Collider_Roger_State_action,0.157391
362.5081,Collider_Roger_State_action,0.1354972
362.5192,Collider_Roger_State_action,0.1223818
362.5304,Collider_Roger_State_action,0.117407
362.5414,Collider_Roger_State_action,0.1058308
362.5524,Collider_Roger_State_action,0.1026276
362.5635,Collider_Roger_State_action,0.09224967
362.5747,Collider_Roger_State_action,0.08544949
362.5856,Collider_Roger_State_action,0.08146826
362.5978,Collider_Roger_State_action,0.0703031
362.6082,Collider_Roger_State_action,0.07081039
362.619,Collider_Roger_State_action,0.07574767
362.6302,Collider_Roger_State_action,0.07199097
362.6413,Collider_Roger_State_action,0.07306026
362.6526,Collider_Roger_State_action,0.08008991
362.6635,Collider_Roger_State_action,0.08429063
362.6746,Collider_Roger_State_action,0.08992399
362.6857,Collider_Roger_State_action,0.09314451
362.6968,Collider_Roger_State_action,0.09245785
362.7087,Collider_Roger_State_action,0.09271711
362.719,Collider_Roger_State_action,0.09178611
362.7302,Collider_Roger_State_action,0.08612005
362.7413,Collider_Roger_State_action,0.07452986
362.7523,Collider_Roger_State_action,0.06815893
362.7636,Collider_Roger_State_action,0.05907882
362.7748,Collider_Roger_State_action,0.05559133
362.7856,Collider_Roger_State_action,0.04718484
362.7968,Collider_Roger_State_action,0.04937289
362.8079,Collider_Roger_State_action,0.05979378
362.819,Collider_Roger_State_action,0.06499507
362.8302,Collider_Roger_State_action,0.06126454
362.8412,Collider_Roger_State_action,0.05448193
362.8523,Collider_Roger_State_action,0.05079302
362.8635,Collider_Roger_State_action,0.05332039
362.8745,Collider_Roger_State_action,0.05913911
362.8856,Collider_Roger_State_action,0.08042509
362.8968,Collider_Roger_State_action,0.09387553
362.9078,Collider_Roger_State_action,0.1165717
362.9192,Collider_Roger_State_action,0.1286443
362.9301,Collider_Roger_State_action,0.1455574
362.9414,Collider_Roger_State_action,0.1558308
362.9524,Collider_Roger_State_action,0.1598092
362.9638,Collider_Roger_State_action,0.1587106
362.9746,Collider_Roger_State_action,0.1557675
362.9856,Collider_Roger_State_action,0.1493118
362.9968,Collider_Roger_State_action,0.1428211
363.008,Collider_Roger_State_action,0.1379332
363.0191,Collider_Roger_State_action,0.1334094
363.0301,Collider_Roger_State_action,0.1223674
363.0413,Collider_Roger_State_action,0.1177739
363.0522,Collider_Roger_State_action,0.1202546
363.0634,Collider_Roger_State_action,0.1267929
363.0744,Collider_Roger_State_action,0.1520119
363.0855,Collider_Roger_State_action,0.1758369
363.0966,Collider_Roger_State_action,0.1968313
363.1082,Collider_Roger_State_action,0.2169273
363.119,Collider_Roger_State_action,0.2338057
363.13,Collider_Roger_State_action,0.2462257
363.1411,Collider_Roger_State_action,0.2595299
363.1523,Collider_Roger_State_action,0.2706949
363.1634,Collider_Roger_State_action,0.2731758
363.1744,Collider_Roger_State_action,0.2709984
363.1855,Collider_Roger_State_action,0.2647807
363.1966,Collider_Roger_State_action,0.2576267
363.2081,Collider_Roger_State_action,0.2474906
363.2192,Collider_Roger_State_action,0.2394786
363.2299,Collider_Roger_State_action,0.2389722
363.241,Collider_Roger_State_action,0.2256212
363.2521,Collider_Roger_State_action,0.2201317
363.2633,Collider_Roger_State_action,0.2224602
363.2744,Collider_Roger_State_action,0.2232621
363.2855,Collider_Roger_State_action,0.2344955
363.2966,Collider_Roger_State_action,0.2398691
363.3083,Collider_Roger_State_action,0.2511795
363.3189,Collider_Roger_State_action,0.2547628
363.33,Collider_Roger_State_action,0.2665752
363.341,Collider_Roger_State_action,0.2740784
363.3521,Collider_Roger_State_action,0.2835553
363.3633,Collider_Roger_State_action,0.2841791
363.3743,Collider_Roger_State_action,0.2850829
363.3856,Collider_Roger_State_action,0.2876529
363.3965,Collider_Roger_State_action,0.2936165
363.4078,Collider_Roger_State_action,0.2922281
363.4187,Collider_Roger_State_action,0.2848874
363.43,Collider_Roger_State_action,0.2861905
363.4411,Collider_Roger_State_action,0.2860966
363.4524,Collider_Roger_State_action,0.2831231
363.4633,Collider_Roger_State_action,0.2891249
363.4743,Collider_Roger_State_action,0.2940524
363.4855,Collider_Roger_State_action,0.29533
363.4965,Collider_Roger_State_action,0.2891862
363.5078,Collider_Roger_State_action,0.273415
363.5188,Collider_Roger_State_action,0.2574824
363.5299,Collider_Roger_State_action,0.240404
363.541,Collider_Roger_State_action,0.2185404
363.5522,Collider_Roger_State_action,0.1958357
363.5633,Collider_Roger_State_action,0.1775677
363.5744,Collider_Roger_State_action,0.156198
363.5856,Collider_Roger_State_action,0.1335873
363.5966,Collider_Roger_State_action,0.112408
363.6077,Collider_Roger_State_action,0.09994575
363.619,Collider_Roger_State_action,0.09603663
363.6299,Collider_Roger_State_action,0.09282849
363.6414,Collider_Roger_State_action,0.09651762
363.6522,Collider_Roger_State_action,0.1028311
363.6633,Collider_Roger_State_action,0.109885
363.6744,Collider_Roger_State_action,0.1177131
363.6854,Collider_Roger_State_action,0.1268871
363.6965,Collider_Roger_State_action,0.1408975
363.7077,Collider_Roger_State_action,0.1699636
363.7187,Collider_Roger_State_action,0.1924763
363.7298,Collider_Roger_State_action,0.2268925
363.7409,Collider_Roger_State_action,0.2451493
363.7522,Collider_Roger_State_action,0.2570044
363.7632,Collider_Roger_State_action,0.2786995
363.7746,Collider_Roger_State_action,0.2920853
363.7856,Collider_Roger_State_action,0.3140253
363.7965,Collider_Roger_State_action,0.331773
363.8077,Collider_Roger_State_action,0.3468954
363.8186,Collider_Roger_State_action,0.354252
363.8298,Collider_Roger_State_action,0.361429
363.841,Collider_Roger_State_action,0.3688051
363.8521,Collider_Roger_State_action,0.3722453
363.8634,Collider_Roger_State_action,0.3739176
363.8742,Collider_Roger_State_action,0.3652501
363.8853,Collider_Roger_State_action,0.3600161
363.8965,Collider_Roger_State_action,0.3507218
363.9077,Collider_Roger_State_action,0.3469855
363.9187,Collider_Roger_State_action,0.3403416
363.9298,Collider_Roger_State_action,0.3387424
363.9409,Collider_Roger_State_action,0.3261021
363.9529,Collider_Roger_State_action,0.3116437
363.9631,Collider_Roger_State_action,0.2994642
363.9743,Collider_Roger_State_action,0.2800951
363.9855,Collider_Roger_State_action,0.2677659
363.9965,Collider_Roger_State_action,0.2520653
364.0076,Collider_Roger_State_action,0.2410001
364.0187,Collider_Roger_State_action,0.2132317
364.0297,Collider_Roger_State_action,0.2018732
364.0409,Collider_Roger_State_action,0.1839567
364.052,Collider_Roger_State_action,0.1737983
364.0633,Collider_Roger_State_action,0.1727611
364.0742,Collider_Roger_State_action,0.1866843
364.0854,Collider_Roger_State_action,0.2044341
364.0965,Collider_Roger_State_action,0.2312951
364.1079,Collider_Roger_State_action,0.2537103
364.1187,Collider_Roger_State_action,0.28068
364.1298,Collider_Roger_State_action,0.3061844
364.1408,Collider_Roger_State_action,0.3273637
364.1519,Collider_Roger_State_action,0.3514061
364.1631,Collider_Roger_State_action,0.3634676
364.1742,Collider_Roger_State_action,0.3728598
364.1853,Collider_Roger_State_action,0.3761942
364.1965,Collider_Roger_State_action,0.3670873
364.2075,Collider_Roger_State_action,0.354967
364.2188,Collider_Roger_State_action,0.3439067
364.2298,Collider_Roger_State_action,0.323017
364.2408,Collider_Roger_State_action,0.320269
364.2519,Collider_Roger_State_action,0.3211947
364.2631,Collider_Roger_State_action,0.3358723
364.2741,Collider_Roger_State_action,0.3592211
364.2852,Collider_Roger_State_action,0.3963426
364.2964,Collider_Roger_State_action,0.4486675
364.3076,Collider_Roger_State_action,0.5032809
364.3187,Collider_Roger_State_action,0.5509805
364.3297,Collider_Roger_State_action,0.616388
364.3408,Collider_Roger_State_action,0.6893556
364.3519,Collider_Roger_State_action,0.7518601
364.363,Collider_Roger_State_action,0.8377822
364.3741,Collider_Roger_State_action,0.9094872
364.3853,Collider_Roger_State_action,0.9794562
364.3963,Collider_Roger_State_action,0.9953169
364.4075,Collider_Roger_State_action,0.9889988
364.4187,Collider_Roger_State_action,0.9626855
364.4301,Collider_Roger_State_action,0.9347106
364.4407,Collider_Roger_State_action,0.9014384
364.4518,Collider_Roger_State_action,0.8907598
364.463,Collider_Roger_State_action,0.8827804
364.4741,Collider_Roger_State_action,0.8795726
364.4854,Collider_Roger_State_action,0.8889217
364.4964,Collider_Roger_State_action,0.9080446
364.5078,Collider_Roger_State_action,0.9260582
364.5186,Collider_Roger_State_action,0.9431249
364.5296,Collider_Roger_State_action,0.9587216
364.5407,Collider_Roger_State_action,0.9628488
364.552,Collider_Roger_State_action,0.969192
364.5628,Nullreference,0.9804071
364.574,Nullreference,0.9984149
364.5852,Nullreference,1.019149
364.5964,Nullreference,1.050565
364.6076,Nullreference,1.088787
364.6185,Nullreference,1.139245
364.6295,Nullreference,1.1846
364.6408,Nullreference,1.234899
364.6522,Nullreference,1.260798
364.6629,Nullreference,1.285505
364.674,Nullreference,1.287696
364.6852,Nullreference,1.280294
364.6963,Nullreference,1.243651
364.7072,Nullreference,1.200348
364.7184,Nullreference,1.132088
364.7294,Nullreference,1.06951
364.7404,Nullreference,1.01874
364.7514,Nullreference,0.9693028
364.7625,Nullreference,0.9216364
364.7735,Nullreference,0.9039232
364.7846,Nullreference,0.8867732
364.7956,Nullreference,0.8733338
364.8067,Nullreference,0.8589496
364.8177,Nullreference,0.8488995
364.8288,Nullreference,0.8388472
364.8399,Nullreference,0.8333533
364.8511,Nullreference,0.8161196
364.8621,Nullreference,0.795575
364.8732,Nullreference,0.7653959
364.8845,Nullreference,0.743677
364.8956,Nullreference,0.7143646
364.9067,Nullreference,0.6935627
364.9176,Nullreference,0.6768798
364.9287,Nullreference,0.6565492
364.9399,Nullreference,0.638626
364.9511,Nullreference,0.6102049
364.9621,Nullreference,0.5835677
364.9732,Nullreference,0.5534133
364.9844,Nullreference,0.5350614
364.9955,Nullreference,0.5255902
365.0065,Nullreference,0.5260422
365.0176,Nullreference,0.5392247
365.0287,Nullreference,0.5589011
365.0398,Nullreference,0.577679
365.051,Nullreference,0.5931699
365.0621,Nullreference,0.6138827
365.0732,Nullreference,0.6248713
365.0843,Nullreference,0.6291898
365.0955,Nullreference,0.6209586
365.1069,Nullreference,0.6120001
365.1177,Nullreference,0.6029894
365.1288,Nullreference,0.596461
365.14,Nullreference,0.5852197
365.1515,Nullreference,0.5885023
365.1626,Nullreference,0.6068657
365.1738,Nullreference,0.6329327
365.1851,Nullreference,0.6974987
365.1962,Nullreference,0.751371
365.2073,Nullreference,0.8161379
365.2185,Nullreference,0.8584415
365.2296,Nullreference,0.888378
365.2407,Nullreference,0.9001983
365.2517,Collider_Roger_State_action,0.8911431
365.2633,Collider_Roger_State_action,0.8702639
365.274,Collider_Roger_State_action,0.8399184
365.2851,Collider_Roger_State_action,0.8083556
365.2961,Collider_Roger_State_action,0.7738607
365.3074,Collider_Roger_State_action,0.7441822
365.3183,Collider_Roger_State_action,0.7297589
365.3296,Collider_Roger_State_action,0.7299908
365.3405,Collider_Roger_State_action,0.7383587
365.3518,Collider_Roger_State_action,0.7495466
365.3629,Collider_Roger_State_action,0.7657416
365.374,Collider_Roger_State_action,0.772385
365.3852,Collider_Roger_State_action,0.769881
365.3962,Collider_Roger_State_action,0.7378028
365.4078,Collider_Roger_State_action,0.7052531
365.4183,Collider_Roger_State_action,0.6636997
365.4295,Collider_Roger_State_action,0.636579
365.4405,Collider_Roger_State_action,0.6069783
365.4518,Collider_Roger_State_action,0.5793651
365.4629,Collider_Roger_State_action,0.5506113
365.474,Collider_Roger_State_action,0.5266518
365.485,Collider_Roger_State_action,0.510156
365.4962,Collider_Roger_State_action,0.4971349
365.5077,Collider_Roger_State_action,0.4915361
365.5184,Collider_Roger_State_action,0.4892386
365.5294,Collider_Roger_State_action,0.4898587
365.5406,Collider_Roger_State_action,0.4847264
365.5519,Collider_Roger_State_action,0.4740558
365.5628,Collider_Roger_State_action,0.4615954
365.574,Collider_Roger_State_action,0.4391623
365.5851,Collider_Roger_State_action,0.4242363
365.5962,Collider_Roger_State_action,0.4011946
365.6074,Collider_Roger_State_action,0.3797629
365.6185,Collider_Roger_State_action,0.3631171
365.6295,Collider_Roger_State_action,0.3370742
365.6414,Collider_Roger_State_action,0.3008999
365.6516,Collider_Roger_State_action,0.281425
365.6629,Collider_Roger_State_action,0.2651307
365.6738,Collider_Roger_State_action,0.2593524
365.685,Collider_Roger_State_action,0.2672282
365.6961,Collider_Roger_State_action,0.2814969
365.7076,Collider_Roger_State_action,0.3104797
365.7187,Collider_Roger_State_action,0.3374352
365.7295,Collider_Roger_State_action,0.3598204
365.7405,Collider_Roger_State_action,0.3863031
365.7517,Collider_Roger_State_action,0.4135296
365.7628,Collider_Roger_State_action,0.4437856
365.7747,Collider_Roger_State_action,0.4669384
365.7849,Collider_Roger_State_action,0.5069407
365.7963,Collider_Roger_State_action,0.5365935
365.8072,Collider_Roger_State_action,0.5656527
365.8182,Collider_Roger_State_action,0.599007
365.8295,Collider_Roger_State_action,0.6279356
365.8404,Collider_Roger_State_action,0.6667212
365.8515,Collider_Roger_State_action,0.6998189
365.8629,Collider_Roger_State_action,0.7180302
365.8737,Collider_Roger_State_action,0.7372782
365.8848,Collider_Roger_State_action,0.7393665
365.8959,Collider_Roger_State_action,0.7436487
365.9071,Collider_Roger_State_action,0.7445924
365.9182,Collider_Roger_State_action,0.7530632
365.9294,Collider_Roger_State_action,0.7550124
365.9405,Collider_Roger_State_action,0.7586066
365.9515,Collider_Roger_State_action,0.7576526
365.9626,Collider_Roger_State_action,0.7472734
365.9738,Collider_Roger_State_action,0.7393734
365.9853,Collider_Roger_State_action,0.7215572
365.9959,Collider_Roger_State_action,0.7016009
366.007,Collider_Roger_State_action,0.6763884
366.0186,Collider_Roger_State_action,0.6558148
366.0293,Collider_Roger_State_action,0.6357445
366.0404,Collider_Roger_State_action,0.6302552
366.0515,Collider_Roger_State_action,0.6290092
366.0627,Collider_Roger_State_action,0.6358077
366.0738,Collider_Roger_State_action,0.6314624
366.0849,Collider_Roger_State_action,0.6089809
366.096,Collider_Roger_State_action,0.5700985
366.1076,Collider_Roger_State_action,0.5353019
366.1182,Collider_Roger_State_action,0.5065771
366.1293,Collider_Roger_State_action,0.4872966
366.1404,Collider_Roger_State_action,0.475316
366.1517,Collider_Roger_State_action,0.4609813
366.1625,Collider_Roger_State_action,0.454113
366.1738,Collider_Roger_State_action,0.4585256
366.1849,Collider_Roger_State_action,0.4583665
366.1959,Collider_Roger_State_action,0.4705651
366.207,Collider_Roger_State_action,0.4840763
366.218,Collider_Roger_State_action,0.494458
366.2292,Collider_Roger_State_action,0.5023047
366.2404,Collider_Roger_State_action,0.5044729
366.2514,Collider_Roger_State_action,0.4989937
366.2626,Collider_Roger_State_action,0.4918755
366.2736,Collider_Roger_State_action,0.4778825
366.2848,Collider_Roger_State_action,0.4717916
366.2958,Collider_Roger_State_action,0.4634725
366.307,Collider_Roger_State_action,0.4564971
366.318,Collider_Roger_State_action,0.4420791
366.3291,Collider_Roger_State_action,0.4235475
366.3404,Collider_Roger_State_action,0.400867
366.3514,Collider_Roger_State_action,0.3822757
366.3625,Collider_Roger_State_action,0.3686951
366.3736,Collider_Roger_State_action,0.3706271
366.3847,Collider_Roger_State_action,0.3841826
366.3961,Collider_Roger_State_action,0.4296415
366.4069,Collider_Roger_State_action,0.480638
366.4182,Collider_Roger_State_action,0.5446975
366.4292,Collider_Roger_State_action,0.5970457
366.4403,Collider_Roger_State_action,0.6568837
366.4514,Collider_Roger_State_action,0.7057177
366.4625,Collider_Roger_State_action,0.7660559
366.4746,Collider_Roger_State_action,0.8216211
366.4847,Collider_Roger_State_action,0.8713975
366.4958,Collider_Roger_State_action,0.9370177
366.507,Collider_Roger_State_action,1.000681
366.5181,Collider_Roger_State_action,1.071019
366.5291,Collider_Roger_State_action,1.135813
366.5402,Collider_Roger_State_action,1.21062
366.5513,Collider_Roger_State_action,1.286646
366.5625,Collider_Roger_State_action,1.376
366.5735,Collider_Roger_State_action,1.486512
366.5847,Collider_Roger_State_action,1.590108
366.5958,Collider_Roger_State_action,1.73429
366.607,Collider_Roger_State_action,1.863481
366.6181,Nullreference,2.007183
366.6292,Collider_Roger_State_action,2.128208
366.6397,Nullreference,2.221148
366.6508,Nullreference,2.331389
366.662,Nullreference,2.412296
366.673,Nullreference,2.505957
366.6841,Nullreference,2.567219
366.6953,Nullreference,2.60518
366.7066,Nullreference,2.650099
366.7175,Nullreference,2.676043
366.7285,Nullreference,2.675229
366.7395,Nullreference,2.646263
366.7506,Nullreference,2.593993
366.7618,Nullreference,2.517307
366.773,Nullreference,2.429201
366.7845,Nullreference,2.304999
366.7952,Nullreference,2.2096
366.8063,Nullreference,2.087345
366.8179,Nullreference,1.989163
366.8287,Nullreference,1.877349
366.8396,Nullreference,1.741675
366.8506,Nullreference,1.624466
366.862,Nullreference,1.48293
366.873,Nullreference,1.346162
366.8841,Nullreference,1.23866
366.8953,Nullreference,1.118897
366.9065,Nullreference,1.026446
366.9176,Nullreference,0.9266323
366.9287,Nullreference,0.8549975
366.9398,Nullreference,0.7803001
366.951,Nullreference,0.7223822
366.9622,Nullreference,0.6544999
366.9731,Nullreference,0.600511
366.9842,Nullreference,0.5373223
366.9953,Nullreference,0.4793602
367.0064,Nullreference,0.4210186
367.0177,Nullreference,0.383118
367.0287,Nullreference,0.3527093
367.0397,Nullreference,0.336197
367.0509,Nullreference,0.3225762
367.062,Nullreference,0.3184009
367.0732,Nullreference,0.3163298
367.0841,Nullreference,0.3330862
367.0952,Nullreference,0.3627008
367.1064,Nullreference,0.406125
367.1179,Nullreference,0.4611439
367.1286,Nullreference,0.5432556
367.1397,Nullreference,0.6256438
367.151,Nullreference,0.7045566
367.1619,Nullreference,0.8138065
367.1731,Nullreference,0.9178288
367.1843,Nullreference,1.040909
367.1954,Nullreference,1.153475
367.2068,Nullreference,1.26354
367.2177,Nullreference,1.390157
367.2286,Nullreference,1.486567
367.2397,Nullreference,1.585807
367.2508,Nullreference,1.666318
367.2624,Nullreference,1.734726
367.273,Nullreference,1.805631
367.2841,Nullreference,1.869883
367.2953,Nullreference,1.911321
367.3064,Nullreference,1.960789
367.3176,Nullreference,2.008224
367.3287,Nullreference,2.069105
367.3397,Nullreference,2.1311
367.3508,Nullreference,2.18415
367.3619,Nullreference,2.246775
367.3731,Nullreference,2.294123
367.3842,Nullreference,2.34861
367.3951,Nullreference,2.386943
367.4064,Nullreference,2.423466
367.4174,Nullreference,2.46273
367.4285,Nullreference,2.503679
367.4395,Nullreference,2.54379
367.4507,Nullreference,2.568734
367.4619,Nullreference,2.583643
367.4729,Nullreference,2.612847
367.4841,Nullreference,2.632459
367.4951,Nullreference,2.623374
367.5063,Nullreference,2.590316
367.5175,Nullreference,2.5359
367.5284,Nullreference,2.476318
367.5397,Nullreference,2.402596
367.5507,Nullreference,2.322534
367.5618,Nullreference,2.221285
367.5728,Nullreference,2.093345
367.584,Nullreference,1.977509
367.5951,Nullreference,1.818805
367.6061,Nullreference,1.656299
367.6172,Nullreference,1.446761
367.6285,Nullreference,1.239152
367.6397,Nullreference,1.068594
367.6506,Nullreference,0.8813156
367.6621,Nullreference,0.7440654
367.6728,Nullreference,0.5917196
367.6839,Nullreference,0.4903717
367.6952,Nullreference,0.4006341
367.7061,Nullreference,0.3421593
367.7176,Nullreference,0.307359
367.7285,Nullreference,0.2861296
367.7396,Nullreference,0.2772917
367.7509,Nullreference,0.2650945
367.7617,Nullreference,0.2468395
367.7729,Nullreference,0.2303014
367.784,Nullreference,0.2525519
367.7952,Nullreference,0.3165783
367.8061,Nullreference,0.3755365
367.8176,Nullreference,0.4405057
367.8283,Nullreference,0.5071875
367.8396,Nullreference,0.5568775
367.8508,Nullreference,0.5707875
367.8618,Nullreference,0.563446
367.8728,Nullreference,0.5635294
367.8839,Nullreference,0.5632688
367.895,Nullreference,0.5623432
367.9061,Nullreference,0.56287
367.9172,Nullreference,0.5651176
367.9283,Nullreference,0.5590299
367.9395,Nullreference,0.5321954
367.9506,Nullreference,0.4638162
367.9618,Nullreference,0.3978818
367.9727,Nullreference,0.34207
367.9841,Nullreference,0.3278009
367.9951,Nullreference,0.3211868
368.0061,Nullreference,0.3160926
368.0172,Nullreference,0.3129428
368.0284,Nullreference,0.3020959
368.0396,Nullreference,0.2958764
368.0506,Nullreference,0.2918902
368.0619,Nullreference,0.2881693
368.073,Nullreference,0.2826628
368.0838,Nullreference,0.2692022
368.095,Nullreference,0.2541347
368.1065,Nullreference,0.2298066
368.1173,Nullreference,0.2087515
368.1283,Nullreference,0.1935245
368.1394,Nullreference,0.1953532
368.1505,Nullreference,0.2026417
368.1616,Nullreference,0.2152233
368.1728,Nullreference,0.2155675
368.1838,Nullreference,0.2044538
368.1949,Nullreference,0.1846475
368.2061,Nullreference,0.155802
368.2173,Nullreference,0.1363012
368.2285,Nullreference,0.1219205
368.2394,Nullreference,0.1186211
368.2505,Nullreference,0.124361
368.2617,Nullreference,0.1340224
368.2728,Nullreference,0.1409542
368.2837,Nullreference,0.1533321
368.295,Nullreference,0.1660758
368.3063,Nullreference,0.1865801
368.3171,Nullreference,0.2153005
368.3282,Nullreference,0.2388763
368.3394,Nullreference,0.2755905
368.3505,Nullreference,0.3075372
368.3617,Nullreference,0.3452888
368.3727,Nullreference,0.4127684
368.3837,Nullreference,0.4874156
368.3949,Nullreference,0.5790286
368.4059,Nullreference,0.7208603
368.4172,Nullreference,0.874419
368.4283,Nullreference,1.045352
368.4392,Nullreference,1.211441
368.4504,Nullreference,1.381797
368.4618,Nullreference,1.526618
368.4726,Nullreference,1.709231
368.4836,Nullreference,1.849763
368.4949,Nullreference,2.007493
368.506,Nullreference,2.141835
368.5168,Nullreference,2.293796
368.528,Nullreference,2.436137
368.5392,Nullreference,2.558601
368.5505,Nullreference,2.657713
368.5614,Nullreference,2.771504
368.5727,Nullreference,2.85182
368.5836,Nullreference,2.935613
368.5947,Nullreference,2.999547
368.6064,Nullreference,3.068286
368.6169,Nullreference,3.11478
368.6282,Nullreference,3.18149
368.6395,Nullreference,3.208809
368.6503,Nullreference,3.207108
368.6614,Nullreference,3.182154
368.6724,Nullreference,3.135334
368.6835,Nullreference,3.07714
368.6947,Nullreference,3.031891
368.7057,Nullreference,2.98156
368.7169,Nullreference,2.941103
368.728,Nullreference,2.906856
368.739,Nullreference,2.857446
368.7502,Nullreference,2.815575
368.7613,Nullreference,2.74683
368.7724,Nullreference,2.68675
368.7833,Nullreference,2.638741
368.7943,Nullreference,2.598207
368.8055,Nullreference,2.570801
368.8165,Nullreference,2.527962
368.8275,Nullreference,2.477386
368.8387,Nullreference,2.397436
368.8497,Nullreference,2.318308
368.8607,Nullreference,2.23981
368.8718,Nullreference,2.121583
368.8829,Nullreference,2.011223
368.894,Nullreference,1.853335
368.9052,Nullreference,1.706628
368.9164,Nullreference,1.549132
368.9273,Nullreference,1.396636
368.9385,Nullreference,1.272079
368.9496,Nullreference,1.137316
368.9606,Nullreference,1.021392
368.9717,Nullreference,0.9214642
368.9828,Nullreference,0.8133653
368.9939,Nullreference,0.7252122
369.005,Nullreference,0.6098867
369.0163,Nullreference,0.5215348
369.0273,Nullreference,0.4255556
369.0384,Nullreference,0.3444832
369.0494,Nullreference,0.2799845
369.0611,Nullreference,0.2286502
369.0722,Nullreference,0.1797318
369.0831,Nullreference,0.141092
369.0945,Nullreference,0.108379
369.1054,Nullreference,0.09441502
369.1165,Nullreference,0.09659562
369.1276,Nullreference,0.1028852
369.1386,Nullreference,0.1152377
369.1501,Nullreference,0.1251661
369.1609,Nullreference,0.1200767
369.1721,Nullreference,0.117015
369.183,Nullreference,0.1081029
369.1943,Nullreference,0.1024363
369.2052,Nullreference,0.08807653
369.2164,Nullreference,0.06760231
369.2275,Nullreference,0.05380645
369.2386,Nullreference,0.05586409
369.2499,Nullreference,0.1005528
369.2608,Nullreference,0.1891111
369.2718,Nullreference,0.3287321
369.2831,Nullreference,0.4590472
369.2941,Nullreference,0.636778
369.3052,Nullreference,0.7729455
369.3163,Nullreference,0.9453617
369.3275,Nullreference,1.08675
369.3385,Nullreference,1.221716
369.3497,Nullreference,1.400836
369.3608,Nullreference,1.601884
369.3718,Nullreference,1.854181
369.383,Nullreference,2.043805
369.3941,Nullreference,2.226092
369.4053,Nullreference,2.354434
369.4165,Nullreference,2.501393
369.4275,Nullreference,2.622228
369.4387,Collider_Roger_State_action,2.69615
369.4498,Collider_Roger_State_action,2.754155
369.461,Collider_Roger_State_action,2.772944
369.4721,Collider_Roger_State_action,2.744442
369.4832,Collider_Roger_State_action,2.682286
369.4945,Collider_Roger_State_action,2.569799
369.5056,Collider_Roger_State_action,2.434994
369.5165,Collider_Roger_State_action,2.276515
369.5283,Collider_Roger_State_action,2.121683
369.539,Collider_Roger_State_action,1.926239
369.5499,Collider_Roger_State_action,1.764083
369.5611,Collider_Roger_State_action,1.58195
369.5731,Collider_Roger_State_action,1.448744
369.5833,Collider_Roger_State_action,1.301706
369.5945,Collider_Roger_State_action,1.181726
369.6056,Collider_Roger_State_action,1.10367
369.6173,Collider_Roger_State_action,1.033895
369.6277,Collider_Roger_State_action,0.9928085
369.6389,Collider_Roger_State_action,0.941294
369.6499,Collider_Roger_State_action,0.8937259
369.6617,Collider_Roger_State_action,0.8534952
369.6721,Collider_Roger_State_action,0.825026
369.6833,Collider_Roger_State_action,0.8098764
369.6945,Collider_Roger_State_action,0.8076398
369.7055,Collider_Roger_State_action,0.808381
369.7166,Collider_Roger_State_action,0.8219355
369.7277,Collider_Roger_State_action,0.8296444
369.7386,Collider_Roger_State_action,0.8271463
369.7498,Collider_Roger_State_action,0.8241075
369.7609,Collider_Roger_State_action,0.8255852
369.7726,Collider_Roger_State_action,0.8231575
369.7832,Collider_Roger_State_action,0.8236431
369.7942,Collider_Roger_State_action,0.8074306
369.8054,Collider_Roger_State_action,0.7906589
369.8165,Collider_Roger_State_action,0.763594
369.8276,Collider_Roger_State_action,0.7286301
369.8387,Collider_Roger_State_action,0.7012084
369.8499,Collider_Roger_State_action,0.6779846
369.8611,Collider_Roger_State_action,0.6769393
369.8721,Collider_Roger_State_action,0.6957601
369.8831,Collider_Roger_State_action,0.730018
369.8944,Collider_Roger_State_action,0.7567004
369.9055,Collider_Roger_State_action,0.7786354
369.9164,Collider_Roger_State_action,0.7790469
369.9276,Collider_Roger_State_action,0.7812741
369.9386,Collider_Roger_State_action,0.7754145
369.9499,Collider_Roger_State_action,0.761777
369.9609,Collider_Roger_State_action,0.7475305
369.9723,Collider_Roger_State_action,0.7222229
369.9831,Collider_Roger_State_action,0.6954625
369.9944,Collider_Roger_State_action,0.667574
370.0053,Collider_Roger_State_action,0.6422804
370.0169,Collider_Roger_State_action,0.6235759
370.0276,Collider_Roger_State_action,0.6074821
370.0392,Collider_Roger_State_action,0.6004096
370.0499,Collider_Roger_State_action,0.6023458
370.0609,Collider_Roger_State_action,0.6193163
370.0721,Collider_Roger_State_action,0.6474701
370.0831,Collider_Roger_State_action,0.7011926
370.0943,Collider_Roger_State_action,0.7644669
370.1056,Collider_Roger_State_action,0.865944
370.1164,Collider_Roger_State_action,0.9615827
370.1277,Collider_Roger_State_action,1.095774
370.1387,Collider_Roger_State_action,1.246401
370.1498,Collider_Roger_State_action,1.359838
370.1609,Collider_Roger_State_action,1.481995
370.172,Collider_Roger_State_action,1.572635
370.1833,Collider_Roger_State_action,1.67127
370.1942,Collider_Roger_State_action,1.746696
370.2055,Collider_Roger_State_action,1.820836
370.2166,Collider_Roger_State_action,1.884485
370.2279,Collider_Roger_State_action,1.94402
370.2389,Collider_Roger_State_action,2.004936
370.2499,Collider_Roger_State_action,2.07338
370.2612,Nullreference,2.12615
370.2721,Nullreference,2.17543
370.2833,Nullreference,2.187654
370.2952,Nullreference,2.185043
370.3064,Nullreference,2.177038
370.3167,Nullreference,2.154814
370.3278,Nullreference,2.113153
370.3398,Nullreference,2.061402
370.35,Nullreference,1.973506
370.3614,Nullreference,1.897951
370.3722,Nullreference,1.796746
370.3834,Nullreference,1.715919
370.3945,Nullreference,1.625608
370.4055,Nullreference,1.550529
370.4167,Nullreference,1.453977
370.4287,Nullreference,1.360922
370.4389,Nullreference,1.276869
370.45,Nullreference,1.179939
370.4611,Nullreference,1.079576
370.472,Nullreference,0.9773312
370.4832,Nullreference,0.9026493
370.4944,Nullreference,0.821466
370.5059,Nullreference,0.7630589
370.5167,Nullreference,0.7019814
370.5283,Nullreference,0.6620135
370.5387,Nullreference,0.6238769
370.5499,Nullreference,0.5909374
370.5609,Nullreference,0.5640815
370.5721,Nullreference,0.5314191
370.5833,Nullreference,0.5156065
370.5945,Nullreference,0.5225257
370.6055,Nullreference,0.5289072
370.6165,Nullreference,0.5179722
370.6277,Nullreference,0.4946918
370.6386,Nullreference,0.4582915
370.6498,Nullreference,0.4097738
370.6609,Nullreference,0.3718145
370.6721,Nullreference,0.3289904
370.6831,Nullreference,0.3001317
370.6942,Nullreference,0.2949494
370.7054,Nullreference,0.3033038
370.7164,Nullreference,0.3153954
370.7279,Nullreference,0.3112123
370.7386,Nullreference,0.2946367
370.7497,Nullreference,0.2727349
370.7609,Nullreference,0.2587607
370.772,Nullreference,0.2555438
370.7831,Nullreference,0.2492266
370.7942,Nullreference,0.2644269
370.8053,Nullreference,0.2839513
370.8164,Nullreference,0.3284008
370.8278,Nullreference,0.3671713
370.8386,Nullreference,0.3956183
370.8499,Nullreference,0.3991627
370.8608,Nullreference,0.3861967
370.8722,Nullreference,0.3589512
370.883,Nullreference,0.3346854
370.8941,Nullreference,0.2984371
370.9054,Nullreference,0.2691185
370.9165,Nullreference,0.238338
370.9279,Nullreference,0.2395795
370.9392,Nullreference,0.265573
370.9498,Nullreference,0.3123671
370.9608,Nullreference,0.3464091
370.9725,Nullreference,0.3807662
370.9832,Nullreference,0.4130019
370.9942,Nullreference,0.449638
371.0054,Nullreference,0.4940013
371.0162,Nullreference,0.5414706
371.0278,Nullreference,0.6215596
371.0386,Nullreference,0.704899
371.0497,Nullreference,0.8112969
371.0609,Nullreference,0.9258007
371.072,Nullreference,1.015899
371.0829,Nullreference,1.116042
371.0941,Nullreference,1.19793
371.1052,Nullreference,1.262934
371.1163,Nullreference,1.330156
371.1277,Nullreference,1.384618
371.1389,Nullreference,1.462687
371.1495,Nullreference,1.571333
371.1607,Nullreference,1.683543
371.1724,Nullreference,1.817044
371.1829,Nullreference,1.892318
371.1949,Nullreference,1.986095
371.2051,Nullreference,2.094016
371.2162,Nullreference,2.192389
371.2273,Nullreference,2.293906
371.2383,Nullreference,2.376628
371.2493,Nullreference,2.496076
371.2605,Nullreference,2.593084
371.2717,Nullreference,2.710235
371.2826,Nullreference,2.806648
371.2939,Nullreference,2.894005
371.3047,Nullreference,2.971329
371.316,Nullreference,3.025147
371.3272,Nullreference,3.085419
371.3379,Nullreference,3.126974
371.349,Nullreference,3.175493
371.3602,Nullreference,3.220493
371.3712,Nullreference,3.265303
371.3822,Nullreference,3.316765
371.3933,Nullreference,3.364942
371.4044,Nullreference,3.418772
371.4155,Nullreference,3.455027
371.4267,Nullreference,3.49751
371.4378,Nullreference,3.523265
371.4487,Nullreference,3.54442
371.4599,Nullreference,3.557205
371.471,Nullreference,3.547326
371.4821,Nullreference,3.539348
371.4933,Nullreference,3.511503
371.5042,Nullreference,3.481527
371.5154,Nullreference,3.435367
371.5264,Nullreference,3.374165
371.5374,Nullreference,3.302299
371.5486,Nullreference,3.199814
371.5598,Nullreference,3.073152
371.5708,Nullreference,2.958297
371.5818,Nullreference,2.825599
371.593,Nullreference,2.695362
371.6041,Nullreference,2.54138
371.6152,Nullreference,2.40855
371.6265,Nullreference,2.251381
371.6375,Nullreference,2.107344
371.649,Nullreference,1.990356
371.66,Collider_Roger_State_action,1.896922
371.6715,Collider_Roger_State_action,1.797621
371.6825,Collider_Roger_State_action,1.71209
371.6935,Collider_Roger_State_action,1.624875
371.7043,Collider_Roger_State_action,1.526484
371.7155,Collider_Roger_State_action,1.447559
371.7269,Collider_Roger_State_action,1.353307
371.7378,Collider_Roger_State_action,1.271832
371.7488,Collider_Roger_State_action,1.200424
371.7601,Collider_Roger_State_action,1.145721
371.771,Collider_Roger_State_action,1.07927
371.782,Collider_Roger_State_action,1.014185
371.7934,Collider_Roger_State_action,0.9621767
371.8043,Collider_Roger_State_action,0.9161836
371.8153,Collider_Roger_State_action,0.8695757
371.8266,Collider_Roger_State_action,0.8268388
371.8376,Collider_Roger_State_action,0.7806215
371.8488,Collider_Roger_State_action,0.7285007
371.8603,Collider_Roger_State_action,0.6722182
371.871,Collider_Roger_State_action,0.6295192
371.8822,Collider_Roger_State_action,0.5982975
371.8933,Collider_Roger_State_action,0.5918192
371.9044,Collider_Roger_State_action,0.6020992
371.9155,Collider_Roger_State_action,0.611158
371.9264,Collider_Roger_State_action,0.59871
371.9375,Collider_Roger_State_action,0.5747615
371.9487,Collider_Roger_State_action,0.5572458
371.9599,Collider_Roger_State_action,0.5425617
371.971,Collider_Roger_State_action,0.528179
371.982,Collider_Roger_State_action,0.5105021
371.993,Collider_Roger_State_action,0.492446
372.0041,Collider_Roger_State_action,0.4841337
372.0153,Collider_Roger_State_action,0.4673804
372.0264,Collider_Roger_State_action,0.456673
372.0375,Collider_Roger_State_action,0.4458523
372.0486,Collider_Roger_State_action,0.423337
372.0598,Collider_Roger_State_action,0.3958508
372.071,Collider_Roger_State_action,0.3706936
372.082,Collider_Roger_State_action,0.3315552
372.0934,Collider_Roger_State_action,0.2997196
372.1042,Collider_Roger_State_action,0.2691027
372.1155,Collider_Roger_State_action,0.2551662
372.1264,Collider_Roger_State_action,0.2539951
372.1374,Collider_Roger_State_action,0.2617165
372.1489,Collider_Roger_State_action,0.2639003
372.1599,Collider_Roger_State_action,0.2649905
372.1707,Collider_Roger_State_action,0.2652052
372.1818,Collider_Roger_State_action,0.2657903
372.1929,Collider_Roger_State_action,0.2739688
372.2041,Collider_Roger_State_action,0.2752702
372.2153,Collider_Roger_State_action,0.2824293
372.2263,Collider_Roger_State_action,0.2870008
372.2373,Collider_Roger_State_action,0.2885177
372.2516,Collider_Roger_State_action,0.2890413
372.2596,Collider_Roger_State_action,0.2925561
372.2708,Collider_Roger_State_action,0.2916646
372.2818,Collider_Roger_State_action,0.2948224
372.293,Collider_Roger_State_action,0.28365
372.3041,Collider_Roger_State_action,0.2796723
372.3151,Nullreference,0.277743
372.3262,Nullreference,0.2652553
372.3373,Nullreference,0.2763323
372.3484,Nullreference,0.6002321
372.3596,Nullreference,0.3580837
372.3707,Nullreference,0.4205528
372.3818,Nullreference,0.4042434
372.3931,Nullreference,0.4301508
372.4039,Nullreference,0.4775693
372.4149,Nullreference,0.5148661
372.4262,Nullreference,0.3798703
372.4379,Nullreference,0.371954
372.4484,Collider_Roger_State_action,0.2897975
372.4596,Collider_Roger_State_action,0.3022137
372.4708,Collider_Roger_State_action,0.3125754
372.4816,Collider_Roger_State_action,0.3639567
372.4928,Collider_Roger_State_action,0.4085034
372.5038,Collider_Roger_State_action,0.4535999
372.515,Collider_Roger_State_action,0.461298
372.5262,Collider_Roger_State_action,0.4476051
372.5374,Collider_Roger_State_action,0.426228
372.5483,Collider_Roger_State_action,0.412977
372.5596,Collider_Roger_State_action,0.4069767
372.5704,Collider_Roger_State_action,0.4102049
372.5818,Collider_Roger_State_action,0.4038
372.5928,Collider_Roger_State_action,0.4011833
372.6039,Collider_Roger_State_action,0.3957278
372.6151,Collider_Roger_State_action,0.3756138
372.6262,Collider_Roger_State_action,0.3614647
372.6373,Collider_Roger_State_action,0.3470776
372.6483,Collider_Roger_State_action,0.3400806
372.6594,Collider_Roger_State_action,0.3407361
372.6706,Collider_Roger_State_action,0.350508
372.6818,Collider_Roger_State_action,0.3797354
372.6928,Collider_Roger_State_action,0.397526
372.7039,Collider_Roger_State_action,0.3936788
372.715,Collider_Roger_State_action,0.3803517
372.7261,Collider_Roger_State_action,0.3540975
372.7372,Collider_Roger_State_action,0.3352382
372.7484,Collider_Roger_State_action,0.3229988
372.7596,Collider_Roger_State_action,0.333149
372.7705,Collider_Roger_State_action,0.3517281
372.7817,Collider_Roger_State_action,0.3678635
372.7928,Collider_Roger_State_action,0.374518
372.8039,Collider_Roger_State_action,0.3822274
372.8153,Collider_Roger_State_action,0.3894009
372.8263,Collider_Roger_State_action,0.3921062
372.8372,Collider_Roger_State_action,0.3895844
372.8483,Collider_Roger_State_action,0.3941409
372.8593,Collider_Roger_State_action,0.4009866
372.8708,Collider_Roger_State_action,0.4083767
372.8817,Collider_Roger_State_action,0.4065443
372.8927,Collider_Roger_State_action,0.4031642
372.9037,Collider_Roger_State_action,0.3943929
372.9149,Collider_Roger_State_action,0.3817746
372.926,Collider_Roger_State_action,0.3659538
372.9374,Collider_Roger_State_action,0.3551235
372.9484,Collider_Roger_State_action,0.344491
372.9594,Collider_Roger_State_action,0.33935
372.9704,Collider_Roger_State_action,0.3421291
372.9816,Collider_Roger_State_action,0.3480737
372.9927,Collider_Roger_State_action,0.3515012
373.0038,Collider_Roger_State_action,0.3638827
373.0148,Nullreference,0.3662606
373.0266,Nullreference,0.3752679
373.0371,Nullreference,0.3864097
373.0483,Nullreference,0.4192254
373.0594,Nullreference,0.4562538
373.0705,Nullreference,0.4913084
373.0816,Nullreference,0.5355265
373.0925,Collider_Roger_State_action,0.5761184
373.1038,Collider_Roger_State_action,0.6296102
373.115,Collider_Roger_State_action,0.6828688
373.126,Collider_Roger_State_action,0.7596553
373.1371,Collider_Roger_State_action,0.8213453
373.1482,Collider_Roger_State_action,0.9105331
373.1595,Collider_Roger_State_action,0.9964054
373.1704,Collider_Roger_State_action,1.11267
373.1815,Collider_Roger_State_action,1.260792
373.1933,Collider_Roger_State_action,1.395001
373.2042,Collider_Roger_State_action,1.559092
373.2147,Collider_Roger_State_action,1.706907
373.2259,Collider_Roger_State_action,1.866857
373.237,Collider_Roger_State_action,1.96172
373.248,Collider_Roger_State_action,2.029381
373.2596,Collider_Roger_State_action,2.045362
373.2703,Collider_Roger_State_action,2.017218
373.2814,Collider_Roger_State_action,1.96979
373.2925,Nullreference,1.927275
373.3036,Nullreference,1.885265
373.3147,Nullreference,1.863641
373.3258,Nullreference,1.849432
373.3369,Nullreference,1.829207
373.3481,Nullreference,1.796559
373.3593,Nullreference,1.753234
373.3702,Nullreference,1.700562
373.3813,Nullreference,1.62369
373.3927,Nullreference,1.54526
373.4036,Nullreference,1.453566
373.4146,Nullreference,1.35414
373.4258,Nullreference,1.281002
373.4369,Nullreference,1.197232
373.4484,Nullreference,1.146782
373.459,Nullreference,1.081981
373.4702,Nullreference,1.02965
373.4813,Nullreference,0.9730431
373.4924,Nullreference,0.9260998
373.5034,Nullreference,0.8866209
373.5144,Nullreference,0.8317051
373.5256,Nullreference,0.7819226
373.5368,Nullreference,0.7272634
373.5478,Nullreference,0.6618579
373.5587,Nullreference,0.6005627
373.5697,Nullreference,0.5321636
373.5806,Nullreference,0.4901359
373.5925,Nullreference,0.4565524
373.6027,Nullreference,0.4292001
373.6138,Nullreference,0.4072044
373.6251,Nullreference,0.3844231
373.636,Nullreference,0.3564337
373.6472,Nullreference,0.3092147
373.6584,Nullreference,0.257563
373.6693,Nullreference,0.1970708
373.6805,Nullreference,0.1134518
373.6916,Nullreference,0.07120679
373.7027,Nullreference,0.07278663
373.7138,Nullreference,0.119489
373.725,Nullreference,0.1787817
373.7359,Nullreference,0.2223075
373.747,Nullreference,0.2704577
373.7585,Nullreference,0.317645
373.7694,Nullreference,0.3756831
373.7806,Nullreference,0.4282869
373.7923,Nullreference,0.4638227
373.8032,Nullreference,0.4946661
373.8142,Nullreference,0.5240454
373.8255,Nullreference,0.5361853
373.8365,Nullreference,0.5375221
373.8477,Nullreference,0.5310928
373.8589,Nullreference,0.5254106
373.8699,Nullreference,0.5330021
373.8811,Nullreference,0.5623145
373.8921,Nullreference,0.5976043
373.9032,Nullreference,0.6319154
373.9144,Nullreference,0.6402473
373.9255,Nullreference,0.6813421
373.9366,Nullreference,0.7280393
373.9481,Nullreference,0.8182225
373.9588,Nullreference,0.9004375
373.9702,Nullreference,0.9992548
373.9809,Nullreference,1.094678
373.9923,Nullreference,1.166312
374.0033,Collider_Roger_State_action,1.229609
374.0144,Collider_Roger_State_action,1.270474
374.0255,Collider_Roger_State_action,1.297357
374.0365,Collider_Roger_State_action,1.310167
374.0477,Collider_Roger_State_action,1.298898
374.0588,Collider_Roger_State_action,1.277836
374.0699,Collider_Roger_State_action,1.25386
374.081,Collider_Roger_State_action,1.216757
374.0922,Collider_Roger_State_action,1.172314
374.1031,Collider_Roger_State_action,1.11288
374.1143,Collider_Roger_State_action,1.065869
374.1254,Nullreference,1.018075
374.1363,Nullreference,0.9705852
374.1474,Nullreference,0.9377467
374.1585,Nullreference,0.9026245
374.1696,Nullreference,0.876294
374.1809,Nullreference,0.8502427
374.1917,Nullreference,0.8220644
374.2029,Nullreference,0.8020909
374.214,Nullreference,0.7763423
374.2253,Nullreference,0.7502905
374.2362,Nullreference,0.7273989
374.2473,Nullreference,0.6979678
374.2585,Nullreference,0.67382
374.2696,Nullreference,0.6448109
374.2807,Nullreference,0.629221
374.2919,Nullreference,0.6302545
374.3028,Nullreference,0.6368434
374.314,Nullreference,0.6424055
374.3252,Nullreference,0.6245215
374.3362,Nullreference,0.6038042
374.3473,Nullreference,0.5724194
374.3584,Nullreference,0.5502115
374.3694,Nullreference,0.5161765
374.3806,Nullreference,0.4806209
374.3917,Nullreference,0.4540814
374.4028,Nullreference,0.4311377
374.4138,Collider_Roger_State_action,0.4207696
374.425,Collider_Roger_State_action,0.4280349
374.4363,Collider_Roger_State_action,0.4462184
374.4472,Collider_Roger_State_action,0.4649329
374.4583,Collider_Roger_State_action,0.4842467
374.4695,Collider_Roger_State_action,0.502722
374.4805,Collider_Roger_State_action,0.5131629
374.4918,Collider_Roger_State_action,0.5310554
374.5028,Collider_Roger_State_action,0.5363143
374.5139,Collider_Roger_State_action,0.5349272
374.525,Collider_Roger_State_action,0.5250734
374.5363,Collider_Roger_State_action,0.514975
374.5472,Collider_Roger_State_action,0.4988374
374.5583,Collider_Roger_State_action,0.4871336
374.5694,Collider_Roger_State_action,0.4697462
374.5804,Collider_Roger_State_action,0.4517535
374.5916,Collider_Roger_State_action,0.4177476
374.6028,Collider_Roger_State_action,0.3871942
374.6139,Collider_Roger_State_action,0.3543674
374.6249,Collider_Roger_State_action,0.3187504
374.6362,Collider_Roger_State_action,0.2950264
374.6471,Collider_Roger_State_action,0.2709165
374.6584,Collider_Roger_State_action,0.2613198
374.6693,Collider_Roger_State_action,0.2554258
374.6804,Collider_Roger_State_action,0.2687736
374.6917,Collider_Roger_State_action,0.3003753
374.7026,Collider_Roger_State_action,0.3361762
374.7137,Collider_Roger_State_action,0.3691045
374.7249,Collider_Roger_State_action,0.4026367
374.736,Collider_Roger_State_action,0.4260939
374.7471,Collider_Roger_State_action,0.4455684
374.7582,Collider_Roger_State_action,0.4636958
374.7693,Collider_Roger_State_action,0.4707939
374.7805,Collider_Roger_State_action,0.4717176
374.7916,Collider_Roger_State_action,0.4684742
374.8025,Collider_Roger_State_action,0.4554881
374.8137,Collider_Roger_State_action,0.4500667
374.8248,Collider_Roger_State_action,0.4342537
374.8362,Collider_Roger_State_action,0.4215122
374.8471,Collider_Roger_State_action,0.4127199
374.8584,Collider_Roger_State_action,0.4013511
374.8692,Collider_Roger_State_action,0.3956925
374.8802,Collider_Roger_State_action,0.3842669
374.8915,Collider_Roger_State_action,0.3726273
374.9026,Collider_Roger_State_action,0.3591698
374.9138,Collider_Roger_State_action,0.3439778
374.9248,Collider_Roger_State_action,0.3318863
374.9362,Collider_Roger_State_action,0.3270257
374.947,Collider_Roger_State_action,0.3185162
374.9582,Collider_Roger_State_action,0.3250415
374.9691,Collider_Roger_State_action,0.3345727
374.9803,Collider_Roger_State_action,0.3520506
374.9914,Collider_Roger_State_action,0.3553011
375.0025,Collider_Roger_State_action,0.3529109
375.0135,Collider_Roger_State_action,0.3552879
375.0246,Collider_Roger_State_action,0.3579963
375.0358,Collider_Roger_State_action,0.366133
375.0469,Collider_Roger_State_action,0.3858629
375.0582,Collider_Roger_State_action,0.4108518
375.0691,Collider_Roger_State_action,0.4278582
375.0802,Collider_Roger_State_action,0.4620903
375.0914,Collider_Roger_State_action,0.4944411
375.1024,Collider_Roger_State_action,0.5363538
375.1135,Collider_Roger_State_action,0.5588334
375.1247,Collider_Roger_State_action,0.5692569
375.1358,Collider_Roger_State_action,0.5653735
375.1469,Collider_Roger_State_action,0.5536177
375.158,Collider_Roger_State_action,0.5294247
375.1692,Collider_Roger_State_action,0.5070251
375.1803,Collider_Roger_State_action,0.4846855
375.1914,Collider_Roger_State_action,0.4670016
375.2024,Collider_Roger_State_action,0.4565895
375.2136,Collider_Roger_State_action,0.4433629
375.2247,Collider_Roger_State_action,0.42145
375.2357,Collider_Roger_State_action,0.3865171
375.2468,Collider_Roger_State_action,0.3572896
375.258,Collider_Roger_State_action,0.3359025
375.2693,Collider_Roger_State_action,0.3201038
375.2802,Collider_Roger_State_action,0.3299457
375.2914,Collider_Roger_State_action,0.3353364
375.3024,Collider_Roger_State_action,0.3329144
375.3135,Collider_Roger_State_action,0.3290291
375.3246,Collider_Roger_State_action,0.3302354
375.3357,Collider_Roger_State_action,0.3441013
375.3467,Collider_Roger_State_action,0.3563263
375.358,Collider_Roger_State_action,0.3692664
375.3691,Collider_Roger_State_action,0.3762034
375.3801,Collider_Roger_State_action,0.3897525
375.3912,Collider_Roger_State_action,0.3964784
375.4023,Collider_Roger_State_action,0.4054879
375.4134,Collider_Roger_State_action,0.402894
375.4245,Collider_Roger_State_action,0.4015636
375.4356,Nullreference,0.3806958
375.4466,Collider_Roger_State_action,0.3598024
375.4577,Nullreference,0.337111
375.4688,Nullreference,0.2969987
375.4799,Collider_Roger_State_action,0.2764434
375.4911,Collider_Roger_State_action,0.2471836
375.5022,Collider_Roger_State_action,0.2429849
375.5132,Collider_Roger_State_action,0.2683421
375.5244,Collider_Roger_State_action,0.2993659
375.5355,Collider_Roger_State_action,0.3298455
375.5466,Collider_Roger_State_action,0.3454572
375.5577,Collider_Roger_State_action,0.3492998
375.5688,Collider_Roger_State_action,0.3415218
375.58,Collider_Roger_State_action,0.3180919
375.5911,Collider_Roger_State_action,0.29084
375.6021,Collider_Roger_State_action,0.270449
375.6132,Collider_Roger_State_action,0.2460985
375.6243,Collider_Roger_State_action,0.2165168
375.6354,Collider_Roger_State_action,0.1714963
375.6469,Collider_Roger_State_action,0.1378819
375.6577,Collider_Roger_State_action,0.09941618
375.6689,Collider_Roger_State_action,0.09432355
375.6798,Collider_Roger_State_action,0.0963985
375.691,Collider_Roger_State_action,0.0919499
375.7022,Collider_Roger_State_action,0.06166871
375.7132,Collider_Roger_State_action,0.04144179
375.7245,Collider_Roger_State_action,0.09491225
375.7355,Collider_Roger_State_action,0.1565319
375.7466,Collider_Roger_State_action,0.204453
375.7578,Collider_Roger_State_action,0.2241908
375.7688,Collider_Roger_State_action,0.236832
375.7798,Collider_Roger_State_action,0.2396213
375.791,Collider_Roger_State_action,0.2474137
375.8027,Collider_Roger_State_action,0.2440127
375.8134,Collider_Roger_State_action,0.2334919
375.8244,Collider_Roger_State_action,0.2147494
375.8354,Collider_Roger_State_action,0.188293
375.8465,Collider_Roger_State_action,0.15202
375.8577,Collider_Roger_State_action,0.1313932
375.8692,Collider_Roger_State_action,0.1308558
375.8798,Collider_Roger_State_action,0.1384862
375.8909,Collider_Roger_State_action,0.1409466
375.9024,Collider_Roger_State_action,0.1373231
375.9133,Collider_Roger_State_action,0.1273462
375.9242,Collider_Roger_State_action,0.1313858
375.9352,Collider_Roger_State_action,0.1561559
375.9465,Collider_Roger_State_action,0.1949438
375.9575,Collider_Roger_State_action,0.2361435
375.9687,Collider_Roger_State_action,0.2693103
375.9798,Collider_Roger_State_action,0.299214
375.9909,Collider_Roger_State_action,0.3255077
376.0018,Collider_Roger_State_action,0.3459564
376.0132,Collider_Roger_State_action,0.3649458
376.0247,Collider_Roger_State_action,0.3597625
376.0353,Collider_Roger_State_action,0.3513903
376.0463,Collider_Roger_State_action,0.3413497
376.0574,Collider_Roger_State_action,0.328667
376.0686,Collider_Roger_State_action,0.3093334
376.0796,Collider_Roger_State_action,0.2752328
376.0908,Collider_Roger_State_action,0.2587523
376.1021,Collider_Roger_State_action,0.235326
376.113,Collider_Roger_State_action,0.2257108
376.1242,Collider_Roger_State_action,0.2212457
376.1352,Collider_Roger_State_action,0.2166314
376.1463,Collider_Roger_State_action,0.1999882
376.1574,Collider_Roger_State_action,0.1851376
376.1684,Collider_Roger_State_action,0.1670778
376.1795,Collider_Roger_State_action,0.141839
376.1907,Collider_Roger_State_action,0.1298441
376.2018,Collider_Roger_State_action,0.140485
376.213,Collider_Roger_State_action,0.1704404
376.2245,Collider_Roger_State_action,0.1845733
376.235,Collider_Roger_State_action,0.1846836
376.2463,Collider_Roger_State_action,0.1643047
376.2573,Collider_Roger_State_action,0.1484332
376.2684,Collider_Roger_State_action,0.132073
376.2795,Collider_Roger_State_action,0.1231052
376.2906,Collider_Roger_State_action,0.1247535
376.302,Collider_Roger_State_action,0.1264716
376.3129,Collider_Roger_State_action,0.1389462
376.324,Collider_Roger_State_action,0.1462245
376.3351,Collider_Roger_State_action,0.1600281
376.3469,Collider_Roger_State_action,0.1766692
376.3574,Collider_Roger_State_action,0.1871362
376.3684,Collider_Roger_State_action,0.2022633
376.3795,Collider_Roger_State_action,0.2105398
376.3906,Collider_Roger_State_action,0.215081
376.4017,Collider_Roger_State_action,0.2266981
376.413,Collider_Roger_State_action,0.2305794
376.4239,Collider_Roger_State_action,0.2319597
376.4351,Collider_Roger_State_action,0.2263564
376.4462,Collider_Roger_State_action,0.2153237
376.4573,Collider_Roger_State_action,0.2004725
376.4684,Collider_Roger_State_action,0.1988191
376.4797,Collider_Roger_State_action,0.2055849
376.4906,Collider_Roger_State_action,0.2040145
376.5017,Collider_Roger_State_action,0.1919431
376.5128,Collider_Roger_State_action,0.1880924
376.524,Collider_Roger_State_action,0.1861276
376.535,Collider_Roger_State_action,0.2000806
376.5462,Collider_Roger_State_action,0.2150661
376.5573,Collider_Roger_State_action,0.2251655
376.5684,Collider_Roger_State_action,0.2265291
376.5794,Collider_Roger_State_action,0.2086314
376.5906,Collider_Roger_State_action,0.1836436
376.6017,Collider_Roger_State_action,0.1591406
376.6128,Collider_Roger_State_action,0.1424755
376.6239,Collider_Roger_State_action,0.1355003
376.635,Collider_Roger_State_action,0.1254411
376.6462,Collider_Roger_State_action,0.1129412
376.6573,Collider_Roger_State_action,0.1036137
376.6683,Collider_Roger_State_action,0.09245836
376.6795,Collider_Roger_State_action,0.09298013
376.6906,Collider_Roger_State_action,0.0971185
376.7016,Collider_Roger_State_action,0.1047372
376.7129,Collider_Roger_State_action,0.1219814
376.724,Collider_Roger_State_action,0.1485758
376.7342,Collider_Roger_State_action,0.1697366
376.7454,Collider_Roger_State_action,0.2023251
376.7565,Collider_Roger_State_action,0.2253182
376.7675,Collider_Roger_State_action,0.2400453
376.7787,Collider_Roger_State_action,0.2392503
376.7898,Collider_Roger_State_action,0.2402437
376.8009,Collider_Roger_State_action,0.219515
376.8121,Collider_Roger_State_action,0.2026831
376.8231,Collider_Roger_State_action,0.2012393
376.8342,Collider_Roger_State_action,0.2043696
376.8452,Collider_Roger_State_action,0.2082905
376.8564,Collider_Roger_State_action,0.2083779
376.8674,Collider_Roger_State_action,0.2142098
376.8786,Collider_Roger_State_action,0.207048
376.8909,Nullreference,0.1991243
376.9023,Nullreference,0.1933393
376.9108,Nullreference,0.1848414
376.9217,Nullreference,0.1812108
376.9328,Nullreference,0.1616138
376.9439,Nullreference,0.1444335
376.9553,Nullreference,0.1158299
376.9661,Nullreference,0.09280515
376.977,Nullreference,0.07767119
376.9883,Nullreference,0.07270168
376.9992,Nullreference,0.07775621
377.0104,Nullreference,0.07729832
377.0215,Nullreference,0.07385092
377.0326,Nullreference,0.06741221
377.0439,Nullreference,0.05431886
377.0548,Nullreference,0.03847465
377.066,Nullreference,0.02492661
377.077,Nullreference,0.01502132
377.0881,Nullreference,0.01574418
377.0993,Nullreference,0.02737878
377.1103,Nullreference,0.04215364
377.1218,Nullreference,0.04411984
377.1326,Nullreference,0.06048508
377.1436,Nullreference,0.08147425
377.1548,Nullreference,0.1136012
377.1659,Collider_Roger_State_action,0.1670198
377.1769,Collider_Roger_State_action,0.2219661
377.1882,Collider_Roger_State_action,0.2799894
377.1993,Collider_Roger_State_action,0.3433844
377.2103,Collider_Roger_State_action,0.4066007
377.2213,Collider_Roger_State_action,0.4657005
377.2325,Collider_Roger_State_action,0.5270839
377.2435,Collider_Roger_State_action,0.5827339
377.2549,Collider_Roger_State_action,0.6537182
377.2661,Collider_Roger_State_action,0.7291294
377.2774,Collider_Roger_State_action,0.7914047
377.2887,Collider_Roger_State_action,0.8580555
377.2999,Collider_Roger_State_action,0.9294927
377.3113,Collider_Roger_State_action,0.9738714
377.3224,Collider_Roger_State_action,1.029055
377.3337,Collider_Roger_State_action,1.07566
377.3449,Collider_Roger_State_action,1.113896
377.3564,Collider_Roger_State_action,1.152005
377.3677,Collider_Roger_State_action,1.18259
377.3788,Collider_Roger_State_action,1.197501
377.3901,Collider_Roger_State_action,1.198942
377.4014,Collider_Roger_State_action,1.203371
377.4127,Collider_Roger_State_action,1.189097
377.4238,Collider_Roger_State_action,1.187668
377.4349,Collider_Roger_State_action,1.174865
377.4462,Collider_Roger_State_action,1.161216
377.4571,Collider_Roger_State_action,1.147359
377.4682,Collider_Roger_State_action,1.130691
377.4792,Collider_Roger_State_action,1.106558
377.4903,Collider_Roger_State_action,1.082471
377.5014,Collider_Roger_State_action,1.054256
377.5127,Collider_Roger_State_action,1.024538
377.5239,Collider_Roger_State_action,0.9901538
377.5349,Collider_Roger_State_action,0.9561253
377.546,Collider_Roger_State_action,0.9180101
377.5574,Collider_Roger_State_action,0.8829634
377.5681,Collider_Roger_State_action,0.8397294
377.5793,Collider_Roger_State_action,0.7989599
377.5905,Collider_Roger_State_action,0.7681431
377.6021,Collider_Roger_State_action,0.7274809
377.6128,Collider_Roger_State_action,0.6876168
377.6237,Collider_Roger_State_action,0.6355361
377.6349,Collider_Roger_State_action,0.5902058
377.6458,Collider_Roger_State_action,0.5323949
377.657,Collider_Roger_State_action,0.4740784
377.6681,Collider_Roger_State_action,0.4159063
377.6792,Collider_Roger_State_action,0.3501118
377.6902,Collider_Roger_State_action,0.3022819
377.7014,Collider_Roger_State_action,0.2435501
377.7125,Collider_Roger_State_action,0.197752
377.7236,Collider_Roger_State_action,0.149555
377.7348,Collider_Roger_State_action,0.1100127
377.746,Collider_Roger_State_action,0.08171108
377.7573,Collider_Roger_State_action,0.04632668
377.7681,Collider_Roger_State_action,0.03211283
377.7791,Collider_Roger_State_action,0.01944501
377.7902,Collider_Roger_State_action,0.03564015
377.8014,Collider_Roger_State_action,0.04372074
377.8124,Collider_Roger_State_action,0.06777054
377.8236,Collider_Roger_State_action,0.08686612
377.8347,Collider_Roger_State_action,0.1111939
377.8457,Collider_Roger_State_action,0.1225399
377.8569,Collider_Roger_State_action,0.1296831
377.8684,Collider_Roger_State_action,0.1357511
377.8792,Collider_Roger_State_action,0.1397931
377.8903,Collider_Roger_State_action,0.1376145
377.9014,Collider_Roger_State_action,0.1334781
377.9125,Collider_Roger_State_action,0.1365505
377.9235,Collider_Roger_State_action,0.1412678
377.9347,Collider_Roger_State_action,0.1412301
377.9459,Collider_Roger_State_action,0.1468251
377.9569,Collider_Roger_State_action,0.1540487
377.9684,Collider_Roger_State_action,0.1555146
377.9796,Collider_Roger_State_action,0.159133
377.9902,Collider_Roger_State_action,0.1574704
378.0014,Collider_Roger_State_action,0.1482655
378.0124,Collider_Roger_State_action,0.1432371
378.0234,Collider_Roger_State_action,0.1437591
378.0349,Collider_Roger_State_action,0.1376555
378.0457,Collider_Roger_State_action,0.1449545
378.057,Collider_Roger_State_action,0.151318
378.0683,Collider_Roger_State_action,0.1556352
378.0791,Collider_Roger_State_action,0.1614148
378.0901,Collider_Roger_State_action,0.1657832
378.1012,Collider_Roger_State_action,0.1745021
378.1124,Collider_Roger_State_action,0.1762076
378.1235,Collider_Roger_State_action,0.1895861
378.1345,Collider_Roger_State_action,0.2005305
378.1456,Collider_Roger_State_action,0.2087626
378.1568,Collider_Roger_State_action,0.2150762
378.1683,Collider_Roger_State_action,0.2162369
378.179,Collider_Roger_State_action,0.2220922
378.1901,Collider_Roger_State_action,0.2267459
378.2017,Collider_Roger_State_action,0.2328352
378.2124,Collider_Roger_State_action,0.2308346
378.2235,Collider_Roger_State_action,0.2313966
378.2345,Collider_Roger_State_action,0.2336206
378.2456,Collider_Roger_State_action,0.231207
378.2568,Collider_Roger_State_action,0.2274431
378.268,Collider_Roger_State_action,0.2304419
378.2794,Collider_Roger_State_action,0.2316443
378.2901,Collider_Roger_State_action,0.2341048
378.3012,Collider_Roger_State_action,0.2336093
378.3124,Collider_Roger_State_action,0.231616
378.3236,Collider_Roger_State_action,0.2320853
378.3346,Collider_Roger_State_action,0.2331191
378.3456,Collider_Roger_State_action,0.2318597
378.3597,Collider_Roger_State_action,0.2321092
378.3678,Collider_Roger_State_action,0.2346359
378.3792,Collider_Roger_State_action,0.2276444
378.3899,Collider_Roger_State_action,0.2246831
378.4011,Collider_Roger_State_action,0.2198344
378.4123,Collider_Roger_State_action,0.214581
378.4233,Collider_Roger_State_action,0.2075011
378.4344,Collider_Roger_State_action,0.1992835
378.4458,Collider_Roger_State_action,0.1902781
378.4566,Collider_Roger_State_action,0.1858359
378.4679,Collider_Roger_State_action,0.17838
378.4789,Collider_Roger_State_action,0.1882199
378.4903,Collider_Roger_State_action,0.1944158
378.5011,Collider_Roger_State_action,0.2073112
378.5123,Collider_Roger_State_action,0.2231695
378.5233,Collider_Roger_State_action,0.2408256
378.5343,Collider_Roger_State_action,0.2586049
378.5456,Collider_Roger_State_action,0.2774055
378.5566,Collider_Roger_State_action,0.2966397
378.5678,Collider_Roger_State_action,0.3183345
378.5788,Collider_Roger_State_action,0.3355214
378.59,Collider_Roger_State_action,0.3604985
378.6011,Collider_Roger_State_action,0.3871353
378.6123,Collider_Roger_State_action,0.4032135
378.6238,Collider_Roger_State_action,0.4201511
378.6344,Collider_Roger_State_action,0.4285046
378.6456,Collider_Roger_State_action,0.4259516
378.6566,Collider_Roger_State_action,0.4211025
378.6676,Collider_Roger_State_action,0.4180562
378.6787,Collider_Roger_State_action,0.4156551
378.6898,Collider_Roger_State_action,0.4081731
378.7011,Collider_Roger_State_action,0.4009084
378.7121,Collider_Roger_State_action,0.3904856
378.7231,Collider_Roger_State_action,0.3793815
378.7344,Collider_Roger_State_action,0.3648078
378.7459,Collider_Roger_State_action,0.3418223
378.7565,Collider_Roger_State_action,0.3225661
378.7678,Collider_Roger_State_action,0.300296
378.7787,Collider_Roger_State_action,0.2838486
378.7898,Collider_Roger_State_action,0.2659902
378.8009,Collider_Roger_State_action,0.2557474
378.812,Collider_Roger_State_action,0.247462
378.8232,Collider_Roger_State_action,0.241926
378.8343,Collider_Roger_State_action,0.23184
378.8455,Collider_Roger_State_action,0.2318926
378.8566,Collider_Roger_State_action,0.2302875
378.8675,Collider_Roger_State_action,0.2264083
378.8786,Collider_Roger_State_action,0.2239755
378.8898,Collider_Roger_State_action,0.2250127
378.901,Collider_Roger_State_action,0.2209667
378.9124,Collider_Roger_State_action,0.2207816
378.9232,Collider_Roger_State_action,0.2241213
378.9342,Collider_Roger_State_action,0.2233191
378.9455,Collider_Roger_State_action,0.2265274
378.9566,Collider_Roger_State_action,0.2214082
378.9677,Collider_Roger_State_action,0.2179047
378.9788,Collider_Roger_State_action,0.2104981
378.9904,Collider_Roger_State_action,0.1969577
379.0008,Collider_Roger_State_action,0.190485
379.012,Collider_Roger_State_action,0.1770982
379.0229,Collider_Roger_State_action,0.1653593
379.0343,Collider_Roger_State_action,0.1589784
379.0453,Collider_Roger_State_action,0.1474482
379.0563,Collider_Roger_State_action,0.1430811
379.0676,Collider_Roger_State_action,0.1422278
379.0785,Collider_Roger_State_action,0.1381442
379.0899,Collider_Roger_State_action,0.1419654
379.1008,Collider_Roger_State_action,0.1471165
379.1118,Collider_Roger_State_action,0.1543105
379.123,Collider_Roger_State_action,0.1639523
379.134,Collider_Roger_State_action,0.1659802
379.1456,Collider_Roger_State_action,0.1621373
379.1563,Collider_Roger_State_action,0.1459027
379.1678,Collider_Roger_State_action,0.1316628
379.1785,Collider_Roger_State_action,0.1188504
379.1896,Collider_Roger_State_action,0.1062262
379.2009,Collider_Roger_State_action,0.1088606
379.2121,Collider_Roger_State_action,0.1112703
379.223,Collider_Roger_State_action,0.1183616
379.2341,Collider_Roger_State_action,0.125031
379.2452,Collider_Roger_State_action,0.1265653
379.2563,Collider_Roger_State_action,0.1205109
379.2674,Collider_Roger_State_action,0.1130305
379.2787,Collider_Roger_State_action,0.1094279
379.2899,Collider_Roger_State_action,0.1106925
379.3008,Collider_Roger_State_action,0.1157212
379.3119,Collider_Roger_State_action,0.1172955
379.3231,Collider_Roger_State_action,0.1258295
379.3341,Collider_Roger_State_action,0.1372195
379.3451,Collider_Roger_State_action,0.1432843
379.3563,Collider_Roger_State_action,0.1498608
379.3675,Collider_Roger_State_action,0.1516517
379.3785,Collider_Roger_State_action,0.1571244
379.3895,Collider_Roger_State_action,0.1584911
379.4006,Collider_Roger_State_action,0.1640992
379.4117,Collider_Roger_State_action,0.1630024
379.423,Collider_Roger_State_action,0.1665417
379.4342,Collider_Roger_State_action,0.1694295
379.4458,Collider_Roger_State_action,0.1734886
379.4565,Collider_Roger_State_action,0.1782665
379.4672,Collider_Roger_State_action,0.1825313
379.4785,Collider_Roger_State_action,0.1868352
379.4895,Collider_Roger_State_action,0.1860085
379.5007,Collider_Roger_State_action,0.1834837
379.5117,Collider_Roger_State_action,0.1912629
379.5229,Collider_Roger_State_action,0.1917413
379.534,Collider_Roger_State_action,0.1914006
379.5451,Collider_Roger_State_action,0.1954908
379.5561,Collider_Roger_State_action,0.1989047
379.5673,Collider_Roger_State_action,0.1993526
379.5784,Collider_Roger_State_action,0.201227
379.5895,Collider_Roger_State_action,0.1987086
379.6007,Collider_Roger_State_action,0.20131
379.6117,Collider_Roger_State_action,0.2117481
379.6228,Collider_Roger_State_action,0.2355319
379.6339,Collider_Roger_State_action,0.2510568
379.645,Collider_Roger_State_action,0.2622796
379.6561,Collider_Roger_State_action,0.267587
379.6673,Collider_Roger_State_action,0.2697808
379.6784,Collider_Roger_State_action,0.2630965
379.6893,Collider_Roger_State_action,0.2590662
379.7006,Collider_Roger_State_action,0.2450801
379.7117,Collider_Roger_State_action,0.2371316
379.7229,Collider_Roger_State_action,0.2280795
379.7339,Collider_Roger_State_action,0.2379362
379.7449,Collider_Roger_State_action,0.2515042
379.7564,Collider_Roger_State_action,0.2649432
379.7674,Collider_Roger_State_action,0.2870242
379.7783,Collider_Roger_State_action,0.3021928
379.7895,Collider_Roger_State_action,0.3173947
379.8005,Collider_Roger_State_action,0.3279544
379.8116,Collider_Roger_State_action,0.3351238
379.8227,Collider_Roger_State_action,0.3443675
379.8338,Nullreference,0.3554168
379.8451,Nullreference,0.3584434
379.856,Nullreference,0.3550842
379.8674,Collider_Roger_State_action,0.3531988
379.8783,Collider_Roger_State_action,0.3496587
379.8893,Collider_Roger_State_action,0.3425215
379.9004,Collider_Roger_State_action,0.3364415
379.9116,Collider_Roger_State_action,0.3266369
379.9227,Collider_Roger_State_action,0.3268971
379.9339,Nullreference,0.3161969
379.9447,Collider_Roger_State_action,0.3141148
379.9561,Nullreference,0.2980367
379.9671,Nullreference,0.2878997
379.9782,Nullreference,0.2753154
379.9894,Nullreference,0.269115
380.0005,Nullreference,0.2647469
380.0115,Nullreference,0.2687627
380.0229,Nullreference,0.27931
380.0336,Nullreference,0.2936085
380.0449,Nullreference,0.308611
380.056,Nullreference,0.3136285
380.067,Nullreference,0.3182991
380.0781,Nullreference,0.3275557
380.0892,Nullreference,0.3364848
380.1003,Nullreference,0.3343337
380.1113,Nullreference,0.3354469
380.1225,Nullreference,0.3339891
380.1336,Nullreference,0.3295406
380.1447,Nullreference,0.3260125
380.1561,Nullreference,0.3237486
380.1671,Nullreference,0.3175849
380.1781,Nullreference,0.3045108
380.1893,Nullreference,0.2938855
380.2003,Nullreference,0.2878595
380.2115,Nullreference,0.2793942
380.2225,Nullreference,0.2732471
380.2336,Nullreference,0.2674553
380.2447,Nullreference,0.271273
380.2558,Nullreference,0.2795912
380.2668,Nullreference,0.2967589
380.2782,Nullreference,0.3026761
380.2893,Nullreference,0.3143818
380.3003,Nullreference,0.3152504
380.3114,Nullreference,0.3195941
380.3229,Nullreference,0.3149426
380.3335,Nullreference,0.3082823
380.3446,Nullreference,0.3110392
380.3558,Nullreference,0.3081101
380.3669,Nullreference,0.3183992
380.378,Nullreference,0.3124009
380.3892,Nullreference,0.3096846
380.4004,Nullreference,0.2908739
380.4114,Nullreference,0.2841809
380.4227,Nullreference,0.2853715
380.4336,Nullreference,0.2851464
380.4447,Nullreference,0.2937557
380.4558,Nullreference,0.3049401
380.4669,Nullreference,0.2992465
380.4779,Nullreference,0.294566
380.4893,Nullreference,0.2905946
380.5002,Nullreference,0.2812615
380.5113,Nullreference,0.2668406
380.5224,Nullreference,0.2427819
380.5334,Nullreference,0.219599
380.5447,Nullreference,0.1920908
380.5559,Nullreference,0.1709585
380.5669,Nullreference,0.1557487
380.5781,Nullreference,0.1417555
380.589,Nullreference,0.1412752
380.6001,Nullreference,0.1530924
380.6114,Nullreference,0.1690435
380.6223,Nullreference,0.1913375
380.6335,Nullreference,0.2043292
380.6445,Nullreference,0.2112596
380.6557,Nullreference,0.2076694
380.6667,Nullreference,0.2118542
380.6778,Nullreference,0.216056
380.6891,Nullreference,0.2155299
380.7002,Nullreference,0.2083278
380.7112,Nullreference,0.1921948
380.7224,Nullreference,0.1754671
380.7336,Nullreference,0.1575667
380.7444,Nullreference,0.1342998
380.7559,Nullreference,0.1221339
380.7667,Nullreference,0.1114459
380.7777,Nullreference,0.1095767
380.789,Nullreference,0.1158681
380.8003,Nullreference,0.1238894
380.8113,Nullreference,0.1280076
380.8224,Nullreference,0.1422278
380.8333,Nullreference,0.1533487
380.8444,Nullreference,0.1600825
380.8556,Nullreference,0.1662151
380.8667,Nullreference,0.1686783
380.8779,Nullreference,0.1674214
380.8889,Nullreference,0.1628475
380.9001,Nullreference,0.1680054
380.9112,Nullreference,0.1734328
380.9222,Nullreference,0.1774931
380.9334,Nullreference,0.1728212
380.9444,Nullreference,0.1656034
380.9558,Nullreference,0.1478927
380.9671,Nullreference,0.138089
380.9778,Nullreference,0.1235072
380.9893,Nullreference,0.1134761
381,Nullreference,0.1061006
381.0111,Nullreference,0.09691443
381.0223,Nullreference,0.1002057
381.0334,Nullreference,0.1045649
381.0444,Nullreference,0.1302519
381.0562,Nullreference,0.1670936
381.0669,Nullreference,0.1896233
381.0777,Nullreference,0.2113288
381.0888,Nullreference,0.2199683
381.0999,Nullreference,0.2192421
381.1111,Nullreference,0.2194678
381.1223,Nullreference,0.2165843
381.1332,Nullreference,0.2207368
381.1446,Nullreference,0.2366777
381.1555,Nullreference,0.2667584
381.1666,Nullreference,0.305619
381.1779,Nullreference,0.3391845
381.1888,Nullreference,0.3811877
381.2,Collider_Roger_State_action,0.4168648
381.211,Collider_Roger_State_action,0.4440705
381.2222,Collider_Roger_State_action,0.4790726
381.2334,Collider_Roger_State_action,0.5106348
381.2443,Collider_Roger_State_action,0.5400566
381.2555,Collider_Roger_State_action,0.5627002
381.2672,Collider_Roger_State_action,0.5898464
381.2776,Collider_Roger_State_action,0.6126352
381.2887,Collider_Roger_State_action,0.6279005
381.3,Collider_Roger_State_action,0.6391857
381.3112,Collider_Roger_State_action,0.6424897
381.3221,Collider_Roger_State_action,0.6382197
381.3333,Collider_Roger_State_action,0.6322352
381.3444,Collider_Roger_State_action,0.6267422
381.3556,Collider_Roger_State_action,0.62343
381.3665,Collider_Roger_State_action,0.635061
381.3776,Collider_Roger_State_action,0.6448962
381.3886,Collider_Roger_State_action,0.6673977
381.3998,Collider_Roger_State_action,0.6815557
381.4109,Collider_Roger_State_action,0.6794909
381.4221,Collider_Roger_State_action,0.6641085
381.4333,Collider_Roger_State_action,0.6355059
381.4443,Collider_Roger_State_action,0.6192795
381.4557,Collider_Roger_State_action,0.6094725
381.4664,Collider_Roger_State_action,0.6222906
381.4776,Collider_Roger_State_action,0.6344631
381.4892,Collider_Roger_State_action,0.6250806
381.5005,Collider_Roger_State_action,0.5999849
381.5108,Collider_Roger_State_action,0.5598034
381.5224,Collider_Roger_State_action,0.5281156
381.5331,Collider_Roger_State_action,0.4947984
381.5442,Collider_Roger_State_action,0.4697636
381.5553,Collider_Roger_State_action,0.4575928
381.5664,Collider_Roger_State_action,0.4432313
381.5775,Collider_Roger_State_action,0.4396697
381.5887,Collider_Roger_State_action,0.4423039
381.5997,Collider_Roger_State_action,0.4425585
381.6109,Collider_Roger_State_action,0.4386188
381.622,Collider_Roger_State_action,0.4277309
381.6332,Collider_Roger_State_action,0.4234987
381.6444,Collider_Roger_State_action,0.4178552
381.6553,Collider_Roger_State_action,0.401477
381.6663,Collider_Roger_State_action,0.3874388
381.6775,Collider_Roger_State_action,0.3723813
381.6885,Collider_Roger_State_action,0.3452139
381.7,Collider_Roger_State_action,0.3239286
381.7112,Collider_Roger_State_action,0.290647
381.7222,Collider_Roger_State_action,0.2613754
381.7329,Collider_Roger_State_action,0.2311491
381.744,Collider_Roger_State_action,0.2198168
381.7552,Collider_Roger_State_action,0.2091487
381.7664,Collider_Roger_State_action,0.2054927
381.7775,Collider_Roger_State_action,0.1999349
381.7886,Collider_Roger_State_action,0.2030051
381.7995,Collider_Roger_State_action,0.1858096
381.8109,Collider_Roger_State_action,0.1618323
381.8219,Collider_Roger_State_action,0.1266042
381.833,Collider_Roger_State_action,0.1062846
381.8441,Collider_Roger_State_action,0.1123892
381.8552,Collider_Roger_State_action,0.1412617
381.8661,Collider_Roger_State_action,0.1757724
381.8774,Collider_Roger_State_action,0.2058699
381.8884,Collider_Roger_State_action,0.2259304
381.8997,Collider_Roger_State_action,0.2401676
381.9107,Collider_Roger_State_action,0.2459234
381.9217,Collider_Roger_State_action,0.2438053
381.9329,Collider_Roger_State_action,0.2359228
381.944,Collider_Roger_State_action,0.2252259
381.9551,Collider_Roger_State_action,0.2059629
381.9662,Collider_Roger_State_action,0.1963096
381.9773,Collider_Roger_State_action,0.1844185
381.9883,Collider_Roger_State_action,0.1852661
381.9995,Collider_Roger_State_action,0.1814135
382.0106,Collider_Roger_State_action,0.1855351
382.0218,Collider_Roger_State_action,0.1876574
382.0328,Collider_Roger_State_action,0.1906657
382.0439,Collider_Roger_State_action,0.1934315
382.0551,Collider_Roger_State_action,0.1992317
382.0661,Collider_Roger_State_action,0.1932628
382.0771,Collider_Roger_State_action,0.179893
382.0885,Collider_Roger_State_action,0.1731218
382.0995,Collider_Roger_State_action,0.1700965
382.1105,Collider_Roger_State_action,0.1613291
382.1216,Collider_Roger_State_action,0.1526756
382.1327,Collider_Roger_State_action,0.1407171
382.1438,Collider_Roger_State_action,0.1360953
382.1552,Collider_Roger_State_action,0.1252872
382.1661,Collider_Roger_State_action,0.1159909
382.1771,Collider_Roger_State_action,0.09924375
382.1882,Collider_Roger_State_action,0.08736711
382.1994,Collider_Roger_State_action,0.08227628
382.2104,Collider_Roger_State_action,0.08568965
382.2215,Collider_Roger_State_action,0.09054866
382.2326,Collider_Roger_State_action,0.1038608
382.2437,Collider_Roger_State_action,0.1012574
382.2552,Collider_Roger_State_action,0.09502444
382.266,Collider_Roger_State_action,0.09146369
382.277,Collider_Roger_State_action,0.08181397
382.2886,Collider_Roger_State_action,0.0870984
382.2993,Collider_Roger_State_action,0.1014011
382.3104,Collider_Roger_State_action,0.1024998
382.3217,Collider_Roger_State_action,0.1002556
382.3326,Collider_Roger_State_action,0.09717993
382.3438,Collider_Roger_State_action,0.1013765
382.3551,Collider_Roger_State_action,0.11931
382.3658,Collider_Roger_State_action,0.1387324
382.3775,Collider_Roger_State_action,0.1638454
382.3882,Collider_Roger_State_action,0.1898499
382.3993,Collider_Roger_State_action,0.2047975
382.4104,Collider_Roger_State_action,0.2240713
382.4215,Collider_Roger_State_action,0.2298713
382.4326,Collider_Roger_State_action,0.2302932
382.4437,Collider_Roger_State_action,0.2248872
382.4551,Collider_Roger_State_action,0.2191581
382.4662,Collider_Roger_State_action,0.2135174
382.477,Collider_Roger_State_action,0.2098846
382.4883,Collider_Roger_State_action,0.2042843
382.4992,Collider_Roger_State_action,0.2144396
382.5103,Collider_Roger_State_action,0.2170155
382.5214,Collider_Roger_State_action,0.219609
382.5327,Collider_Roger_State_action,0.2139751
382.5435,Collider_Roger_State_action,0.2068732
382.5553,Collider_Roger_State_action,0.2002527
382.566,Collider_Roger_State_action,0.1919295
382.5858,Collider_Roger_State_action,0.1802233
382.5945,Collider_Roger_State_action,0.1603508
382.6054,Collider_Roger_State_action,0.148164
382.6163,Collider_Roger_State_action,0.1392992
382.6275,Collider_Roger_State_action,0.1302998
382.6387,Collider_Roger_State_action,0.1223989
382.6497,Collider_Roger_State_action,0.1191395
382.6608,Collider_Roger_State_action,0.1124864
382.672,Collider_Roger_State_action,0.1022192
382.6831,Collider_Roger_State_action,0.09285007
382.6941,Collider_Roger_State_action,0.08646318
382.7053,Collider_Roger_State_action,0.07963161
382.7165,Collider_Roger_State_action,0.07190122
382.7274,Collider_Roger_State_action,0.07462514
382.7386,Collider_Roger_State_action,0.07770952
382.7498,Collider_Roger_State_action,0.08377894
382.7609,Collider_Roger_State_action,0.09123494
382.7719,Collider_Roger_State_action,0.1098142
382.7829,Collider_Roger_State_action,0.1254268
382.7943,Collider_Roger_State_action,0.1440387
382.8053,Collider_Roger_State_action,0.1565259
382.8163,Collider_Roger_State_action,0.1661931
382.8273,Collider_Roger_State_action,0.1763014
382.8384,Collider_Roger_State_action,0.1895056
382.8495,Collider_Roger_State_action,0.1961812
382.8607,Collider_Roger_State_action,0.2094466
382.8718,Collider_Roger_State_action,0.2160406
382.8828,Collider_Roger_State_action,0.2282648
382.8942,Collider_Roger_State_action,0.2338743
382.9052,Collider_Roger_State_action,0.2406328
382.9162,Collider_Roger_State_action,0.2456155
382.9272,Collider_Roger_State_action,0.2506745
382.9383,Collider_Roger_State_action,0.2580003
382.9497,Nullreference,0.2654637
382.9606,Collider_Roger_State_action,0.2746232
382.9717,Collider_Roger_State_action,0.2859201
382.9831,Collider_Roger_State_action,0.2883513
382.9942,Collider_Roger_State_action,0.2951826
383.0051,Collider_Roger_State_action,0.2942448
383.0162,Collider_Roger_State_action,0.2914384
383.0278,Nullreference,0.279463
383.0392,Nullreference,0.2778068
383.0506,Nullreference,0.2707078
383.062,Nullreference,0.2678532
383.0738,Nullreference,0.264695
383.0847,Nullreference,0.2578752
383.0962,Nullreference,0.2523905
383.1075,Nullreference,0.2530379
383.119,Nullreference,0.2383438
383.1304,Nullreference,0.2269499
383.1419,Nullreference,0.2216475
383.1532,Nullreference,0.2127376
383.1647,Nullreference,0.2062712
383.176,Nullreference,0.1995392
383.1875,Nullreference,0.1951097
383.1992,Nullreference,0.1854746
383.2101,Nullreference,0.1767808
383.2212,Nullreference,0.1666007
383.2324,Nullreference,0.1571039
383.2434,Nullreference,0.1488661
383.2546,Nullreference,0.1325564
383.2657,Nullreference,0.1286226
383.2768,Nullreference,0.1146097
383.2879,Nullreference,0.09882028
383.2989,Nullreference,0.08472329
383.3101,Nullreference,0.07318869
383.3212,Nullreference,0.06051972
383.3323,Nullreference,0.04622149
383.3435,Nullreference,0.03973409
383.3545,Nullreference,0.0332304
383.3657,Nullreference,0.03041097
383.3768,Nullreference,0.02885693
383.388,Nullreference,0.03319877
383.3993,Nullreference,0.04601289
383.4101,Nullreference,0.06821595
383.4212,Nullreference,0.08904873
383.4323,Nullreference,0.1148569
383.4434,Nullreference,0.1295248
383.4553,Nullreference,0.1457983
383.4655,Nullreference,0.1530379
383.4767,Nullreference,0.1463144
383.4879,Nullreference,0.1417069
383.4992,Nullreference,0.1349931
383.5102,Nullreference,0.1234343
383.5212,Nullreference,0.1042525
383.5323,Nullreference,0.09285522
383.5434,Nullreference,0.0873958
383.5544,Nullreference,0.08926173
383.5657,Nullreference,0.0948978
383.5766,Nullreference,0.1023862
383.588,Nullreference,0.1131812
383.5991,Collider_Roger_State_action,0.1228894
383.6099,Collider_Roger_State_action,0.1331152
383.6211,Collider_Roger_State_action,0.1405269
383.6323,Collider_Roger_State_action,0.1491394
383.6432,Collider_Roger_State_action,0.1591167
383.6545,Collider_Roger_State_action,0.1683787
383.6655,Collider_Roger_State_action,0.1809544
383.6768,Collider_Roger_State_action,0.1891217
383.6879,Collider_Roger_State_action,0.1990732
383.6988,Collider_Roger_State_action,0.2113633
383.7103,Collider_Roger_State_action,0.217638
383.7211,Collider_Roger_State_action,0.2323653
383.7322,Collider_Roger_State_action,0.2490755
383.7433,Collider_Roger_State_action,0.2609796
383.7545,Collider_Roger_State_action,0.2807757
383.7658,Collider_Roger_State_action,0.295327
383.7766,Collider_Roger_State_action,0.3170082
383.7878,Collider_Roger_State_action,0.3241424
383.7994,Collider_Roger_State_action,0.3267312
383.81,Collider_Roger_State_action,0.3206011
383.821,Collider_Roger_State_action,0.3006116
383.8323,Collider_Roger_State_action,0.2702236
383.8432,Collider_Roger_State_action,0.2456661
383.8544,Collider_Roger_State_action,0.219949
383.8654,Collider_Roger_State_action,0.2017589
383.8766,Collider_Roger_State_action,0.1828831
383.8878,Collider_Roger_State_action,0.1702954
383.899,Collider_Roger_State_action,0.153125
383.9099,Collider_Roger_State_action,0.1327561
383.921,Collider_Roger_State_action,0.1148215
383.9323,Collider_Roger_State_action,0.09577777
383.9432,Collider_Roger_State_action,0.08330055
383.9543,Collider_Roger_State_action,0.07568947
383.9655,Collider_Roger_State_action,0.06898686
383.9765,Collider_Roger_State_action,0.07005339
383.9877,Collider_Roger_State_action,0.07343231
383.9995,Collider_Roger_State_action,0.08070186
384.01,Collider_Roger_State_action,0.09009948
384.0213,Collider_Roger_State_action,0.09168169
384.0324,Collider_Roger_State_action,0.09329545
384.0432,Collider_Roger_State_action,0.08132929
384.0543,Collider_Roger_State_action,0.07397031
384.0654,Collider_Roger_State_action,0.06900963
384.0765,Collider_Roger_State_action,0.05837442
384.0877,Collider_Roger_State_action,0.04975409
384.0987,Collider_Roger_State_action,0.04134539
384.1098,Collider_Roger_State_action,0.03710562
384.1209,Collider_Roger_State_action,0.03404251
384.1321,Collider_Roger_State_action,0.03007948
384.1431,Collider_Roger_State_action,0.02862586
384.1543,Collider_Roger_State_action,0.02096895
384.1653,Collider_Roger_State_action,0.02132604
384.1764,Collider_Roger_State_action,0.03102898
384.1876,Collider_Roger_State_action,0.04695156
384.1988,Collider_Roger_State_action,0.05122175
384.2097,Collider_Roger_State_action,0.05319947
384.221,Collider_Roger_State_action,0.04606527
384.232,Collider_Roger_State_action,0.04145806
384.243,Collider_Roger_State_action,0.04075215
384.2542,Collider_Roger_State_action,0.04003452
384.2655,Collider_Roger_State_action,0.04742664
384.2765,Collider_Roger_State_action,0.04518905
384.2875,Collider_Roger_State_action,0.04368377
384.2987,Collider_Roger_State_action,0.04122762
384.3097,Collider_Roger_State_action,0.03538613
384.3208,Collider_Roger_State_action,0.03719576
384.3321,Collider_Roger_State_action,0.0426809
384.343,Collider_Roger_State_action,0.05216502
384.3542,Collider_Roger_State_action,0.0593267
384.3653,Collider_Roger_State_action,0.05417064
384.3765,Collider_Roger_State_action,0.0541872
384.3875,Collider_Roger_State_action,0.0552561
384.3986,Collider_Roger_State_action,0.04421683
384.4097,Collider_Roger_State_action,0.04086252
384.421,Collider_Roger_State_action,0.03544169
384.432,Collider_Roger_State_action,0.03570667
384.443,Collider_Roger_State_action,0.02894544
384.4542,Collider_Roger_State_action,0.02542367
384.4653,Collider_Roger_State_action,0.02157559
384.4764,Collider_Roger_State_action,0.01867589
384.4874,Collider_Roger_State_action,0.02118906
384.4985,Collider_Roger_State_action,0.02797175
384.5096,Collider_Roger_State_action,0.03410558
384.5208,Collider_Roger_State_action,0.0400312
384.5318,Collider_Roger_State_action,0.04184565
384.543,Collider_Roger_State_action,0.04527409
384.554,Collider_Roger_State_action,0.04729834
384.5652,Collider_Roger_State_action,0.04717216
384.5762,Collider_Roger_State_action,0.03895053
384.5876,Collider_Roger_State_action,0.04376281
384.5986,Collider_Roger_State_action,0.04020853
384.6096,Collider_Roger_State_action,0.04393653
384.6207,Collider_Roger_State_action,0.05022398
384.6319,Collider_Roger_State_action,0.05690956
384.6429,Collider_Roger_State_action,0.06353378
384.6542,Collider_Roger_State_action,0.06943828
384.6653,Collider_Roger_State_action,0.0782102
384.6765,Collider_Roger_State_action,0.08838958
384.6874,Collider_Roger_State_action,0.1054859
384.6994,Collider_Roger_State_action,0.1131046
384.7097,Collider_Roger_State_action,0.1220103
384.7209,Collider_Roger_State_action,0.1286304
384.7319,Collider_Roger_State_action,0.1358403
384.7433,Collider_Roger_State_action,0.13533
384.754,Collider_Roger_State_action,0.1310618
384.7651,Collider_Roger_State_action,0.1250717
384.7762,Collider_Roger_State_action,0.1186838
384.7872,Collider_Roger_State_action,0.1075386
384.7984,Collider_Roger_State_action,0.09331442
384.8099,Collider_Roger_State_action,0.08441876
384.8206,Collider_Roger_State_action,0.07619987
384.8318,Collider_Roger_State_action,0.06193488
384.8428,Collider_Roger_State_action,0.04824367
384.8539,Collider_Roger_State_action,0.03116309
384.8651,Collider_Roger_State_action,0.0202296
384.8761,Collider_Roger_State_action,0.01709095
384.8875,Collider_Roger_State_action,0.01992449
384.8984,Collider_Roger_State_action,0.02532361
384.9095,Collider_Roger_State_action,0.03818233
384.9207,Collider_Roger_State_action,0.03998441
384.9358,Collider_Roger_State_action,0.04142179
384.9429,Collider_Roger_State_action,0.04195719
384.9515,Collider_Roger_State_action,0.0410556
384.9625,Collider_Roger_State_action,0.04390936
384.9736,Collider_Roger_State_action,0.04080575
384.9847,Collider_Roger_State_action,0.03729649
384.9961,Collider_Roger_State_action,0.02849608
385.007,Collider_Roger_State_action,0.0221609
385.0181,Collider_Roger_State_action,0.01649344
385.0292,Collider_Roger_State_action,0.01181539
385.0401,Collider_Roger_State_action,0.007208698
385.0515,Collider_Roger_State_action,0.005132123
385.0625,Collider_Roger_State_action,0.01177922
385.0739,Collider_Roger_State_action,0.01762848
385.0847,Collider_Roger_State_action,0.02102462
385.0958,Collider_Roger_State_action,0.02551756
385.1072,Collider_Roger_State_action,0.02560117
385.1179,Collider_Roger_State_action,0.02587071
385.1291,Collider_Roger_State_action,0.02708432
385.1405,Collider_Roger_State_action,0.028401
385.1514,Collider_Roger_State_action,0.03209933
385.1624,Collider_Roger_State_action,0.0325582
385.1736,Collider_Roger_State_action,0.03489305
385.1848,Collider_Roger_State_action,0.03520186
385.1957,Collider_Roger_State_action,0.03439928
385.2069,Collider_Roger_State_action,0.03085414
385.2179,Collider_Roger_State_action,0.03122499
385.229,Collider_Roger_State_action,0.02721842
385.2402,Collider_Roger_State_action,0.02737145
385.2512,Collider_Roger_State_action,0.02588841
385.2624,Collider_Roger_State_action,0.0299175
385.2735,Collider_Roger_State_action,0.03414332
385.2846,Collider_Roger_State_action,0.03185575
385.2958,Collider_Roger_State_action,0.03597895
385.3073,Collider_Roger_State_action,0.03666667
385.3184,Collider_Roger_State_action,0.04367439
385.3297,Collider_Roger_State_action,0.04352752
385.3412,Collider_Roger_State_action,0.0506499
385.3524,Collider_Roger_State_action,0.05237294
385.3641,Collider_Roger_State_action,0.061222
385.3748,Collider_Roger_State_action,0.06503226
385.3861,Collider_Roger_State_action,0.07514761
385.3974,Collider_Roger_State_action,0.08643153
385.4085,Collider_Roger_State_action,0.09511444
385.4199,Collider_Roger_State_action,0.1101644
385.4309,Collider_Roger_State_action,0.1225161
385.4424,Collider_Roger_State_action,0.1422903
385.4537,Collider_Roger_State_action,0.1568625
385.4649,Collider_Roger_State_action,0.1740524
385.476,Collider_Roger_State_action,0.1890766
385.487,Collider_Roger_State_action,0.201408
385.4982,Collider_Roger_State_action,0.2113067
385.5092,Collider_Roger_State_action,0.2199039
385.5206,Collider_Roger_State_action,0.2302138
385.5316,Collider_Roger_State_action,0.239693
385.5425,Collider_Roger_State_action,0.2506851
385.5539,Collider_Roger_State_action,0.2615684
385.5648,Collider_Roger_State_action,0.272413
385.5759,Collider_Roger_State_action,0.2759328
385.5869,Collider_Roger_State_action,0.2818178
385.5982,Collider_Roger_State_action,0.2869854
385.6093,Collider_Roger_State_action,0.2860802
385.6203,Collider_Roger_State_action,0.2877384
385.6314,Collider_Roger_State_action,0.2909775
385.6425,Collider_Roger_State_action,0.2883825
385.6536,Collider_Roger_State_action,0.2852569
385.6647,Collider_Roger_State_action,0.2811563
385.6758,Collider_Roger_State_action,0.2783705
385.6868,Collider_Roger_State_action,0.276898
385.698,Collider_Roger_State_action,0.2710927
385.7091,Collider_Roger_State_action,0.267599
385.7202,Collider_Roger_State_action,0.2607742
385.7314,Collider_Roger_State_action,0.2549676
385.7433,Collider_Roger_State_action,0.2444801
385.7534,Collider_Roger_State_action,0.2368384
385.7646,Collider_Roger_State_action,0.226086
385.7758,Collider_Roger_State_action,0.2208263
385.787,Collider_Roger_State_action,0.2113186
385.7982,Collider_Roger_State_action,0.203289
385.8091,Collider_Roger_State_action,0.1984975
385.8202,Collider_Roger_State_action,0.1924454
385.8313,Collider_Roger_State_action,0.1879928
385.8424,Collider_Roger_State_action,0.1733626
385.8535,Collider_Roger_State_action,0.1770668
385.8649,Collider_Roger_State_action,0.1698281
385.8759,Collider_Roger_State_action,0.1725828
385.887,Collider_Roger_State_action,0.1665375
385.898,Collider_Roger_State_action,0.1630163
385.9091,Collider_Roger_State_action,0.1623493
385.9203,Collider_Roger_State_action,0.1583601
385.9312,Collider_Roger_State_action,0.1570017
385.9426,Collider_Roger_State_action,0.1564524
385.9536,Collider_Roger_State_action,0.1498104
385.9648,Collider_Roger_State_action,0.1553647
385.9758,Collider_Roger_State_action,0.1455114
385.9868,Collider_Roger_State_action,0.1473185
385.998,Collider_Roger_State_action,0.1386222
386.0091,Collider_Roger_State_action,0.1342202
386.0206,Collider_Roger_State_action,0.1214825
386.0313,Collider_Roger_State_action,0.108207
386.0423,Collider_Roger_State_action,0.09591585
386.0534,Collider_Roger_State_action,0.07548357
386.0646,Collider_Roger_State_action,0.05254846
386.0758,Collider_Roger_State_action,0.03201855
386.0868,Collider_Roger_State_action,0.02550939
386.0979,Collider_Roger_State_action,0.03469698
386.109,Collider_Roger_State_action,0.04772367
386.12,Collider_Roger_State_action,0.06402718
386.1311,Collider_Roger_State_action,0.08972316
386.1425,Collider_Roger_State_action,0.1146911
386.1535,Collider_Roger_State_action,0.1473967
386.1689,Collider_Roger_State_action,0.1745799
386.1767,Collider_Roger_State_action,0.1912707
386.1848,Collider_Roger_State_action,0.2043185
386.195,Collider_Roger_State_action,0.2129295
386.2061,Collider_Roger_State_action,0.2268382
386.2171,Collider_Roger_State_action,0.2429766
386.2283,Collider_Roger_State_action,0.2533677
386.2393,Collider_Roger_State_action,0.2660389
386.2505,Collider_Roger_State_action,0.2710277
386.2615,Collider_Roger_State_action,0.2792221
386.2727,Collider_Roger_State_action,0.2855472
386.2837,Collider_Roger_State_action,0.2879188
386.295,Collider_Roger_State_action,0.2853153
386.3061,Collider_Roger_State_action,0.2838244
386.317,Collider_Roger_State_action,0.2809765
386.3282,Collider_Roger_State_action,0.2757373
386.3395,Collider_Roger_State_action,0.2681446
386.3503,Collider_Roger_State_action,0.2642132
386.3615,Collider_Roger_State_action,0.2495416
386.3725,Collider_Roger_State_action,0.2395523
386.3837,Collider_Roger_State_action,0.2283476
386.3947,Collider_Roger_State_action,0.21893
386.4059,Collider_Roger_State_action,0.1995687
386.417,Collider_Roger_State_action,0.1885858
386.428,Collider_Roger_State_action,0.1696046
386.4392,Collider_Roger_State_action,0.1459663
386.4503,Collider_Roger_State_action,0.1294398
386.4614,Collider_Roger_State_action,0.1078129
386.4725,Collider_Roger_State_action,0.09463757
386.4836,Collider_Roger_State_action,0.07377709
386.4948,Collider_Roger_State_action,0.05814976
386.5058,Collider_Roger_State_action,0.0425997
386.5169,Collider_Roger_State_action,0.0329584
386.5282,Collider_Roger_State_action,0.02615257
386.5395,Collider_Roger_State_action,0.02735949
386.5507,Collider_Roger_State_action,0.03236846
386.562,Collider_Roger_State_action,0.03867484
386.5733,Collider_Roger_State_action,0.04034861
386.5846,Collider_Roger_State_action,0.04435164
386.5959,Collider_Roger_State_action,0.04651882
386.6072,Collider_Roger_State_action,0.04657786
386.6187,Collider_Roger_State_action,0.04064073
386.6298,Collider_Roger_State_action,0.04693477
386.641,Collider_Roger_State_action,0.04511017
386.6523,Collider_Roger_State_action,0.04040352
386.6638,Collider_Roger_State_action,0.03737729
386.6749,Collider_Roger_State_action,0.03521451
386.6865,Collider_Roger_State_action,0.03680605
386.6975,Collider_Roger_State_action,0.0322565
386.7085,Collider_Roger_State_action,0.03147224
386.7195,Collider_Roger_State_action,0.03140829
386.7307,Collider_Roger_State_action,0.02957425
386.7418,Collider_Roger_State_action,0.03368322
386.7534,Collider_Roger_State_action,0.03991163
386.7641,Collider_Roger_State_action,0.04163567
386.7751,Collider_Roger_State_action,0.0382661
386.7863,Collider_Roger_State_action,0.03534922
386.7973,Collider_Roger_State_action,0.03324514
386.8087,Collider_Roger_State_action,0.02560414
386.8196,Collider_Roger_State_action,0.01900935
386.8307,Collider_Roger_State_action,0.01653686
386.8419,Collider_Roger_State_action,0.01646158
386.8532,Collider_Roger_State_action,0.01859846
386.8642,Collider_Roger_State_action,0.01997842
386.8752,Collider_Roger_State_action,0.0173878
386.8864,Collider_Roger_State_action,0.02595995
386.8975,Collider_Roger_State_action,0.03527144
386.9086,Collider_Roger_State_action,0.03894671
386.9197,Collider_Roger_State_action,0.0456266
386.9306,Collider_Roger_State_action,0.04871795
386.9417,Collider_Roger_State_action,0.04623292
386.9529,Collider_Roger_State_action,0.04381297
386.9639,Collider_Roger_State_action,0.04224943
386.9751,Collider_Roger_State_action,0.04133418
386.9862,Collider_Roger_State_action,0.04236996
386.9972,Collider_Roger_State_action,0.04346183
387.0085,Collider_Roger_State_action,0.04094705
387.0195,Collider_Roger_State_action,0.04343751
387.0306,Collider_Roger_State_action,0.04336589
387.0417,Collider_Roger_State_action,0.04837768
387.0528,Collider_Roger_State_action,0.041458
387.064,Collider_Roger_State_action,0.0421831
387.0752,Collider_Roger_State_action,0.04214564
387.0862,Collider_Roger_State_action,0.04807957
387.0973,Collider_Roger_State_action,0.04512201
387.1084,Collider_Roger_State_action,0.04584333
387.1194,Collider_Roger_State_action,0.04295238
387.1306,Collider_Roger_State_action,0.04551824
387.1417,Collider_Roger_State_action,0.04461979
387.153,Collider_Roger_State_action,0.04118187
387.164,Collider_Roger_State_action,0.0355891
387.175,Collider_Roger_State_action,0.03209798
387.186,Collider_Roger_State_action,0.03020863
387.1973,Collider_Roger_State_action,0.02140374
387.2082,Collider_Roger_State_action,0.01435767
387.2194,Collider_Roger_State_action,0.01088997
387.2305,Collider_Roger_State_action,0.01295164
387.2415,Collider_Roger_State_action,0.01668731
387.2527,Collider_Roger_State_action,0.01756779
387.2638,Collider_Roger_State_action,0.01840277
387.275,Collider_Roger_State_action,0.02594375
387.2861,Collider_Roger_State_action,0.0191318
387.2971,Collider_Roger_State_action,0.01810349
387.3082,Collider_Roger_State_action,0.01346836
387.3193,Collider_Roger_State_action,0.006810671
387.3304,Collider_Roger_State_action,0.003108362
387.3415,Collider_Roger_State_action,0.006222527
387.3526,Collider_Roger_State_action,0.01843407
387.3638,Collider_Roger_State_action,0.02344308
387.3749,Collider_Roger_State_action,0.04345616
387.386,Collider_Roger_State_action,0.05712432
387.3971,Collider_Roger_State_action,0.07108157
387.4081,Collider_Roger_State_action,0.07461326
387.4196,Collider_Roger_State_action,0.0827556
387.4304,Collider_Roger_State_action,0.08043468
387.4414,Collider_Roger_State_action,0.09480702
387.4527,Collider_Roger_State_action,0.1041579
387.4636,Collider_Roger_State_action,0.1175472
387.4748,Collider_Roger_State_action,0.126677
387.486,Collider_Roger_State_action,0.1323239
387.4972,Collider_Roger_State_action,0.1404194
387.508,Collider_Roger_State_action,0.1568623
387.5192,Collider_Roger_State_action,0.1756114
387.5303,Collider_Roger_State_action,0.198048
387.5414,Collider_Roger_State_action,0.2230389
387.5524,Collider_Roger_State_action,0.2447133
387.5637,Collider_Roger_State_action,0.2733206
387.5746,Collider_Roger_State_action,0.3014524
387.5858,Collider_Roger_State_action,0.3226385
387.597,Collider_Roger_State_action,0.3395083
387.608,Collider_Roger_State_action,0.3513352
387.6193,Collider_Roger_State_action,0.3548124
387.6302,Collider_Roger_State_action,0.3480948
387.6413,Collider_Roger_State_action,0.3260938
387.6525,Collider_Roger_State_action,0.3027934
387.6635,Collider_Roger_State_action,0.2590441
387.6747,Collider_Roger_State_action,0.2171093
387.6858,Collider_Roger_State_action,0.1770433
387.6969,Collider_Roger_State_action,0.1377624
387.708,Collider_Roger_State_action,0.1157147
387.719,Collider_Roger_State_action,0.09874479
387.7301,Collider_Roger_State_action,0.1010421
387.7412,Collider_Roger_State_action,0.09257913
387.7524,Collider_Roger_State_action,0.09183983
387.7635,Collider_Roger_State_action,0.09401466
387.7746,Collider_Roger_State_action,0.09182163
387.7857,Collider_Roger_State_action,0.1034974
387.7968,Collider_Roger_State_action,0.112004
387.808,Collider_Roger_State_action,0.1215913
387.819,Collider_Roger_State_action,0.1242008
387.83,Collider_Roger_State_action,0.1360974
387.8414,Collider_Roger_State_action,0.143601
387.8524,Collider_Roger_State_action,0.1462031
387.8635,Collider_Roger_State_action,0.1592696
387.8746,Collider_Roger_State_action,0.1729694
387.8858,Collider_Roger_State_action,0.1959192
387.8968,Collider_Roger_State_action,0.2223335
387.9079,Collider_Roger_State_action,0.2383551
387.9192,Collider_Roger_State_action,0.2569881
387.9301,Collider_Roger_State_action,0.262706
387.9412,Collider_Roger_State_action,0.2766439
387.9524,Collider_Roger_State_action,0.2944019
387.9634,Collider_Roger_State_action,0.3192748
387.9745,Collider_Roger_State_action,0.3443421
387.9856,Collider_Roger_State_action,0.3697333
387.9968,Collider_Roger_State_action,0.3798459
388.008,Collider_Roger_State_action,0.3902024
388.0189,Collider_Roger_State_action,0.3942715
388.0304,Collider_Roger_State_action,0.4020306
388.0413,Collider_Roger_State_action,0.3944323
388.0523,Collider_Roger_State_action,0.3800416
388.0634,Collider_Roger_State_action,0.3568752
388.0746,Collider_Roger_State_action,0.3433039
388.0857,Collider_Roger_State_action,0.3190713
388.0968,Collider_Roger_State_action,0.3065772
388.1079,Collider_Roger_State_action,0.3012446
388.119,Collider_Roger_State_action,0.3182319
388.1299,Collider_Roger_State_action,0.3400535
388.1412,Collider_Roger_State_action,0.3616228
388.1522,Collider_Roger_State_action,0.3737515
388.1635,Collider_Roger_State_action,0.3727224
388.1746,Collider_Roger_State_action,0.3691122
388.1856,Collider_Roger_State_action,0.3602203
388.1967,Collider_Roger_State_action,0.3456604
388.2078,Collider_Roger_State_action,0.342406
388.2188,Collider_Roger_State_action,0.3334396
388.23,Collider_Roger_State_action,0.3281393
388.2411,Collider_Roger_State_action,0.3279114
388.2522,Collider_Roger_State_action,0.3330482
388.2633,Collider_Roger_State_action,0.3352794
388.2746,Collider_Roger_State_action,0.333565
388.2856,Collider_Roger_State_action,0.3248293
388.2966,Collider_Roger_State_action,0.3205589
388.3082,Collider_Roger_State_action,0.3136252
388.3192,Collider_Roger_State_action,0.3080336
388.33,Collider_Roger_State_action,0.2984432
388.3412,Collider_Roger_State_action,0.2635431
388.3521,Collider_Roger_State_action,0.2212643
388.3634,Collider_Roger_State_action,0.2745851
388.3745,Collider_Roger_State_action,0.3289409
388.3855,Collider_Roger_State_action,0.3546312
388.3966,Collider_Roger_State_action,0.3782993
388.4077,Collider_Roger_State_action,0.3767233
388.4188,Collider_Roger_State_action,0.3666669
388.43,Collider_Roger_State_action,0.3239709
388.4411,Collider_Roger_State_action,0.2929791
388.4521,Collider_Roger_State_action,0.2693802
388.4633,Collider_Roger_State_action,0.2383948
388.4745,Collider_Roger_State_action,0.2272591
388.4854,Collider_Roger_State_action,0.2079774
388.4967,Collider_Roger_State_action,0.1923827
388.5077,Collider_Roger_State_action,0.1611595
388.5189,Collider_Roger_State_action,0.1312754
388.5298,Collider_Roger_State_action,0.1149872
388.541,Collider_Roger_State_action,0.1180857
388.5522,Collider_Roger_State_action,0.1345471
388.5632,Collider_Roger_State_action,0.1555333
388.5745,Collider_Roger_State_action,0.1792607
388.5854,Collider_Roger_State_action,0.2004187
388.5966,Collider_Roger_State_action,0.2148226
388.6076,Collider_Roger_State_action,0.2205843
388.6188,Collider_Roger_State_action,0.2191886
388.6299,Collider_Roger_State_action,0.2201213
388.641,Collider_Roger_State_action,0.2182505
388.6521,Collider_Roger_State_action,0.2160285
388.6632,Collider_Roger_State_action,0.218501
388.6743,Collider_Roger_State_action,0.2149007
388.6855,Collider_Roger_State_action,0.2144231
388.6964,Collider_Roger_State_action,0.2071255
388.7076,Collider_Roger_State_action,0.2097937
388.7187,Collider_Roger_State_action,0.2210312
388.7298,Collider_Roger_State_action,0.2274621
388.7409,Collider_Roger_State_action,0.2305769
388.752,Collider_Roger_State_action,0.2232302
388.7631,Collider_Roger_State_action,0.1986073
388.7743,Collider_Roger_State_action,0.1794516
388.7854,Collider_Roger_State_action,0.1633403
388.7964,Collider_Roger_State_action,0.1434445
388.8074,Collider_Roger_State_action,0.1231068
388.8186,Collider_Roger_State_action,0.09722548
388.8297,Collider_Roger_State_action,0.0802783
388.8408,Collider_Roger_State_action,0.06416455
388.8519,Collider_Roger_State_action,0.04421248
388.8633,Collider_Roger_State_action,0.03572942
388.8745,Collider_Roger_State_action,0.05316181
388.8853,Collider_Roger_State_action,0.08421392
388.8964,Collider_Roger_State_action,0.1001108
388.9075,Collider_Roger_State_action,0.1007554
388.9187,Collider_Roger_State_action,0.09296633
388.9297,Collider_Roger_State_action,0.08905731
388.9408,Collider_Roger_State_action,0.08993081
388.9518,Collider_Roger_State_action,0.0902634
388.963,Collider_Roger_State_action,0.09790558
388.974,Collider_Roger_State_action,0.1075531
388.9854,Collider_Roger_State_action,0.09253207
388.9964,Collider_Roger_State_action,0.08340628
389.0075,Collider_Roger_State_action,0.06211136
389.0186,Collider_Roger_State_action,0.05522816
389.0297,Collider_Roger_State_action,0.05048418
389.0413,Collider_Roger_State_action,0.05975301
389.0518,Collider_Roger_State_action,0.06708348
389.063,Collider_Roger_State_action,0.07800697
389.0742,Collider_Roger_State_action,0.07908689
389.0852,Collider_Roger_State_action,0.09916858
389.0963,Collider_Roger_State_action,0.1259146
389.1075,Collider_Roger_State_action,0.1512794
389.1191,Collider_Roger_State_action,0.1505853
389.1295,Collider_Roger_State_action,0.1536066
389.1409,Collider_Roger_State_action,0.1511503
389.1519,Collider_Roger_State_action,0.1443302
389.163,Collider_Roger_State_action,0.1432841
389.174,Collider_Roger_State_action,0.1420717
389.1851,Collider_Roger_State_action,0.1355887
389.1962,Collider_Roger_State_action,0.1389942
389.2074,Collider_Roger_State_action,0.151217
389.2185,Collider_Roger_State_action,0.1656255
389.2296,Collider_Roger_State_action,0.179786
389.2407,Collider_Roger_State_action,0.1883167
389.2519,Collider_Roger_State_action,0.1906194
389.2629,Collider_Roger_State_action,0.1848274
389.274,Collider_Roger_State_action,0.177743
389.2852,Collider_Roger_State_action,0.1751025
389.2961,Collider_Roger_State_action,0.1817949
389.308,Collider_Roger_State_action,0.1944104
389.3185,Collider_Roger_State_action,0.2110702
389.3296,Collider_Roger_State_action,0.2127055
389.3407,Collider_Roger_State_action,0.2221491
389.3517,Collider_Roger_State_action,0.2177753
389.3628,Collider_Roger_State_action,0.2262084
389.374,Collider_Roger_State_action,0.212965
389.3851,Collider_Roger_State_action,0.2153315
389.3962,Collider_Roger_State_action,0.2341763
389.4074,Collider_Roger_State_action,0.2422529
389.4184,Collider_Roger_State_action,0.2665935
389.4295,Collider_Roger_State_action,0.2723709
389.4407,Nullreference,0.2454342
389.4518,Nullreference,0.2246439
389.4631,Collider_Roger_State_action,0.2298589
389.4738,Nullreference,0.2323744
389.4851,Collider_Roger_State_action,0.222007
389.4962,Nullreference,0.1984385
389.5072,Nullreference,0.166328
389.5183,Nullreference,0.1332525
389.5294,Nullreference,0.117895
389.5405,Nullreference,0.1053426
389.5521,Nullreference,0.09586309
389.5628,Collider_Roger_State_action,0.08326005
389.574,Nullreference,0.08396588
389.585,Collider_Roger_State_action,0.07241103
389.5964,Collider_Roger_State_action,0.07545072
389.6071,Collider_Roger_State_action,0.072057
389.6183,Collider_Roger_State_action,0.03893571
389.6294,Collider_Roger_State_action,0.04577976
389.6406,Collider_Roger_State_action,0.08578151
389.6516,Collider_Roger_State_action,0.1432348
389.6627,Collider_Roger_State_action,0.2012624
389.6738,Collider_Roger_State_action,0.2521808
389.685,Collider_Roger_State_action,0.3072423
389.696,Collider_Roger_State_action,0.3347615
389.7072,Collider_Roger_State_action,0.3402071
389.7183,Collider_Roger_State_action,0.3332504
389.7294,Collider_Roger_State_action,0.3152859
389.7405,Collider_Roger_State_action,0.294169
389.7516,Collider_Roger_State_action,0.238866
389.7626,Collider_Roger_State_action,0.1635428
389.7737,Collider_Roger_State_action,0.06954793
389.7851,Collider_Roger_State_action,0.03953935
389.796,Collider_Roger_State_action,0.1016426
389.8071,Collider_Roger_State_action,0.1560679
389.8182,Collider_Roger_State_action,0.1995037
389.8293,Collider_Roger_State_action,0.2278874
389.841,Collider_Roger_State_action,0.2464641
389.8515,Collider_Roger_State_action,0.2550167
389.8626,Collider_Roger_State_action,0.2424489
389.8738,Collider_Roger_State_action,0.2099524
389.8849,Collider_Roger_State_action,0.1666416
389.896,Collider_Roger_State_action,0.1097941
389.907,Collider_Roger_State_action,0.1237266
389.9182,Collider_Roger_State_action,0.1802781
389.9293,Collider_Roger_State_action,0.2509873
389.9404,Collider_Roger_State_action,0.3146709
389.9516,Collider_Roger_State_action,0.3711617
389.9627,Collider_Roger_State_action,0.4103169
389.9736,Collider_Roger_State_action,0.4291666
389.9848,Collider_Roger_State_action,0.444313
389.9959,Collider_Roger_State_action,0.4428752
390.0073,Collider_Roger_State_action,0.4116603
390.0182,Collider_Roger_State_action,0.3610833
390.0294,Collider_Roger_State_action,0.2905413
390.0404,Collider_Roger_State_action,0.2159966
390.0515,Collider_Roger_State_action,0.1704905
390.0626,Collider_Roger_State_action,0.1286597
390.0736,Collider_Roger_State_action,0.1187624
390.0847,Collider_Roger_State_action,0.1556436
390.0962,Collider_Roger_State_action,0.186251
390.1071,Collider_Roger_State_action,0.2150011
390.1182,Collider_Roger_State_action,0.2085746
390.1292,Collider_Roger_State_action,0.162018
390.1403,Collider_Roger_State_action,0.1222501
390.1514,Collider_Roger_State_action,0.106116
390.1624,Collider_Roger_State_action,0.07928144
390.1737,Collider_Roger_State_action,0.0599496
390.1848,Collider_Roger_State_action,0.0394794
390.1958,Collider_Roger_State_action,0.02500673
390.2069,Collider_Roger_State_action,0.02087622
390.2181,Collider_Roger_State_action,0.01892536
390.2293,Collider_Roger_State_action,0.0247353
390.2403,Collider_Roger_State_action,0.02119315
390.2514,Collider_Roger_State_action,0.03453017
390.2625,Collider_Roger_State_action,0.03967853
390.2736,Collider_Roger_State_action,0.05453433
390.285,Collider_Roger_State_action,0.04994146
390.2963,Collider_Roger_State_action,0.0463699
390.3069,Collider_Roger_State_action,0.04473485
390.3179,Collider_Roger_State_action,0.06216555
390.329,Collider_Roger_State_action,0.06482632
390.3405,Collider_Roger_State_action,0.05381642
390.3514,Collider_Roger_State_action,0.06457236
390.3625,Collider_Roger_State_action,0.04804483
390.3734,Collider_Roger_State_action,0.04990024
390.3846,Collider_Roger_State_action,0.03164193
390.3958,Collider_Roger_State_action,0.0674425
390.4069,Collider_Roger_State_action,0.06695366
390.4179,Collider_Roger_State_action,0.08712045
390.4291,Collider_Roger_State_action,0.09223122
390.4401,Collider_Roger_State_action,0.1034808
390.4513,Collider_Roger_State_action,0.1003095
390.4624,Collider_Roger_State_action,0.08535686
390.4736,Collider_Roger_State_action,0.06326656
390.4846,Collider_Roger_State_action,0.04613512
390.4957,Collider_Roger_State_action,0.05131231
390.5069,Collider_Roger_State_action,0.07834836
390.5179,Collider_Roger_State_action,0.100834
390.529,Collider_Roger_State_action,0.126434
390.5401,Collider_Roger_State_action,0.1387865
390.5512,Collider_Roger_State_action,0.149618
390.5623,Collider_Roger_State_action,0.1559412
390.5735,Collider_Roger_State_action,0.1550356
390.5846,Collider_Roger_State_action,0.1518175
390.5957,Nullreference,0.1476167
390.6068,Nullreference,0.1501448
390.6178,Nullreference,0.1677357
390.629,Nullreference,0.1886868
390.64,Nullreference,0.2049252
390.6513,Nullreference,0.2254172
390.6623,Nullreference,0.2590992
390.6735,Nullreference,0.3005217
390.6844,Nullreference,0.3343538
390.6956,Collider_Roger_State_action,0.3773167
390.7068,Collider_Roger_State_action,0.4185289
390.7178,Collider_Roger_State_action,0.4602174
390.729,Collider_Roger_State_action,0.4904542
390.74,Collider_Roger_State_action,0.513911
390.751,Collider_Roger_State_action,0.5182916
390.7621,Collider_Roger_State_action,0.5164225
390.7735,Collider_Roger_State_action,0.508873
390.7845,Collider_Roger_State_action,0.5023257
390.7957,Collider_Roger_State_action,0.4891776
390.8067,Collider_Roger_State_action,0.4838071
390.8177,Collider_Roger_State_action,0.4850699
390.8288,Collider_Roger_State_action,0.5077766
390.8399,Collider_Roger_State_action,0.5322679
390.851,Collider_Roger_State_action,0.5521529
390.8621,Collider_Roger_State_action,0.5860335
390.8732,Collider_Roger_State_action,0.6041455
390.8845,Collider_Roger_State_action,0.6226282
390.8955,Collider_Roger_State_action,0.6363542
390.9066,Collider_Roger_State_action,0.6482024
390.9176,Collider_Roger_State_action,0.6567822
390.9287,Collider_Roger_State_action,0.6567376
390.9398,Collider_Roger_State_action,0.6457117
390.9513,Collider_Roger_State_action,0.6291723
390.9623,Collider_Roger_State_action,0.5969493
390.9733,Collider_Roger_State_action,0.5689415
390.9845,Collider_Roger_State_action,0.5335851
390.9954,Collider_Roger_State_action,0.4999799
391.0067,Collider_Roger_State_action,0.4640194
391.0177,Collider_Roger_State_action,0.4338684
391.0291,Collider_Roger_State_action,0.4044172
391.0401,Collider_Roger_State_action,0.3846875
391.0511,Collider_Roger_State_action,0.3751149
391.062,Collider_Roger_State_action,0.3670464
391.0732,Collider_Roger_State_action,0.3705357
391.0843,Collider_Roger_State_action,0.3831299
391.0954,Collider_Roger_State_action,0.39767
391.1065,Collider_Roger_State_action,0.4307434
391.1176,Collider_Roger_State_action,0.4721137
391.1287,Collider_Roger_State_action,0.508058
391.1399,Collider_Roger_State_action,0.551343
391.151,Collider_Roger_State_action,0.5750357
391.1621,Collider_Roger_State_action,0.6080539
391.1733,Collider_Roger_State_action,0.6291874
391.1842,Collider_Roger_State_action,0.6513271
391.1953,Collider_Roger_State_action,0.6786111
391.2065,Collider_Roger_State_action,0.6936921
391.2175,Collider_Roger_State_action,0.7197428
391.2286,Collider_Roger_State_action,0.7304832
391.2398,Collider_Roger_State_action,0.742513
391.2512,Collider_Roger_State_action,0.7432483
391.262,Collider_Roger_State_action,0.738996
391.2732,Collider_Roger_State_action,0.7385387
391.2844,Collider_Roger_State_action,0.7377751
391.2953,Collider_Roger_State_action,0.7496529
391.3063,Collider_Roger_State_action,0.7568796
391.3175,Collider_Roger_State_action,0.7669248
391.3286,Collider_Roger_State_action,0.7763587
391.3398,Collider_Roger_State_action,0.7733774
391.3509,Collider_Roger_State_action,0.7669056
391.362,Collider_Roger_State_action,0.7676448
391.3732,Collider_Roger_State_action,0.7670761
391.3841,Collider_Roger_State_action,0.7703282
391.3952,Collider_Roger_State_action,0.7718359
391.4063,Collider_Roger_State_action,0.7740136
391.4175,Collider_Roger_State_action,0.7756767
391.4285,Collider_Roger_State_action,0.7641996
391.44,Collider_Roger_State_action,0.7619466
391.4507,Collider_Roger_State_action,0.7475872
391.4619,Collider_Roger_State_action,0.7464563
391.473,Collider_Roger_State_action,0.7413448
391.484,Collider_Roger_State_action,0.752043
391.4952,Collider_Roger_State_action,0.7548744
391.5064,Collider_Roger_State_action,0.7625678
391.5175,Collider_Roger_State_action,0.7682429
391.5285,Collider_Roger_State_action,0.772476
391.5396,Collider_Roger_State_action,0.7669026
391.5507,Collider_Roger_State_action,0.7666959
391.562,Collider_Roger_State_action,0.7738436
391.5729,Collider_Roger_State_action,0.7837421
391.584,Collider_Roger_State_action,0.8036667
391.5951,Collider_Roger_State_action,0.8492655
391.6062,Collider_Roger_State_action,0.9052722
391.6173,Collider_Roger_State_action,0.9742871
391.6284,Collider_Roger_State_action,1.043088
391.6395,Collider_Roger_State_action,1.103623
391.6506,Collider_Roger_State_action,1.182283
391.6617,Collider_Roger_State_action,1.252247
391.6729,Collider_Roger_State_action,1.315771
391.684,Collider_Roger_State_action,1.394706
391.695,Collider_Roger_State_action,1.473572
391.7061,Collider_Roger_State_action,1.536851
391.7172,Collider_Roger_State_action,1.62596
391.7285,Collider_Roger_State_action,1.702841
391.7396,Nullreference,1.79484
391.7505,Nullreference,1.874739
391.7617,Nullreference,1.941523
391.7728,Nullreference,2.004577
391.7839,Nullreference,2.046541
391.7949,Nullreference,2.085231
391.8061,Nullreference,2.104065
391.8172,Nullreference,2.11417
391.8283,Nullreference,2.107879
391.8395,Nullreference,2.100214
391.8505,Nullreference,2.095306
391.8616,Nullreference,2.104272
391.8727,Nullreference,2.105077
391.8838,Nullreference,2.092209
391.8949,Nullreference,2.074795
391.9061,Nullreference,2.03441
391.9171,Nullreference,1.99129
391.9283,Nullreference,1.936655
391.9395,Nullreference,1.877189
391.9505,Nullreference,1.805735
391.9615,Nullreference,1.705788
391.9726,Nullreference,1.608667
391.9838,Nullreference,1.484483
391.9948,Nullreference,1.346444
392.006,Nullreference,1.249717
392.0171,Nullreference,1.157865
392.0282,Nullreference,1.078994
392.0392,Nullreference,0.984881
392.0505,Nullreference,0.8964978
392.062,Nullreference,0.8296272
392.0728,Nullreference,0.7566292
392.0836,Nullreference,0.6923205
392.095,Nullreference,0.6201794
392.1058,Nullreference,0.5776066
392.117,Nullreference,0.5256145
392.1281,Nullreference,0.4900967
392.1392,Nullreference,0.4661553
392.1502,Nullreference,0.4366117
392.1613,Nullreference,0.3959738
392.1725,Nullreference,0.3607978
392.1835,Nullreference,0.3291771
392.1947,Nullreference,0.2834031
392.2058,Nullreference,0.2434008
392.2168,Nullreference,0.2046631
392.2279,Nullreference,0.1826252
392.2392,Nullreference,0.160142
392.2503,Nullreference,0.1618057
392.2613,Nullreference,0.1771799
392.2726,Nullreference,0.1836057
392.2836,Nullreference,0.1887723
392.2946,Nullreference,0.1835681
392.3058,Nullreference,0.1671922
392.3168,Nullreference,0.1458581
392.3279,Nullreference,0.1300689
392.339,Nullreference,0.1127494
392.3502,Nullreference,0.1048253
392.3613,Nullreference,0.1009382
392.3724,Nullreference,0.1159485
392.3836,Nullreference,0.1351769
392.3949,Nullreference,0.1486684
392.4058,Nullreference,0.1542923
392.4169,Nullreference,0.1557514
392.4279,Nullreference,0.1696713
392.4394,Nullreference,0.1880942
392.4501,Nullreference,0.2089017
392.4612,Nullreference,0.2385857
392.4724,Nullreference,0.2644015
392.4836,Nullreference,0.2790195
392.4945,Nullreference,0.2952375
392.5057,Nullreference,0.3111334
392.5169,Nullreference,0.3274034
392.5279,Nullreference,0.3416065
392.539,Nullreference,0.3625901
392.5501,Nullreference,0.3821233
392.5612,Nullreference,0.4071432
392.5723,Nullreference,0.4353272
392.5834,Nullreference,0.4661958
392.5945,Nullreference,0.4989565
392.6056,Nullreference,0.537859
392.6169,Nullreference,0.5845859
392.6278,Nullreference,0.6540184
392.639,Nullreference,0.7290733
392.65,Nullreference,0.7981529
392.6611,Nullreference,0.8916809
392.6724,Nullreference,0.9680731
392.6834,Nullreference,1.06312
392.6945,Nullreference,1.16429
392.7056,Nullreference,1.258729
392.7166,Nullreference,1.378774
392.7278,Nullreference,1.475419
392.7389,Nullreference,1.580629
392.75,Nullreference,1.686587
392.761,Nullreference,1.827397
392.7721,Nullreference,1.956375
392.7838,Nullreference,2.07032
392.7946,Nullreference,2.197885
392.8055,Nullreference,2.29099
392.8166,Nullreference,2.373102
392.8278,Nullreference,2.428666
392.8388,Nullreference,2.450687
392.8499,Nullreference,2.460743
392.8609,Nullreference,2.46809
392.8724,Nullreference,2.462866
392.8832,Nullreference,2.46814
392.8943,Nullreference,2.464577
392.9055,Nullreference,2.448892
392.9166,Nullreference,2.41368
392.9277,Nullreference,2.361737
392.9387,Nullreference,2.314194
392.9498,Nullreference,2.271706
392.9611,Nullreference,2.221391
392.9721,Nullreference,2.187827
392.9835,Nullreference,2.148145
392.9946,Nullreference,2.121166
393.0057,Nullreference,2.082167
393.017,Nullreference,2.047716
393.0279,Nullreference,2.014266
393.039,Nullreference,1.969649
393.0502,Nullreference,1.939784
393.0617,Nullreference,1.903055
393.073,Nullreference,1.880326
393.0838,Nullreference,1.852901
393.095,Nullreference,1.839398
393.106,Nullreference,1.842306
393.1171,Nullreference,1.856797
393.1281,Nullreference,1.878447
393.1393,Nullreference,1.903114
393.1503,Nullreference,1.919294
393.1614,Nullreference,1.930844
393.1726,Nullreference,1.941933
393.1837,Nullreference,1.949548
393.1947,Nullreference,1.948763
393.2059,Nullreference,1.947585
393.2169,Nullreference,1.933808
393.2281,Nullreference,1.911579
393.2394,Nullreference,1.886554
393.2503,Nullreference,1.85589
393.2615,Nullreference,1.817611
393.2727,Nullreference,1.783709
393.2839,Nullreference,1.741716
393.295,Nullreference,1.703962
393.3064,Nullreference,1.673986
393.3173,Nullreference,1.64054
393.3284,Nullreference,1.611322
393.3395,Nullreference,1.579611
393.3506,Nullreference,1.530876
393.3617,Nullreference,1.487056
393.3728,Nullreference,1.426201
393.3841,Nullreference,1.373163
393.3952,Nullreference,1.313289
393.4064,Nullreference,1.271323
393.4174,Nullreference,1.240389
393.4285,Nullreference,1.208522
393.44,Nullreference,1.186097
393.4508,Nullreference,1.156107
393.4618,Nullreference,1.133853
393.4732,Nullreference,1.107877
393.4842,Nullreference,1.081867
393.495,Nullreference,1.053946
393.5063,Nullreference,1.019487
393.5173,Nullreference,0.9910085
393.5284,Nullreference,0.9599092
393.5398,Nullreference,0.9294218
393.5506,Nullreference,0.8921928
393.5617,Nullreference,0.8528928
393.5728,Nullreference,0.8126968
393.584,Nullreference,0.7666367
393.5951,Nullreference,0.7196332
393.6064,Nullreference,0.6688474
393.6173,Nullreference,0.6214216
393.6285,Nullreference,0.5694918
393.6395,Nullreference,0.5297973
393.6506,Nullreference,0.4927041
393.6616,Nullreference,0.4503134
393.6729,Nullreference,0.4190458
393.6841,Nullreference,0.3766153
393.695,Nullreference,0.3413783
393.7061,Nullreference,0.3083039
393.7173,Nullreference,0.2717514
393.7318,Nullreference,0.2495786
393.7405,Nullreference,0.2296942
393.7505,Nullreference,0.2091047
393.7616,Nullreference,0.1939154
393.7728,Nullreference,0.1853568
393.7838,Nullreference,0.1732602
393.7948,Nullreference,0.1659191
393.806,Nullreference,0.1587721
393.8171,Nullreference,0.1509958
393.8286,Nullreference,0.1481868
393.8395,Nullreference,0.1455291
393.8504,Nullreference,0.1365259
393.8616,Nullreference,0.1312844
393.8727,Nullreference,0.1201885
393.8838,Nullreference,0.1079598
393.8949,Nullreference,0.09884866
393.9058,Nullreference,0.08830483
393.9171,Nullreference,0.07865205
393.9283,Nullreference,0.06334614
393.9393,Nullreference,0.05928842
393.9504,Nullreference,0.05539192
393.9615,Nullreference,0.06457979
393.9725,Nullreference,0.07624865
393.9836,Nullreference,0.09185173
393.9947,Nullreference,0.09860598
394.0059,Nullreference,0.115937
394.0169,Nullreference,0.1259241
394.0281,Nullreference,0.1286329
394.0399,Nullreference,0.1344638
394.0502,Nullreference,0.1287881
394.0614,Nullreference,0.1201375
394.0729,Nullreference,0.1096517
394.0837,Nullreference,0.1029998
394.0946,Nullreference,0.09158366
394.106,Nullreference,0.08130231
394.1172,Nullreference,0.06810778
394.128,Nullreference,0.06153478
394.1398,Nullreference,0.05236945
394.1503,Nullreference,0.04583874
394.1613,Nullreference,0.04800271
394.1725,Nullreference,0.05715669
394.1836,Nullreference,0.06657949
394.1947,Nullreference,0.08738058
394.2057,Nullreference,0.1175839
394.2168,Nullreference,0.1718334
394.2282,Nullreference,0.2349125
394.2391,Nullreference,0.3253907
394.2503,Nullreference,0.3947801
394.2612,Nullreference,0.4712785
394.2727,Nullreference,0.5345099
394.2834,Nullreference,0.575281
394.2946,Nullreference,0.6004531
394.306,Nullreference,0.6208628
394.3175,Nullreference,0.6520507
394.3281,Nullreference,0.6956466
394.3396,Nullreference,0.747005
394.3502,Nullreference,0.7921481
394.3612,Nullreference,0.8479208
394.3722,Nullreference,0.9069867
394.3836,Nullreference,0.9642039
394.3946,Nullreference,1.043577
394.4057,Nullreference,1.140136
394.4168,Nullreference,1.267794
394.428,Nullreference,1.385294
394.4393,Nullreference,1.497803
394.4502,Nullreference,1.55301
394.4612,Nullreference,1.60599
394.4724,Nullreference,1.647043
394.4834,Nullreference,1.693951
394.4946,Nullreference,1.735735
394.5057,Nullreference,1.752264
394.5168,Nullreference,1.770826
394.5284,Nullreference,1.782019
394.539,Nullreference,1.776952
394.55,Nullreference,1.746338
394.5612,Nullreference,1.723931
394.5724,Nullreference,1.711447
394.5835,Nullreference,1.693416
394.5945,Nullreference,1.673774
394.6058,Nullreference,1.65288
394.6168,Nullreference,1.636685
394.6277,Nullreference,1.617474
394.6389,Nullreference,1.607102
394.65,Nullreference,1.589762
394.6611,Nullreference,1.574455
394.6723,Nullreference,1.533525
394.6833,Nullreference,1.491221
394.6945,Nullreference,1.463114
394.7056,Nullreference,1.433531
394.7166,Nullreference,1.407174
394.7277,Nullreference,1.360515
394.7389,Nullreference,1.313444
394.7499,Nullreference,1.278918
394.761,Nullreference,1.238565
394.7724,Nullreference,1.208572
394.7833,Nullreference,1.181331
394.7943,Nullreference,1.153238
394.8058,Nullreference,1.121287
394.8167,Nullreference,1.086168
394.8277,Nullreference,1.045087
394.839,Nullreference,1.015971
394.8499,Nullreference,0.9769468
394.861,Nullreference,0.9460765
394.8723,Nullreference,0.9263626
394.8834,Nullreference,0.916203
394.8943,Nullreference,0.9098273
394.9054,Nullreference,0.9102483
394.9164,Nullreference,0.9088048
394.9276,Nullreference,0.9108295
394.9387,Nullreference,0.9141701
394.9499,Nullreference,0.914456
394.961,Nullreference,0.914638
394.9721,Nullreference,0.8952954
394.9832,Nullreference,0.8725617
394.9943,Nullreference,0.8364821
395.0056,Nullreference,0.8029568
395.0165,Nullreference,0.7513837
395.0276,Nullreference,0.6988173
395.0387,Nullreference,0.6373885
395.0499,Nullreference,0.54442
395.061,Nullreference,0.4647432
395.072,Nullreference,0.3756545
395.0832,Nullreference,0.2962828
395.094,Nullreference,0.2481074
395.106,Nullreference,0.2179186
395.1165,Nullreference,0.2135174
395.1277,Nullreference,0.2196229
395.1387,Nullreference,0.2248224
395.1497,Nullreference,0.2347473
395.1609,Nullreference,0.2520088
395.1719,Nullreference,0.2636378
395.183,Nullreference,0.2813384
395.194,Nullreference,0.2998607
395.2051,Nullreference,0.3053243
395.2165,Nullreference,0.2978292
395.2276,Nullreference,0.279085
395.2386,Nullreference,0.2580519
395.2495,Nullreference,0.2366957
395.2607,Nullreference,0.2265045
395.2718,Nullreference,0.2195392
395.2829,Nullreference,0.2200558
395.2938,Nullreference,0.2119982
395.305,Nullreference,0.2121723
395.3163,Nullreference,0.2199818
395.3273,Nullreference,0.2265251
395.3384,Nullreference,0.2307297
395.3496,Nullreference,0.2295299
395.3607,Nullreference,0.22651
395.3718,Nullreference,0.2275274
395.3827,Nullreference,0.2291949
395.3939,Nullreference,0.2404369
395.4051,Nullreference,0.247777
395.4162,Nullreference,0.2602481
395.4277,Nullreference,0.2651882
395.4387,Nullreference,0.2918175
395.4495,Nullreference,0.3158072
395.4606,Nullreference,0.339879
395.4718,Nullreference,0.3725773
395.4828,Nullreference,0.4084672
395.4941,Nullreference,0.4555883
395.5051,Nullreference,0.5042362
395.5162,Nullreference,0.5836786
395.5273,Nullreference,0.662556
395.5385,Nullreference,0.7744651
395.5496,Nullreference,0.9160337
395.5609,Nullreference,1.050195
395.5717,Nullreference,1.210101
395.583,Nullreference,1.336316
395.594,Nullreference,1.493434
395.6052,Nullreference,1.638991
395.6162,Nullreference,1.764979
395.6275,Nullreference,1.896949
395.6388,Nullreference,1.991324
395.6498,Nullreference,2.073105
395.6603,Nullreference,2.119404
395.6715,Nullreference,2.153596
395.6822,Collider_Roger_State_action,2.165716
395.6932,Collider_Roger_State_action,2.174531
395.7045,Collider_Roger_State_action,2.18343
395.7153,Collider_Roger_State_action,2.199869
395.7268,Collider_Roger_State_action,2.209572
395.7379,Collider_Roger_State_action,2.228907
395.7487,Collider_Roger_State_action,2.243384
395.7597,Collider_Roger_State_action,2.230654
395.7708,Collider_Roger_State_action,2.217564
395.7821,Collider_Roger_State_action,2.198822
395.793,Collider_Roger_State_action,2.185642
395.804,Collider_Roger_State_action,2.167645
395.8152,Collider_Roger_State_action,2.145036
395.8264,Collider_Roger_State_action,2.124803
395.8374,Collider_Roger_State_action,2.115885
395.8487,Collider_Roger_State_action,2.12729
395.8596,Collider_Roger_State_action,2.158165
395.8707,Collider_Roger_State_action,2.184354
395.8818,Collider_Roger_State_action,2.17152
395.8929,Collider_Roger_State_action,2.125298
395.904,Collider_Roger_State_action,2.022883
395.9152,Collider_Roger_State_action,1.922819
395.9263,Collider_Roger_State_action,1.81296
395.9375,Collider_Roger_State_action,1.753276
395.9485,Collider_Roger_State_action,1.699447
395.9595,Collider_Roger_State_action,1.649067
395.9707,Collider_Roger_State_action,1.576304
395.9818,Collider_Roger_State_action,1.48152
395.9929,Collider_Roger_State_action,1.367259
396.004,Collider_Roger_State_action,1.203405
396.015,Collider_Roger_State_action,1.0612
396.0262,Collider_Roger_State_action,0.9278252
396.0372,Collider_Roger_State_action,0.8111433
396.0485,Collider_Roger_State_action,0.7390864
396.0596,Collider_Roger_State_action,0.6819183
396.0707,Collider_Roger_State_action,0.6533904
396.0818,Collider_Roger_State_action,0.6219848
396.0931,Collider_Roger_State_action,0.5751194
396.104,Collider_Roger_State_action,0.5161085
396.1154,Collider_Roger_State_action,0.4472342
396.1261,Collider_Roger_State_action,0.4089171
396.1373,Collider_Roger_State_action,0.3784555
396.1486,Collider_Roger_State_action,0.3669894
396.1598,Collider_Roger_State_action,0.3570923
396.1705,Collider_Roger_State_action,0.3496145
396.1818,Collider_Roger_State_action,0.3512141
396.1931,Collider_Roger_State_action,0.3491983
396.2039,Collider_Roger_State_action,0.3402641
396.215,Collider_Roger_State_action,0.3262083
396.2264,Collider_Roger_State_action,0.3090479
396.2373,Collider_Roger_State_action,0.2844888
396.2484,Collider_Roger_State_action,0.2557011
396.2594,Collider_Roger_State_action,0.2408819
396.2706,Collider_Roger_State_action,0.2205894
396.2817,Collider_Roger_State_action,0.2110166
396.2928,Collider_Roger_State_action,0.1879847
396.3039,Collider_Roger_State_action,0.1758003
396.315,Collider_Roger_State_action,0.16822
396.3261,Collider_Roger_State_action,0.169281
396.3372,Collider_Roger_State_action,0.1717957
396.3484,Collider_Roger_State_action,0.189675
396.3595,Collider_Roger_State_action,0.1956704
396.3705,Collider_Roger_State_action,0.2084469
396.3818,Collider_Roger_State_action,0.213059
396.3929,Collider_Roger_State_action,0.2210731
396.4039,Collider_Roger_State_action,0.2238394
396.4149,Collider_Roger_State_action,0.2303584
396.426,Collider_Roger_State_action,0.227699
396.4371,Collider_Roger_State_action,0.2307133
396.4483,Collider_Roger_State_action,0.2298499
396.4593,Collider_Roger_State_action,0.2295489
396.4706,Collider_Roger_State_action,0.2328799
396.4818,Collider_Roger_State_action,0.2411622
396.4927,Collider_Roger_State_action,0.2530551
396.5038,Collider_Roger_State_action,0.2568886
396.5148,Collider_Roger_State_action,0.2712983
396.5259,Collider_Roger_State_action,0.2767053
396.537,Collider_Roger_State_action,0.2718874
396.5482,Collider_Roger_State_action,0.2546128
396.5593,Collider_Roger_State_action,0.2281619
396.5704,Collider_Roger_State_action,0.1966796
396.5814,Collider_Roger_State_action,0.1675089
396.5927,Collider_Roger_State_action,0.1522983
396.604,Collider_Roger_State_action,0.1530299
396.6148,Collider_Roger_State_action,0.1732124
396.6262,Collider_Roger_State_action,0.1883348
396.637,Collider_Roger_State_action,0.2048876
396.648,Collider_Roger_State_action,0.2212054
396.6593,Collider_Roger_State_action,0.2373461
396.6703,Collider_Roger_State_action,0.2547511
396.6816,Collider_Roger_State_action,0.2644692
396.6925,Collider_Roger_State_action,0.2772682
396.7036,Collider_Roger_State_action,0.2826234
396.7148,Collider_Roger_State_action,0.2874641
396.7259,Collider_Roger_State_action,0.297534
396.737,Collider_Roger_State_action,0.301281
396.748,Collider_Roger_State_action,0.3072502
396.7592,Collider_Roger_State_action,0.3129179
396.7702,Collider_Roger_State_action,0.3118345
396.7814,Collider_Roger_State_action,0.3142174
396.7926,Collider_Roger_State_action,0.3100538
396.8037,Collider_Roger_State_action,0.30582
396.8147,Collider_Roger_State_action,0.3080149
396.8258,Collider_Roger_State_action,0.3041613
396.8371,Collider_Roger_State_action,0.3013135
396.8481,Collider_Roger_State_action,0.2946484
396.8591,Collider_Roger_State_action,0.2949281
396.8703,Collider_Roger_State_action,0.2887976
396.8814,Collider_Roger_State_action,0.28875
396.8925,Collider_Roger_State_action,0.2887621
396.9037,Collider_Roger_State_action,0.2911791
396.9147,Collider_Roger_State_action,0.2903113
396.9259,Collider_Roger_State_action,0.2948408
396.9369,Collider_Roger_State_action,0.2986762
396.948,Collider_Roger_State_action,0.3009985
396.9622,Collider_Roger_State_action,0.301596
396.9734,Collider_Roger_State_action,0.2997284
396.9818,Collider_Roger_State_action,0.2996376
396.9925,Collider_Roger_State_action,0.3022977
397.0036,Collider_Roger_State_action,0.3140612
397.0147,Collider_Roger_State_action,0.3178517
397.0258,Collider_Roger_State_action,0.3265417
397.0368,Collider_Roger_State_action,0.3340306
397.0481,Collider_Roger_State_action,0.3409507
397.0592,Collider_Roger_State_action,0.3464494
397.0703,Collider_Roger_State_action,0.3539118
397.0816,Collider_Roger_State_action,0.3617402
397.0925,Collider_Roger_State_action,0.3628909
397.1035,Collider_Roger_State_action,0.3674191
397.1146,Collider_Roger_State_action,0.3735062
397.1258,Collider_Roger_State_action,0.3769481
397.1369,Collider_Roger_State_action,0.3829937
397.148,Collider_Roger_State_action,0.3785788
397.1591,Collider_Roger_State_action,0.3809986
397.1703,Collider_Roger_State_action,0.3759231
397.1814,Collider_Roger_State_action,0.3665953
397.1924,Collider_Roger_State_action,0.3612965
397.2036,Collider_Roger_State_action,0.3550985
397.2146,Collider_Roger_State_action,0.3510133
397.2257,Collider_Roger_State_action,0.3465668
397.2368,Collider_Roger_State_action,0.3443322
397.248,Collider_Roger_State_action,0.3426065
397.259,Collider_Roger_State_action,0.3409491
397.27,Collider_Roger_State_action,0.3498564
397.2812,Collider_Roger_State_action,0.3645658
397.2925,Collider_Roger_State_action,0.376459
397.3034,Collider_Roger_State_action,0.3893322
397.3147,Collider_Roger_State_action,0.4011875
397.3257,Collider_Roger_State_action,0.4200937
397.3367,Collider_Roger_State_action,0.4289944
397.3478,Collider_Roger_State_action,0.4458223
397.3591,Collider_Roger_State_action,0.4600376
397.37,Collider_Roger_State_action,0.474243
397.3812,Collider_Roger_State_action,0.4846995
397.3929,Collider_Roger_State_action,0.4923081
397.4033,Collider_Roger_State_action,0.4911029
397.4146,Collider_Roger_State_action,0.4876789
397.4257,Collider_Roger_State_action,0.4808347
397.4366,Collider_Roger_State_action,0.4708417
397.4481,Collider_Roger_State_action,0.4536033
397.459,Collider_Roger_State_action,0.4375156
397.4701,Collider_Roger_State_action,0.416836
397.4811,Collider_Roger_State_action,0.388807
397.4923,Collider_Roger_State_action,0.3557042
397.5034,Collider_Roger_State_action,0.332222
397.5144,Collider_Roger_State_action,0.297628
397.5255,Collider_Roger_State_action,0.2668073
397.5367,Collider_Roger_State_action,0.2343575
397.5477,Collider_Roger_State_action,0.1933576
397.559,Collider_Roger_State_action,0.1595036
397.57,Collider_Roger_State_action,0.1212255
397.5811,Collider_Roger_State_action,0.08728006
397.5923,Collider_Roger_State_action,0.04645041
397.6033,Collider_Roger_State_action,0.02269234
397.6144,Collider_Roger_State_action,0.02882171
397.6255,Collider_Roger_State_action,0.04324408
397.6366,Collider_Roger_State_action,0.05995736
397.6477,Collider_Roger_State_action,0.07029392
397.6589,Collider_Roger_State_action,0.08046294
397.6701,Collider_Roger_State_action,0.08711923
397.6811,Collider_Roger_State_action,0.08359259
397.6923,Collider_Roger_State_action,0.08386981
397.7032,Collider_Roger_State_action,0.07629599
397.7144,Collider_Roger_State_action,0.06575887
397.7257,Collider_Roger_State_action,0.06095646
397.7365,Collider_Roger_State_action,0.05519734
397.7476,Collider_Roger_State_action,0.06897438
397.7587,Collider_Roger_State_action,0.0887974
397.77,Collider_Roger_State_action,0.1058939
397.7809,Collider_Roger_State_action,0.1227644
397.7921,Collider_Roger_State_action,0.1389753
397.8034,Collider_Roger_State_action,0.157856
397.8144,Collider_Roger_State_action,0.1750882
397.8254,Collider_Roger_State_action,0.1893024
397.8365,Collider_Roger_State_action,0.2120904
397.8477,Collider_Roger_State_action,0.2221392
397.8586,Collider_Roger_State_action,0.2333077
397.8698,Collider_Roger_State_action,0.2375183
397.881,Collider_Roger_State_action,0.233267
397.892,Collider_Roger_State_action,0.2249576
397.9032,Collider_Roger_State_action,0.2123828
397.9142,Collider_Roger_State_action,0.2003386
397.9254,Collider_Roger_State_action,0.1798139
397.9365,Collider_Roger_State_action,0.1551906
397.9476,Collider_Roger_State_action,0.1249824
397.9587,Collider_Roger_State_action,0.100193
397.9699,Collider_Roger_State_action,0.06781399
397.981,Collider_Roger_State_action,0.0441795
397.992,Collider_Roger_State_action,0.0549336
398.0031,Collider_Roger_State_action,0.09168043
398.0143,Collider_Roger_State_action,0.1266894
398.0253,Collider_Roger_State_action,0.1749063
398.0364,Collider_Roger_State_action,0.2255459
398.0475,Collider_Roger_State_action,0.2707829
398.0588,Collider_Roger_State_action,0.3190047
398.0698,Collider_Roger_State_action,0.361699
398.0808,Collider_Roger_State_action,0.3966307
398.092,Collider_Roger_State_action,0.4377158
398.1031,Collider_Roger_State_action,0.4723999
398.1143,Collider_Roger_State_action,0.4952782
398.1253,Collider_Roger_State_action,0.5208032
398.1365,Collider_Roger_State_action,0.5325016
398.1475,Collider_Roger_State_action,0.5451692
398.1586,Collider_Roger_State_action,0.5408151
398.1697,Collider_Roger_State_action,0.5349368
398.1808,Collider_Roger_State_action,0.5202774
398.1919,Collider_Roger_State_action,0.5037068
398.2031,Collider_Roger_State_action,0.4854169
398.2141,Collider_Roger_State_action,0.4622416
398.2253,Collider_Roger_State_action,0.4325586
398.2363,Collider_Roger_State_action,0.4040137
398.2474,Collider_Roger_State_action,0.3761619
398.2587,Collider_Roger_State_action,0.345815
398.2697,Collider_Roger_State_action,0.3214754
398.2808,Collider_Roger_State_action,0.2923742
398.2919,Collider_Roger_State_action,0.2711741
398.3033,Collider_Roger_State_action,0.2505648
398.3141,Collider_Roger_State_action,0.2310536
398.3253,Collider_Roger_State_action,0.226006
398.3364,Collider_Roger_State_action,0.2121422
398.3475,Collider_Roger_State_action,0.213988
398.3585,Collider_Roger_State_action,0.220249
398.3697,Collider_Roger_State_action,0.2277006
398.381,Collider_Roger_State_action,0.2296812
398.3919,Collider_Roger_State_action,0.2482691
398.403,Collider_Roger_State_action,0.2630436
398.4141,Collider_Roger_State_action,0.2888733
398.4253,Collider_Roger_State_action,0.3206201
398.4362,Collider_Roger_State_action,0.344465
398.4475,Collider_Roger_State_action,0.3769929
398.4586,Collider_Roger_State_action,0.3973235
398.4695,Collider_Roger_State_action,0.4111827
398.4807,Collider_Roger_State_action,0.4219732
398.4919,Collider_Roger_State_action,0.4282487
398.5029,Collider_Roger_State_action,0.4272272
398.514,Collider_Roger_State_action,0.4266989
398.5252,Collider_Roger_State_action,0.4173004
398.5362,Collider_Roger_State_action,0.4103673
398.5474,Collider_Roger_State_action,0.3959726
398.5584,Collider_Roger_State_action,0.3811155
398.5696,Collider_Roger_State_action,0.3642392
398.5809,Collider_Roger_State_action,0.342098
398.5917,Collider_Roger_State_action,0.3250869
398.6028,Collider_Roger_State_action,0.294083
398.614,Collider_Roger_State_action,0.2693353
398.6251,Collider_Roger_State_action,0.2377342
398.6361,Collider_Roger_State_action,0.2076524
398.6473,Collider_Roger_State_action,0.1765649
398.6585,Collider_Roger_State_action,0.1510732
398.6695,Collider_Roger_State_action,0.1256853
398.6805,Collider_Roger_State_action,0.096317
398.6917,Collider_Roger_State_action,0.08685243
398.7028,Collider_Roger_State_action,0.06922893
398.714,Collider_Roger_State_action,0.0636192
398.725,Collider_Roger_State_action,0.05723354
398.7361,Collider_Roger_State_action,0.05252917
398.7472,Collider_Roger_State_action,0.05138566
398.7584,Collider_Roger_State_action,0.04868761
398.7694,Collider_Roger_State_action,0.05047603
398.7807,Collider_Roger_State_action,0.05061525
398.7916,Collider_Roger_State_action,0.051124
398.8027,Collider_Roger_State_action,0.05049483
398.8139,Collider_Roger_State_action,0.05462282
398.825,Collider_Roger_State_action,0.05782726
398.8361,Collider_Roger_State_action,0.05750243
398.8473,Collider_Roger_State_action,0.06071494
398.8584,Collider_Roger_State_action,0.06883243
398.8694,Collider_Roger_State_action,0.0727048
398.8806,Collider_Roger_State_action,0.07450917
398.8917,Collider_Roger_State_action,0.07480445
398.9028,Collider_Roger_State_action,0.07795206
398.9138,Collider_Roger_State_action,0.07489581
398.9249,Collider_Roger_State_action,0.07869567
398.9361,Collider_Roger_State_action,0.07611302
398.9471,Collider_Roger_State_action,0.07240298
398.9583,Collider_Roger_State_action,0.07169903
398.9694,Collider_Roger_State_action,0.06344622
398.9806,Collider_Roger_State_action,0.05791013
398.9918,Collider_Roger_State_action,0.05548565
399.0026,Collider_Roger_State_action,0.04437613
399.0138,Collider_Roger_State_action,0.03839206
399.025,Collider_Roger_State_action,0.03348247
399.0359,Collider_Roger_State_action,0.02405621
399.0471,Collider_Roger_State_action,0.01472328
399.0581,Collider_Roger_State_action,0.01448605
399.0693,Collider_Roger_State_action,0.02491005
399.0804,Collider_Roger_State_action,0.02899759
399.0916,Collider_Roger_State_action,0.04613283
399.1025,Collider_Roger_State_action,0.05192961
399.1137,Collider_Roger_State_action,0.0565758
399.1247,Collider_Roger_State_action,0.0649282
399.1363,Collider_Roger_State_action,0.06779932
399.1471,Collider_Roger_State_action,0.06688503
399.1581,Collider_Roger_State_action,0.06680267
399.1693,Collider_Roger_State_action,0.06589101
399.1804,Collider_Roger_State_action,0.06329966
399.1913,Collider_Roger_State_action,0.06444107
399.2029,Collider_Roger_State_action,0.05977939
399.2137,Collider_Roger_State_action,0.05184324
399.2248,Collider_Roger_State_action,0.04696713
399.2358,Collider_Roger_State_action,0.04179966
399.2469,Collider_Roger_State_action,0.03701881
399.2582,Collider_Roger_State_action,0.03360688
399.2692,Collider_Roger_State_action,0.02465396
399.2803,Collider_Roger_State_action,0.02015846
399.2914,Collider_Roger_State_action,0.01240411
399.3026,Collider_Roger_State_action,0.009858335
399.3136,Collider_Roger_State_action,0.007071074
399.3247,Collider_Roger_State_action,0.005022896
399.3358,Collider_Roger_State_action,0.006911659
399.3469,Collider_Roger_State_action,0.01315981
399.358,Collider_Roger_State_action,0.01794818
399.3692,Collider_Roger_State_action,0.0184246
399.3803,Collider_Roger_State_action,0.013693
399.3913,Collider_Roger_State_action,0.01654846
399.4024,Collider_Roger_State_action,0.01119593
399.4135,Collider_Roger_State_action,0.01265056
399.4247,Collider_Roger_State_action,0.01631123
399.4357,Collider_Roger_State_action,0.01627577
399.4468,Collider_Roger_State_action,0.01562812
399.4579,Collider_Roger_State_action,0.0220421
399.469,Collider_Roger_State_action,0.02591928
399.4801,Collider_Roger_State_action,0.02849684
399.4912,Collider_Roger_State_action,0.03484772
399.5024,Collider_Roger_State_action,0.03074657
399.5135,Collider_Roger_State_action,0.03503944
399.5246,Collider_Roger_State_action,0.03351147
399.5357,Collider_Roger_State_action,0.03760188
399.5468,Collider_Roger_State_action,0.03729576
399.5579,Collider_Roger_State_action,0.04502324
399.5689,Collider_Roger_State_action,0.04433921
399.58,Collider_Roger_State_action,0.04432113
399.5918,Collider_Roger_State_action,0.04756419
399.6023,Collider_Roger_State_action,0.05176769
399.6134,Collider_Roger_State_action,0.05123495
399.6245,Collider_Roger_State_action,0.0538817
399.6356,Collider_Roger_State_action,0.05356136
399.6468,Collider_Roger_State_action,0.05166996
399.6578,Collider_Roger_State_action,0.05224229
399.669,Collider_Roger_State_action,0.04851412
399.68,Collider_Roger_State_action,0.05378545
399.6915,Collider_Roger_State_action,0.06222201
399.7022,Collider_Roger_State_action,0.07036915
399.7133,Collider_Roger_State_action,0.07495752
399.7245,Collider_Roger_State_action,0.07714249
399.7356,Collider_Roger_State_action,0.07547805
399.7472,Collider_Roger_State_action,0.07343187
399.7578,Collider_Roger_State_action,0.07218711
399.7688,Collider_Roger_State_action,0.07257937
399.78,Collider_Roger_State_action,0.07425426
399.7912,Collider_Roger_State_action,0.07208367
399.8022,Collider_Roger_State_action,0.07151564
399.8133,Collider_Roger_State_action,0.06648757
399.8245,Collider_Roger_State_action,0.06411761
399.8354,Collider_Roger_State_action,0.06040546
399.8465,Collider_Roger_State_action,0.05788319
399.8577,Collider_Roger_State_action,0.0491699
399.8687,Collider_Roger_State_action,0.04721367
399.8799,Collider_Roger_State_action,0.0386125
399.891,Collider_Roger_State_action,0.03543331
399.9021,Collider_Roger_State_action,0.02840518
399.9133,Collider_Roger_State_action,0.02676678
399.9243,Collider_Roger_State_action,0.02746093
399.9357,Collider_Roger_State_action,0.02707764
399.9466,Collider_Roger_State_action,0.0277271
399.9576,Collider_Roger_State_action,0.02868585
399.9688,Collider_Roger_State_action,0.02716576
399.9804,Collider_Roger_State_action,0.02968289
399.9911,Collider_Roger_State_action,0.03398187
400.002,Collider_Roger_State_action,0.03648888
400.0132,Collider_Roger_State_action,0.03707352
400.0243,Collider_Roger_State_action,0.03485973
400.0353,Collider_Roger_State_action,0.03549604
400.0468,Collider_Roger_State_action,0.0311629
400.0579,Collider_Roger_State_action,0.03301344
400.0693,Collider_Roger_State_action,0.0320916
400.0798,Collider_Roger_State_action,0.03348699
400.091,Collider_Roger_State_action,0.03100605
400.1022,Collider_Roger_State_action,0.03342078
400.1133,Collider_Roger_State_action,0.03254185
400.1243,Collider_Roger_State_action,0.03327414
400.1354,Collider_Roger_State_action,0.03272891
400.1469,Collider_Roger_State_action,0.03637554
400.1581,Collider_Roger_State_action,0.0350503
400.1687,Collider_Roger_State_action,0.04062796
400.1798,Collider_Roger_State_action,0.04236926
400.191,Collider_Roger_State_action,0.03869372
400.2021,Collider_Roger_State_action,0.04427034
400.2131,Collider_Roger_State_action,0.04600266
400.2245,Collider_Roger_State_action,0.04453661
400.2353,Collider_Roger_State_action,0.05031556
400.2465,Collider_Roger_State_action,0.04762033
400.2575,Collider_Roger_State_action,0.05590432
400.2685,Collider_Roger_State_action,0.05595508
400.2797,Collider_Roger_State_action,0.06225312
400.2909,Collider_Roger_State_action,0.0727213
400.3021,Collider_Roger_State_action,0.07558166
400.313,Collider_Roger_State_action,0.07702012
400.3242,Collider_Roger_State_action,0.0751612
400.3357,Collider_Roger_State_action,0.07566582
400.3464,Collider_Roger_State_action,0.07651427
400.3575,Collider_Roger_State_action,0.08993621
400.3688,Collider_Roger_State_action,0.09556998
400.3797,Collider_Roger_State_action,0.1081257
400.3908,Collider_Roger_State_action,0.1212299
400.4018,Collider_Roger_State_action,0.1305088
400.413,Collider_Roger_State_action,0.1418884
400.424,Collider_Roger_State_action,0.1494795
400.4352,Collider_Roger_State_action,0.1570656
400.4464,Collider_Roger_State_action,0.1557201
400.4574,Collider_Roger_State_action,0.1579706
400.4685,Collider_Roger_State_action,0.1550852
400.4797,Collider_Roger_State_action,0.1491162
400.4906,Collider_Roger_State_action,0.14856
400.5018,Collider_Roger_State_action,0.141743
400.513,Collider_Roger_State_action,0.1371565
400.524,Collider_Roger_State_action,0.1317344
400.5351,Collider_Roger_State_action,0.1275493
400.5462,Collider_Roger_State_action,0.1177878
400.5576,Collider_Roger_State_action,0.1061162
400.5684,Collider_Roger_State_action,0.09937825
400.5796,Collider_Roger_State_action,0.09163196
400.5908,Collider_Roger_State_action,0.08250935
400.6019,Collider_Roger_State_action,0.07858088
400.6129,Collider_Roger_State_action,0.06894872
400.6239,Collider_Roger_State_action,0.07036892
400.635,Collider_Roger_State_action,0.06242937
400.6468,Collider_Roger_State_action,0.05911815
400.6574,Collider_Roger_State_action,0.05329563
400.6685,Collider_Roger_State_action,0.0531976
400.6795,Collider_Roger_State_action,0.05131449
400.6906,Collider_Roger_State_action,0.04934211
400.7018,Collider_Roger_State_action,0.04922278
400.7129,Collider_Roger_State_action,0.04826875
400.724,Collider_Roger_State_action,0.05153942
400.7351,Collider_Roger_State_action,0.05404766
400.7462,Collider_Roger_State_action,0.05490018
400.7572,Collider_Roger_State_action,0.05506201
400.7684,Collider_Roger_State_action,0.05898385
400.7795,Collider_Roger_State_action,0.0583904
400.7905,Collider_Roger_State_action,0.06085427
400.8017,Collider_Roger_State_action,0.05966763
400.813,Collider_Roger_State_action,0.0661391
400.8239,Collider_Roger_State_action,0.06693552
400.8353,Collider_Roger_State_action,0.06962987
400.8461,Collider_Roger_State_action,0.07635313
400.8572,Collider_Roger_State_action,0.08161737
400.8683,Collider_Roger_State_action,0.08417863
400.8794,Collider_Roger_State_action,0.09319147
400.8905,Collider_Roger_State_action,0.0970329
400.9016,Collider_Roger_State_action,0.09943504
400.9127,Collider_Roger_State_action,0.1082961
400.9238,Collider_Roger_State_action,0.1131538
400.9349,Collider_Roger_State_action,0.1251455
400.9462,Collider_Roger_State_action,0.1294538
400.9572,Collider_Roger_State_action,0.1357192
400.9682,Collider_Roger_State_action,0.1387879
400.9793,Collider_Roger_State_action,0.1413665
400.9905,Collider_Roger_State_action,0.1399628
401.0015,Collider_Roger_State_action,0.1345295
401.0126,Collider_Roger_State_action,0.1323488
401.0237,Collider_Roger_State_action,0.1285345
401.0348,Collider_Roger_State_action,0.127243
401.046,Collider_Roger_State_action,0.1211803
401.0572,Collider_Roger_State_action,0.1205711
401.0683,Collider_Roger_State_action,0.1189655
401.0793,Collider_Roger_State_action,0.1110004
401.0905,Collider_Roger_State_action,0.1083065
401.1016,Collider_Roger_State_action,0.1064663
401.1126,Collider_Roger_State_action,0.09884693
401.1237,Collider_Roger_State_action,0.09405054
401.1349,Collider_Roger_State_action,0.0868559
401.1461,Collider_Roger_State_action,0.07876451
401.1573,Collider_Roger_State_action,0.07128749
401.1683,Collider_Roger_State_action,0.06775984
401.1796,Collider_Roger_State_action,0.06111199
401.1905,Collider_Roger_State_action,0.04793002
401.2015,Collider_Roger_State_action,0.04335652
401.2126,Collider_Roger_State_action,0.03264564
401.2238,Collider_Roger_State_action,0.02609118
401.2349,Collider_Roger_State_action,0.02249747
401.246,Collider_Roger_State_action,0.02195948
401.257,Collider_Roger_State_action,0.01698226
401.2681,Collider_Roger_State_action,0.01810267
401.2791,Collider_Roger_State_action,0.02611905
401.2903,Collider_Roger_State_action,0.04374275
401.3015,Collider_Roger_State_action,0.05463804
401.3126,Collider_Roger_State_action,0.05881796
401.3237,Collider_Roger_State_action,0.07823999
401.3348,Collider_Roger_State_action,0.1309603
401.3458,Collider_Roger_State_action,0.1961327
401.3569,Collider_Roger_State_action,0.2555155
401.3681,Collider_Roger_State_action,0.2735644
401.3792,Collider_Roger_State_action,0.2437061
401.3903,Collider_Roger_State_action,0.1419531
401.4013,Collider_Roger_State_action,0.03335909
401.4124,Collider_Roger_State_action,0.1776385
401.4235,Collider_Roger_State_action,0.3350318
401.4346,Collider_Roger_State_action,0.4109592
401.4457,Collider_Roger_State_action,0.4346728
401.457,Collider_Roger_State_action,0.4100463
401.468,Collider_Roger_State_action,0.3404872
401.4791,Collider_Roger_State_action,0.2767887
401.4902,Collider_Roger_State_action,0.2088715
401.5013,Collider_Roger_State_action,0.1626578
401.5125,Collider_Roger_State_action,0.1443574
401.5237,Collider_Roger_State_action,0.1457077
401.5349,Collider_Roger_State_action,0.1459872
401.5458,Collider_Roger_State_action,0.1524253
401.557,Collider_Roger_State_action,0.1697939
401.5681,Collider_Roger_State_action,0.1901904
401.5791,Collider_Roger_State_action,0.2092246
401.5904,Collider_Roger_State_action,0.2240845
401.6012,Collider_Roger_State_action,0.2334628
401.6124,Collider_Roger_State_action,0.239503
401.6236,Collider_Roger_State_action,0.2455729
401.6346,Collider_Roger_State_action,0.2572575
401.6458,Collider_Roger_State_action,0.2790792
401.6568,Collider_Roger_State_action,0.3021254
401.6679,Collider_Roger_State_action,0.32492
401.679,Collider_Roger_State_action,0.350503
401.6902,Collider_Roger_State_action,0.3768781
401.7013,Collider_Roger_State_action,0.4178602
401.7123,Collider_Roger_State_action,0.4515504
401.7236,Collider_Roger_State_action,0.4977029
401.7344,Collider_Roger_State_action,0.5401934
401.7456,Collider_Roger_State_action,0.5748797
401.757,Collider_Roger_State_action,0.6221254
401.7679,Collider_Roger_State_action,0.6653292
401.7789,Collider_Roger_State_action,0.7110421
401.7902,Collider_Roger_State_action,0.7382637
401.8012,Collider_Roger_State_action,0.7699578
401.8122,Collider_Roger_State_action,0.7900574
401.8235,Collider_Roger_State_action,0.8019973
401.8346,Collider_Roger_State_action,0.7990084
401.8456,Collider_Roger_State_action,0.7842299
401.8567,Collider_Roger_State_action,0.756799
401.8677,Collider_Roger_State_action,0.7348034
401.8789,Collider_Roger_State_action,0.7105711
401.89,Collider_Roger_State_action,0.6888457
401.901,Collider_Roger_State_action,0.6640568
401.9123,Collider_Roger_State_action,0.6396843
401.9234,Collider_Roger_State_action,0.6117696
401.9344,Collider_Roger_State_action,0.5899022
401.9458,Collider_Roger_State_action,0.559076
401.9566,Collider_Roger_State_action,0.5309114
401.9678,Collider_Roger_State_action,0.5122836
401.9789,Collider_Roger_State_action,0.4901986
401.9904,Collider_Roger_State_action,0.4661128
402.0012,Collider_Roger_State_action,0.4441156
402.0124,Collider_Roger_State_action,0.4060685
402.0234,Collider_Roger_State_action,0.369642
402.0345,Collider_Roger_State_action,0.3127793
402.0455,Collider_Roger_State_action,0.2533318
402.0567,Collider_Roger_State_action,0.1936504
402.0679,Collider_Roger_State_action,0.1391299
402.0789,Collider_Roger_State_action,0.1125461
402.09,Collider_Roger_State_action,0.09765274
402.101,Collider_Roger_State_action,0.09417913
402.1122,Collider_Roger_State_action,0.09686436
402.1233,Collider_Roger_State_action,0.1023597
402.1344,Collider_Roger_State_action,0.1028223
402.1456,Collider_Roger_State_action,0.1013259
402.1567,Collider_Roger_State_action,0.09191311
402.1679,Collider_Roger_State_action,0.08674483
402.179,Collider_Roger_State_action,0.08093804
402.19,Collider_Roger_State_action,0.07504814
402.201,Collider_Roger_State_action,0.07885609
402.2121,Collider_Roger_State_action,0.0939575
402.2234,Collider_Roger_State_action,0.1126896
402.2344,Collider_Roger_State_action,0.13198
402.2454,Collider_Roger_State_action,0.1668877
402.2566,Collider_Roger_State_action,0.1910346
402.2677,Collider_Roger_State_action,0.2266991
402.279,Collider_Roger_State_action,0.251657
402.29,Collider_Roger_State_action,0.2649171
402.3011,Collider_Roger_State_action,0.2813663
402.3122,Collider_Roger_State_action,0.2943956
402.3233,Collider_Roger_State_action,0.3134549
402.3345,Collider_Roger_State_action,0.3217884
402.3455,Collider_Roger_State_action,0.3224311
402.3565,Collider_Roger_State_action,0.3289397
402.3676,Collider_Roger_State_action,0.3335478
402.3787,Collider_Roger_State_action,0.3308248
402.39,Collider_Roger_State_action,0.3274021
402.401,Collider_Roger_State_action,0.3223887
402.4122,Collider_Roger_State_action,0.3178355
402.4232,Collider_Roger_State_action,0.3133797
402.4343,Collider_Roger_State_action,0.3100006
402.4454,Collider_Roger_State_action,0.2945543
402.4565,Collider_Roger_State_action,0.2696424
402.4676,Collider_Roger_State_action,0.2436592
402.4789,Collider_Roger_State_action,0.2174502
402.4898,Collider_Roger_State_action,0.1960507
402.501,Collider_Roger_State_action,0.1768046
402.5121,Collider_Roger_State_action,0.1710319
402.5231,Collider_Roger_State_action,0.1702543
402.5341,Collider_Roger_State_action,0.1639577
402.5453,Collider_Roger_State_action,0.1627593
402.5565,Collider_Roger_State_action,0.1689578
402.5677,Collider_Roger_State_action,0.1664294
402.5786,Collider_Roger_State_action,0.1698472
402.5897,Collider_Roger_State_action,0.1697831
402.6009,Collider_Roger_State_action,0.1659122
402.6121,Collider_Roger_State_action,0.1559442
402.6232,Collider_Roger_State_action,0.1445404
402.6341,Collider_Roger_State_action,0.1405403
402.6453,Collider_Roger_State_action,0.1342953
402.6564,Collider_Roger_State_action,0.131548
402.6674,Collider_Roger_State_action,0.1317518
402.6786,Collider_Roger_State_action,0.1329073
402.6897,Collider_Roger_State_action,0.1358722
402.7008,Collider_Roger_State_action,0.137462
402.7118,Collider_Roger_State_action,0.1478596
402.723,Collider_Roger_State_action,0.1533824
402.7341,Collider_Roger_State_action,0.1674178
402.7452,Collider_Roger_State_action,0.1741149
402.7566,Collider_Roger_State_action,0.1741003
402.7673,Collider_Roger_State_action,0.1771661
402.7786,Collider_Roger_State_action,0.1751693
402.79,Collider_Roger_State_action,0.1767973
402.8006,Collider_Roger_State_action,0.17732
402.8118,Collider_Roger_State_action,0.1780249
402.8237,Collider_Roger_State_action,0.1757177
402.834,Collider_Roger_State_action,0.1757004
402.8451,Collider_Roger_State_action,0.1700412
402.8562,Collider_Roger_State_action,0.1688747
402.8673,Collider_Roger_State_action,0.1683366
402.8784,Collider_Roger_State_action,0.1655475
402.8896,Collider_Roger_State_action,0.170652
402.9006,Collider_Roger_State_action,0.1663803
402.9119,Collider_Roger_State_action,0.1642455
402.9228,Collider_Roger_State_action,0.1584454
402.934,Collider_Roger_State_action,0.1528713
402.9453,Collider_Roger_State_action,0.1358562
402.9563,Collider_Roger_State_action,0.1189854
402.9673,Collider_Roger_State_action,0.0964657
402.9784,Collider_Roger_State_action,0.09268147
402.9897,Collider_Roger_State_action,0.08923011
403.0006,Collider_Roger_State_action,0.09101372
403.0118,Collider_Roger_State_action,0.08673272
403.0231,Collider_Roger_State_action,0.08453588
403.0339,Collider_Roger_State_action,0.07316594
403.0451,Collider_Roger_State_action,0.07334761
403.0563,Collider_Roger_State_action,0.07466206
403.068,Collider_Roger_State_action,0.07338829
403.0783,Collider_Roger_State_action,0.06747068
403.0896,Collider_Roger_State_action,0.0651997
403.1006,Collider_Roger_State_action,0.06559554
403.1118,Collider_Roger_State_action,0.06225474
403.123,Collider_Roger_State_action,0.0604446
403.1338,Collider_Roger_State_action,0.05995993
403.145,Collider_Roger_State_action,0.05537826
403.1564,Collider_Roger_State_action,0.05010036
403.1672,Collider_Roger_State_action,0.05821843
403.1784,Collider_Roger_State_action,0.06036967
403.1894,Collider_Roger_State_action,0.06679273
403.2005,Collider_Roger_State_action,0.06971106
403.2116,Collider_Roger_State_action,0.07926586
403.2228,Collider_Roger_State_action,0.08375948
403.2339,Collider_Roger_State_action,0.09111372
403.2451,Collider_Roger_State_action,0.09387863
403.2562,Collider_Roger_State_action,0.09810381
403.2673,Collider_Roger_State_action,0.1032798
403.2784,Collider_Roger_State_action,0.1082287
403.2894,Collider_Roger_State_action,0.1075496
403.3007,Collider_Roger_State_action,0.1032989
403.3117,Collider_Roger_State_action,0.09812598
403.3228,Collider_Roger_State_action,0.0982511
403.3338,Collider_Roger_State_action,0.1159499
403.3449,Collider_Roger_State_action,0.1485979
403.356,Collider_Roger_State_action,0.1866791
403.3672,Collider_Roger_State_action,0.2505167
403.3782,Collider_Roger_State_action,0.3153247
403.3893,Collider_Roger_State_action,0.3919767
403.4005,Collider_Roger_State_action,0.4535914
403.4115,Collider_Roger_State_action,0.4986533
403.4227,Collider_Roger_State_action,0.5219501
403.4337,Collider_Roger_State_action,0.5486239
403.4448,Collider_Roger_State_action,0.5781785
403.4561,Collider_Roger_State_action,0.5858719
403.467,Collider_Roger_State_action,0.5786532
403.4782,Collider_Roger_State_action,0.5615135
403.4892,Collider_Roger_State_action,0.5248971
403.5003,Collider_Roger_State_action,0.4759815
403.5115,Collider_Roger_State_action,0.4365101
403.5226,Collider_Roger_State_action,0.3753496
403.5337,Collider_Roger_State_action,0.3281851
403.5447,Collider_Roger_State_action,0.2909061
403.556,Collider_Roger_State_action,0.270452
403.567,Collider_Roger_State_action,0.2711511
403.5781,Collider_Roger_State_action,0.2788015
403.5891,Collider_Roger_State_action,0.2928393
403.6003,Collider_Roger_State_action,0.2987375
403.6116,Collider_Roger_State_action,0.3043473
403.6226,Collider_Roger_State_action,0.3046824
403.6382,Collider_Roger_State_action,0.3091121
403.6447,Collider_Roger_State_action,0.3180886
403.6531,Collider_Roger_State_action,0.3269504
403.6643,Collider_Roger_State_action,0.3453226
403.6754,Collider_Roger_State_action,0.3580299
403.6865,Collider_Roger_State_action,0.353831
403.6976,Collider_Roger_State_action,0.3437954
403.7091,Collider_Roger_State_action,0.3239389
403.72,Collider_Roger_State_action,0.3074444
403.731,Collider_Roger_State_action,0.2897404
403.7421,Collider_Roger_State_action,0.2768196
403.7533,Collider_Roger_State_action,0.2569674
403.7643,Collider_Roger_State_action,0.2560017
403.7754,Collider_Roger_State_action,0.2467519
403.7866,Collider_Roger_State_action,0.2469914
403.7976,Collider_Roger_State_action,0.2333798
403.8087,Collider_Roger_State_action,0.2089486
403.8197,Collider_Roger_State_action,0.1784456
403.8309,Collider_Roger_State_action,0.1448847
403.842,Collider_Roger_State_action,0.1032639
403.8531,Collider_Roger_State_action,0.06525182
403.8643,Collider_Roger_State_action,0.0519527
403.8753,Collider_Roger_State_action,0.05760833
403.8864,Collider_Roger_State_action,0.05926159
403.8976,Collider_Roger_State_action,0.05996953
403.9086,Collider_Roger_State_action,0.04857323
403.9198,Collider_Roger_State_action,0.04520764
403.9308,Collider_Roger_State_action,0.04266105
403.942,Collider_Roger_State_action,0.05115921
403.953,Collider_Roger_State_action,0.06020187
403.9642,Collider_Roger_State_action,0.07691723
403.9752,Collider_Roger_State_action,0.08280919
403.9864,Collider_Roger_State_action,0.09851231
403.9977,Collider_Roger_State_action,0.1095786
404.0089,Collider_Roger_State_action,0.1296619
404.0205,Collider_Roger_State_action,0.1487212
404.0316,Collider_Roger_State_action,0.1599831
404.0429,Collider_Roger_State_action,0.1663293
404.0543,Collider_Roger_State_action,0.1627342
404.0655,Collider_Roger_State_action,0.1581913
404.0767,Collider_Roger_State_action,0.1612145
404.088,Collider_Roger_State_action,0.1724991
404.0992,Collider_Roger_State_action,0.1919661
404.1107,Collider_Roger_State_action,0.2092459
404.1219,Collider_Roger_State_action,0.2108444
404.1329,Collider_Roger_State_action,0.2031398
404.1443,Collider_Roger_State_action,0.186354
404.1558,Collider_Roger_State_action,0.1757336
404.1668,Collider_Roger_State_action,0.1490124
404.1779,Collider_Roger_State_action,0.11178
404.1896,Collider_Roger_State_action,0.08123243
404.2001,Collider_Roger_State_action,0.06316094
404.2118,Collider_Roger_State_action,0.06375952
404.2223,Collider_Roger_State_action,0.07164032
404.2333,Collider_Roger_State_action,0.08284824
404.2446,Collider_Roger_State_action,0.09274092
404.2556,Collider_Roger_State_action,0.107813
404.2667,Collider_Roger_State_action,0.1157322
404.2779,Collider_Roger_State_action,0.114864
404.2889,Collider_Roger_State_action,0.1088226
404.3001,Collider_Roger_State_action,0.1070417
404.3113,Collider_Roger_State_action,0.1083214
404.3224,Collider_Roger_State_action,0.1103501
404.3334,Collider_Roger_State_action,0.1145406
404.3446,Collider_Roger_State_action,0.1163198
404.3556,Collider_Roger_State_action,0.126166
404.3665,Collider_Roger_State_action,0.1358151
404.3777,Collider_Roger_State_action,0.1391117
404.3889,Collider_Roger_State_action,0.1372817
404.4,Collider_Roger_State_action,0.1299236
404.4111,Collider_Roger_State_action,0.1214951
404.4221,Collider_Roger_State_action,0.1065592
404.4333,Collider_Roger_State_action,0.08733428
404.4444,Collider_Roger_State_action,0.0657099
404.4556,Collider_Roger_State_action,0.0484344
404.4666,Collider_Roger_State_action,0.0437048
404.4778,Collider_Roger_State_action,0.04528657
404.4889,Collider_Roger_State_action,0.06176286
404.4999,Collider_Roger_State_action,0.08452769
404.5111,Collider_Roger_State_action,0.1077992
404.5222,Collider_Roger_State_action,0.1152722
404.5331,Collider_Roger_State_action,0.1294686
404.5441,Collider_Roger_State_action,0.1386828
404.5553,Collider_Roger_State_action,0.1392151
404.5665,Collider_Roger_State_action,0.1475205
404.5775,Collider_Roger_State_action,0.143582
404.5887,Collider_Roger_State_action,0.1478498
404.5999,Collider_Roger_State_action,0.148974
404.6112,Collider_Roger_State_action,0.1464555
404.6221,Collider_Roger_State_action,0.1515574
404.6331,Collider_Roger_State_action,0.1552705
404.6443,Collider_Roger_State_action,0.1584187
404.6552,Collider_Roger_State_action,0.1703304
404.6664,Collider_Roger_State_action,0.1799522
404.6775,Collider_Roger_State_action,0.1851811
404.6885,Collider_Roger_State_action,0.1846141
404.6996,Collider_Roger_State_action,0.1824111
404.7114,Collider_Roger_State_action,0.1780057
404.722,Collider_Roger_State_action,0.1696843
404.733,Collider_Roger_State_action,0.1487702
404.7441,Collider_Roger_State_action,0.1299856
404.7554,Collider_Roger_State_action,0.1075051
404.7663,Collider_Roger_State_action,0.09341256
404.7775,Collider_Roger_State_action,0.08217274
404.7887,Collider_Roger_State_action,0.07588388
404.8006,Collider_Roger_State_action,0.07350057
404.8111,Collider_Roger_State_action,0.06946907
404.8219,Collider_Roger_State_action,0.08069196
404.833,Collider_Roger_State_action,0.09182799
404.8441,Collider_Roger_State_action,0.1094323
404.8553,Collider_Roger_State_action,0.1271127
404.8662,Collider_Roger_State_action,0.1524844
404.8774,Collider_Roger_State_action,0.183071
404.8885,Collider_Roger_State_action,0.2128801
404.8995,Collider_Roger_State_action,0.2422558
404.9108,Collider_Roger_State_action,0.2773853
404.9219,Collider_Roger_State_action,0.3027198
404.9329,Collider_Roger_State_action,0.3253022
404.9441,Collider_Roger_State_action,0.345869
404.9551,Collider_Roger_State_action,0.3650945
404.9662,Collider_Roger_State_action,0.3687619
404.9773,Collider_Roger_State_action,0.375288
404.9884,Collider_Roger_State_action,0.374938
404.9995,Collider_Roger_State_action,0.3789434
405.0107,Collider_Roger_State_action,0.3894562
405.0221,Collider_Roger_State_action,0.4084343
405.0329,Collider_Roger_State_action,0.4425423
405.044,Collider_Roger_State_action,0.4867062
405.0552,Collider_Roger_State_action,0.5200897
405.0663,Collider_Roger_State_action,0.5649869
405.0772,Collider_Roger_State_action,0.6031856
405.0884,Collider_Roger_State_action,0.6589797
405.0995,Collider_Roger_State_action,0.6978936
405.1107,Collider_Roger_State_action,0.7598886
405.1218,Collider_Roger_State_action,0.8196353
405.1329,Collider_Roger_State_action,0.8785201
405.1439,Plane,0.9582089
405.1554,Plane,1.0286
405.1661,Plane,1.088638
405.1773,Plane,1.150647
405.1883,Plane,1.196844
405.1996,Plane,1.246051
405.2106,Plane,1.281859
405.2218,Plane,1.304186
405.2327,Plane,1.32206
405.2441,Plane,1.334297
405.255,Plane,1.332355
405.2662,Plane,1.330436
405.2772,Plane,1.316182
405.2882,Plane,1.300783
405.2994,Plane,1.282897
405.3105,Plane,1.258731
405.3216,Plane,1.234155
405.3326,Plane,1.203713
405.3438,Plane,1.166505
405.3551,Plane,1.130847
405.3661,Plane,1.083905
405.3771,Plane,1.043004
405.3883,Plane,0.9969875
405.3994,Plane,0.9628432
405.4105,Plane,0.9160832
405.4217,Plane,0.8798526
405.4327,Plane,0.8433188
405.4439,Plane,0.8098864
405.4548,Plane,0.7719062
405.466,Plane,0.7384732
405.4771,Plane,0.7004071
405.4882,Plane,0.66414
405.4993,Plane,0.6211951
405.5106,Plane,0.599963
405.5215,Plane,0.5711426
405.5327,Plane,0.5450453
405.5437,Plane,0.5267532
405.5548,Plane,0.5096826
405.5659,Plane,0.4991703
405.5771,Plane,0.498211
405.5881,Plane,0.4954412
405.5992,Plane,0.4985329
405.6104,Plane,0.4997005
405.6216,Plane,0.5055191
405.6325,Plane,0.5111154
405.6436,Plane,0.5190508
405.6547,Plane,0.521132
405.6659,Plane,0.5250134
405.6769,Plane,0.5313142
405.6881,Plane,0.5381121
405.6992,Plane,0.5365787
405.7102,Plane,0.5290581
405.7214,Plane,0.5204198
405.7325,Plane,0.5068601
405.7436,Plane,0.4929229
405.7549,Plane,0.4728358
405.7659,Plane,0.4585767
405.777,Plane,0.4412812
405.7881,Plane,0.4281672
405.7991,Plane,0.4106302
405.8102,Plane,0.398457
405.8213,Plane,0.3978169
405.8325,Plane,0.3988855
405.8436,Plane,0.4023172
405.8546,Plane,0.4001328
405.8657,Plane,0.3959017
405.877,Plane,0.3934834
405.888,Plane,0.3862024
405.899,Plane,0.3797997
405.9104,Plane,0.3769601
405.9213,Plane,0.3716779
405.9323,Plane,0.3742429
405.9434,Plane,0.3820944
405.9546,Plane,0.3852581
405.9657,Nullreference,0.3825428
405.9768,Plane,0.37704
405.988,Plane,0.3760723
405.9995,Plane,0.3770399
406.0101,Plane,0.3770775
406.0212,Plane,0.3751795
406.0323,Plane,0.376776
406.0435,Plane,0.3684837
406.0547,Plane,0.3610016
406.0657,Plane,0.3490613
406.0768,Plane,0.3389899
406.0881,Plane,0.3281886
406.099,Plane,0.3164262
406.1101,Plane,0.3044648
406.1213,Plane,0.2874546
406.1322,Plane,0.2639466
406.1433,Plane,0.250098
406.1545,Plane,0.2299567
406.1657,Plane,0.2161697
406.1769,Plane,0.2048318
406.1883,Plane,0.1983863
406.1989,Plane,0.1926271
406.21,Plane,0.1891657
406.2216,Plane,0.1856772
406.2323,Plane,0.177863
406.2433,Plane,0.1768237
406.2545,Plane,0.1762246
406.2656,Plane,0.179567
406.2767,Plane,0.1777292
406.2879,Plane,0.183383
406.2989,Plane,0.1850149
406.31,Plane,0.1802415
406.3212,Plane,0.1823292
406.3323,Plane,0.1935087
406.3433,Plane,0.2008508
406.3544,Plane,0.2143722
406.3656,Plane,0.2213298
406.3766,Plane,0.2411749
406.3877,Plane,0.2540426
406.3989,Plane,0.2751876
406.4099,Plane,0.2893593
406.4211,Plane,0.2921076
406.4321,Plane,0.2945976
406.4432,Plane,0.294641
406.4543,Plane,0.2895692
406.4655,Plane,0.2793434
406.4775,Plane,0.2622801
406.4878,Plane,0.2449033
406.4988,Plane,0.2380836
406.51,Plane,0.2235975
406.5211,Plane,0.2075454
406.5326,Plane,0.1880089
406.5432,Plane,0.1646244
406.5544,Plane,0.1346472
406.5654,Plane,0.0937121
406.5765,Plane,0.0577496
406.5877,Plane,0.06031225
406.5988,Plane,0.09506719
406.6098,Plane,0.1146753
406.621,Plane,0.1306333
406.6321,Plane,0.1378189
406.6431,Plane,0.1443953
406.6544,Plane,0.1583794
406.6654,Plane,0.1626317
406.6765,Plane,0.1678848
406.6877,Plane,0.1694913
406.6987,Plane,0.1694922
406.7098,Plane,0.1651179
406.7211,Plane,0.163488
406.7321,Plane,0.1654932
406.7432,Plane,0.161776
406.7543,Plane,0.1644215
406.7654,Plane,0.1715506
406.7765,Plane,0.1732696
406.7876,Plane,0.1577656
406.7988,Plane,0.1253274
406.8098,Plane,0.09524215
406.821,Plane,0.08111688
406.8321,Plane,0.1021568
406.8432,Plane,0.1357398
406.8542,Plane,0.1617397
406.8653,Plane,0.170171
406.8764,Plane,0.1778947
406.8877,Plane,0.168421
406.8987,Plane,0.1678294
406.9099,Plane,0.1551304
406.921,Plane,0.1355237
406.9319,Plane,0.1114887
406.9431,Plane,0.09641108
406.9542,Plane,0.08191568
406.9654,Plane,0.06984561
406.9766,Plane,0.06149633
406.9875,Plane,0.0570253
406.9986,Plane,0.05292591
407.0097,Plane,0.05803287
407.0208,Plane,0.06743106
407.0319,Plane,0.07451607
407.0431,Plane,0.08827009
407.0541,Plane,0.1059969
407.0652,Plane,0.1259778
407.0763,Plane,0.1550584
407.0874,Plane,0.1839262
407.0985,Plane,0.2131769
407.1097,Plane,0.2399039
407.1208,Plane,0.2698439
407.1319,Plane,0.2877969
407.1431,Plane,0.302721
407.1541,Plane,0.3121982
407.1652,Plane,0.315363
407.1763,Plane,0.3134882
407.1875,Plane,0.3150048
407.1984,Plane,0.3007417
407.2104,Plane,0.286642
407.2214,Plane,0.2773404
407.2322,Plane,0.2731144
407.2429,Plane,0.2802513
407.2541,Plane,0.2908731
407.265,Plane,0.3075642
407.2762,Plane,0.315565
407.2874,Plane,0.3082038
407.2984,Plane,0.2962569
407.3096,Plane,0.2680623
407.3207,Plane,0.245739
407.3317,Plane,0.2215853
407.3428,Plane,0.2081604
407.3539,Plane,0.1942333
407.3651,Plane,0.1773478
407.3761,Plane,0.1699822
407.3872,Plane,0.1583872
407.3983,Plane,0.1537435
407.4094,Plane,0.1700457
407.4206,Plane,0.187354
407.4316,Plane,0.1924016
407.4428,Plane,0.2079367
407.4541,Plane,0.2090079
407.4654,Plane,0.2103188
407.4763,Plane,0.2086217
407.4872,Plane,0.205913
407.4984,Plane,0.1991592
407.5094,Plane,0.1941281
407.5206,Plane,0.1901164
407.5317,Plane,0.1860711
407.5426,Plane,0.1808084
407.5539,Plane,0.1865015
407.5649,Plane,0.200869
407.576,Plane,0.2158733
407.5874,Plane,0.2267459
407.5982,Plane,0.2408312
407.6094,Plane,0.2446924
407.6205,Plane,0.2437439
407.6315,Plane,0.2361075
407.6428,Plane,0.2337206
407.6537,Plane,0.227361
407.6649,Plane,0.2222473
407.6761,Plane,0.2218152
407.6871,Plane,0.2162427
407.6982,Plane,0.2163242
407.7093,Plane,0.2134569
407.7205,Plane,0.2102161
407.7314,Plane,0.2090484
407.7425,Plane,0.2075509
407.7539,Plane,0.2023155
407.7651,Plane,0.1965945
407.7758,Plane,0.1899948
407.787,Plane,0.1815461
407.7981,Plane,0.1676745
407.8092,Plane,0.1563
407.8204,Plane,0.1416038
407.8315,Plane,0.123642
407.8426,Plane,0.1042042
407.8538,Plane,0.09349953
407.8648,Plane,0.08118279
407.8759,Plane,0.07323457
407.887,Plane,0.06026776
407.8981,Plane,0.05128315
407.9093,Plane,0.04126334
407.9204,Plane,0.04169212
407.9325,Plane,0.0475328
407.9426,Plane,0.05186795
407.9536,Plane,0.05587339
407.965,Plane,0.04908784
407.9759,Plane,0.04206653
407.987,Plane,0.03533825
407.9981,Plane,0.02897973
408.0092,Plane,0.04368522
408.0204,Plane,0.0762017
408.0314,Plane,0.114716
408.0425,Plane,0.1689623
408.054,Plane,0.2230387
408.0647,Plane,0.278342
408.0758,Nullreference,0.3535214
408.087,Nullreference,0.4179909
408.098,Nullreference,0.4796897
408.1091,Nullreference,0.5552436
408.1204,Nullreference,0.6153628
408.1314,Nullreference,0.6827472
408.1425,Nullreference,0.7400832
408.1536,Nullreference,0.7918573
408.1648,Nullreference,0.8393726
408.176,Nullreference,0.8788592
408.1871,Nullreference,0.9088039
408.1981,Nullreference,0.9288305
408.2092,Nullreference,0.9443194
408.2205,Collider_Roger_State_action,0.9467539
408.2314,Collider_Roger_State_action,0.9286596
408.2429,Collider_Roger_State_action,0.8927818
408.2536,Collider_Roger_State_action,0.8420707
408.2648,Collider_Roger_State_action,0.7992547
408.276,Collider_Roger_State_action,0.756261
408.2869,Collider_Roger_State_action,0.7311144
408.298,Collider_Roger_State_action,0.7125183
408.3092,Collider_Roger_State_action,0.6937945
408.3205,Collider_Roger_State_action,0.6744893
408.3315,Collider_Roger_State_action,0.6543012
408.3426,Collider_Roger_State_action,0.6262844
408.3537,Collider_Roger_State_action,0.5993496
408.3648,Collider_Roger_State_action,0.577566
408.3759,Collider_Roger_State_action,0.5567874
408.387,Collider_Roger_State_action,0.5431706
408.398,Collider_Roger_State_action,0.5257457
408.4092,Collider_Roger_State_action,0.5125459
408.4203,Collider_Roger_State_action,0.5009692
408.4316,Collider_Roger_State_action,0.4932272
408.4427,Collider_Roger_State_action,0.4753241
408.4537,Collider_Roger_State_action,0.4604917
408.4647,Collider_Roger_State_action,0.4354171
408.4759,Collider_Roger_State_action,0.4135752
408.4872,Collider_Roger_State_action,0.3985162
408.4981,Collider_Roger_State_action,0.3833327
408.5093,Collider_Roger_State_action,0.3735066
408.5205,Collider_Roger_State_action,0.3565512
408.5316,Collider_Roger_State_action,0.3346215
408.5425,Collider_Roger_State_action,0.312467
408.5537,Collider_Roger_State_action,0.2775258
408.5647,Collider_Roger_State_action,0.2557034
408.576,Collider_Roger_State_action,0.226213
408.587,Collider_Roger_State_action,0.201291
408.5982,Collider_Roger_State_action,0.1848641
408.6093,Collider_Roger_State_action,0.1648403
408.6205,Collider_Roger_State_action,0.1520033
408.6313,Collider_Roger_State_action,0.136409
408.6426,Collider_Roger_State_action,0.1136331
408.6536,Collider_Roger_State_action,0.1003392
408.6685,Collider_Roger_State_action,0.08614412
408.6764,Collider_Roger_State_action,0.07437493
408.6851,Collider_Roger_State_action,0.06837227
408.6961,Collider_Roger_State_action,0.06089163
408.7073,Collider_Roger_State_action,0.06332145
408.7184,Collider_Roger_State_action,0.06270886
408.7296,Collider_Roger_State_action,0.05873844
408.7406,Collider_Roger_State_action,0.05478268
408.7518,Collider_Roger_State_action,0.04018292
408.7629,Collider_Roger_State_action,0.03475661
408.7739,Collider_Roger_State_action,0.0250782
408.7853,Collider_Roger_State_action,0.02536298
408.7961,Collider_Roger_State_action,0.01845415
408.8071,Collider_Roger_State_action,0.01729711
408.8184,Collider_Roger_State_action,0.02119674
408.8294,Collider_Roger_State_action,0.03112804
408.8407,Collider_Roger_State_action,0.03644926
408.8517,Collider_Roger_State_action,0.03187752
408.8627,Collider_Roger_State_action,0.03017944
408.8738,Collider_Roger_State_action,0.0325527
408.885,Collider_Roger_State_action,0.03896694
408.8962,Collider_Roger_State_action,0.04574315
408.9072,Collider_Roger_State_action,0.05109203
408.9183,Collider_Roger_State_action,0.05806993
408.9294,Collider_Roger_State_action,0.0648878
408.9406,Collider_Roger_State_action,0.07002959
408.9517,Collider_Roger_State_action,0.08135515
408.9628,Collider_Roger_State_action,0.08656218
408.9739,Collider_Roger_State_action,0.09994492
408.9851,Collider_Roger_State_action,0.1113575
408.9963,Collider_Roger_State_action,0.1176509
409.0072,Collider_Roger_State_action,0.1253842
409.0183,Collider_Roger_State_action,0.1285632
409.0295,Collider_Roger_State_action,0.1377545
409.041,Collider_Roger_State_action,0.1346974
409.0521,Collider_Roger_State_action,0.1354592
409.0632,Collider_Roger_State_action,0.132587
409.0745,Collider_Roger_State_action,0.1294524
409.0858,Collider_Roger_State_action,0.124118
409.0969,Collider_Roger_State_action,0.1208219
409.1083,Collider_Roger_State_action,0.1183181
409.1195,Collider_Roger_State_action,0.1151683
409.1308,Collider_Roger_State_action,0.1139983
409.1421,Collider_Roger_State_action,0.1061392
409.1534,Collider_Roger_State_action,0.09410188
409.1645,Collider_Roger_State_action,0.07963148
409.1756,Collider_Roger_State_action,0.06907133
409.1866,Collider_Roger_State_action,0.04855292
409.1978,Collider_Roger_State_action,0.04389358
409.209,Collider_Roger_State_action,0.03307815
409.22,Collider_Roger_State_action,0.02297392
409.2311,Collider_Roger_State_action,0.02114446
409.2427,Collider_Roger_State_action,0.02363972
409.2533,Collider_Roger_State_action,0.02613184
409.2646,Collider_Roger_State_action,0.0307569
409.2757,Collider_Roger_State_action,0.04051693
409.2866,Collider_Roger_State_action,0.04858982
409.2976,Collider_Roger_State_action,0.05502471
409.3089,Collider_Roger_State_action,0.05951373
409.32,Collider_Roger_State_action,0.06955244
409.3312,Collider_Roger_State_action,0.07855823
409.3422,Collider_Roger_State_action,0.08453309
409.3536,Collider_Roger_State_action,0.09361433
409.3643,Collider_Roger_State_action,0.09870333
409.3804,Nullreference,0.1058935
409.3894,Nullreference,0.1155654
409.3965,Nullreference,0.1230909
409.4071,Nullreference,0.1276818
409.418,Nullreference,0.1350779
409.4292,Nullreference,0.1531174
409.4404,Nullreference,0.1587677
409.4514,Nullreference,0.1625234
409.4629,Nullreference,0.1688631
409.4737,Nullreference,0.173835
409.4849,Nullreference,0.1845512
409.4959,Nullreference,0.1926902
409.507,Nullreference,0.1960757
409.518,Nullreference,0.2015643
409.5291,Nullreference,0.2066988
409.5403,Nullreference,0.2112532
409.5512,Nullreference,0.2162699
409.5633,Nullreference,0.2274818
409.5736,Nullreference,0.2309839
409.5846,Nullreference,0.2452057
409.5957,Nullreference,0.2567311
409.6069,Nullreference,0.2681581
409.618,Nullreference,0.2811731
409.6292,Nullreference,0.2998756
409.6402,Nullreference,0.3097053
409.6513,Nullreference,0.3173723
409.6626,Nullreference,0.3189466
409.6736,Nullreference,0.3178973
409.6847,Nullreference,0.3177971
409.6958,Nullreference,0.3115536
409.7068,Nullreference,0.3056372
409.718,Nullreference,0.2879733
409.7292,Nullreference,0.2753047
409.7409,Nullreference,0.2552878
409.7517,Nullreference,0.2318717
409.7631,Nullreference,0.2112103
409.7743,Nullreference,0.1842283
409.7857,Nullreference,0.1524898
409.7968,Nullreference,0.1294736
409.8083,Nullreference,0.1034899
409.8193,Nullreference,0.09048877
409.8307,Nullreference,0.07481133
409.8418,Nullreference,0.06710941
409.8531,Nullreference,0.06200501
409.8643,Nullreference,0.05985258
409.8755,Nullreference,0.06607034
409.887,Nullreference,0.07160798
409.8982,Nullreference,0.08252962
409.9095,Nullreference,0.0900069
409.9208,Nullreference,0.09240974
409.9319,Nullreference,0.09789977
409.9429,Nullreference,0.09984847
409.954,Nullreference,0.1042529
409.9653,Nullreference,0.1055273
409.9763,Nullreference,0.1089531
409.9876,Nullreference,0.1023364
409.9984,Nullreference,0.09417556
410.0095,Nullreference,0.09456608
410.0208,Nullreference,0.09467291
410.0319,Nullreference,0.09032065
410.043,Nullreference,0.08422393
410.0542,Nullreference,0.08276699
410.0652,Nullreference,0.07950389
410.0763,Nullreference,0.07654914
410.0874,Nullreference,0.0857911
410.0986,Nullreference,0.08611279
410.1096,Nullreference,0.09566261
410.1207,Nullreference,0.09854666
410.1318,Nullreference,0.1126283
410.1427,Nullreference,0.1293836
410.1546,Nullreference,0.1448274
410.165,Nullreference,0.1599463
410.1762,Nullreference,0.1694517
410.1872,Nullreference,0.1628252
410.1983,Nullreference,0.1581109
410.2098,Nullreference,0.1559853
410.2206,Nullreference,0.1525369
410.2319,Nullreference,0.1426539
410.243,Nullreference,0.142495
410.2541,Nullreference,0.1458207
410.265,Nullreference,0.1349375
410.2765,Nullreference,0.1296728
410.2872,Nullreference,0.1250927
410.2983,Nullreference,0.1270466
410.3095,Nullreference,0.1172481
410.3212,Nullreference,0.1067892
410.3316,Nullreference,0.09990606
410.3427,Nullreference,0.08985032
410.354,Nullreference,0.08018874
410.3651,Nullreference,0.06443753
410.3761,Nullreference,0.05263933
410.3871,Nullreference,0.042657
410.3985,Nullreference,0.04754177
410.4093,Nullreference,0.05595553
410.4207,Nullreference,0.06541389
410.4315,Nullreference,0.07115532
410.4426,Nullreference,0.08461609
410.4539,Nullreference,0.1060042
410.4649,Nullreference,0.1224763
410.4762,Nullreference,0.1367275
410.4872,Nullreference,0.140888
410.4984,Nullreference,0.1365871
410.5094,Nullreference,0.1251898
410.5204,Nullreference,0.1057464
410.5316,Nullreference,0.08488185
410.5426,Nullreference,0.07220713
410.5538,Nullreference,0.0568228
410.5647,Nullreference,0.06236182
410.5759,Nullreference,0.07143083
410.587,Nullreference,0.08417932
410.598,Nullreference,0.09318037
410.6093,Nullreference,0.09120861
410.6205,Nullreference,0.0874778
410.6315,Nullreference,0.090097
410.6425,Nullreference,0.09062697
410.6538,Nullreference,0.08746088
410.6647,Nullreference,0.08458332
410.6769,Nullreference,0.07735759
410.687,Nullreference,0.07038581
410.7019,Nullreference,0.06386822
410.7106,Nullreference,0.06240395
410.7178,Nullreference,0.05919874
410.7293,Nullreference,0.06504247
410.7396,Nullreference,0.06319606
410.7507,Nullreference,0.06328218
410.7618,Nullreference,0.06635865
410.773,Nullreference,0.06131931
410.784,Nullreference,0.0642558
410.7951,Nullreference,0.06127536
410.8062,Nullreference,0.0569345
410.8173,Nullreference,0.0572257
410.8285,Nullreference,0.05891091
410.8395,Nullreference,0.05683981
410.8506,Nullreference,0.05598783
410.8619,Nullreference,0.06032098
410.8729,Nullreference,0.06463797
410.8839,Nullreference,0.06675777
410.895,Nullreference,0.07074478
410.9063,Nullreference,0.07413088
410.9163,Collider_Roger_State_action,0.07301882
410.9277,Collider_Roger_State_action,0.07780214
410.9386,Collider_Roger_State_action,0.07567009
410.9497,Collider_Roger_State_action,0.07618801
410.9607,Collider_Roger_State_action,0.0783363
410.9718,Collider_Roger_State_action,0.08394595
410.983,Collider_Roger_State_action,0.08066071
410.994,Collider_Roger_State_action,0.07946935
411.0052,Collider_Roger_State_action,0.08370015
411.0164,Collider_Roger_State_action,0.08502447
411.0273,Collider_Roger_State_action,0.09137418
411.0384,Collider_Roger_State_action,0.09288064
411.0499,Collider_Roger_State_action,0.08792964
411.0609,Collider_Roger_State_action,0.07676879
411.0721,Collider_Roger_State_action,0.07050326
411.0833,Collider_Roger_State_action,0.05635078
411.0948,Collider_Roger_State_action,0.05686893
411.106,Collider_Roger_State_action,0.0622717
411.1172,Collider_Roger_State_action,0.07546285
411.1285,Collider_Roger_State_action,0.07201456
411.14,Collider_Roger_State_action,0.06219384
411.151,Collider_Roger_State_action,0.05793571
411.1625,Collider_Roger_State_action,0.05291859
411.1737,Collider_Roger_State_action,0.06161365
411.1848,Collider_Roger_State_action,0.06553894
411.1962,Collider_Roger_State_action,0.07038639
411.2076,Collider_Roger_State_action,0.07633714
411.2188,Collider_Roger_State_action,0.08298744
411.2299,Collider_Roger_State_action,0.08533205
411.2412,Collider_Roger_State_action,0.08855216
411.2523,Collider_Roger_State_action,0.08480988
411.2634,Collider_Roger_State_action,0.08450077
411.2745,Collider_Roger_State_action,0.07515113
411.2857,Collider_Roger_State_action,0.06924748
411.2969,Collider_Roger_State_action,0.05897175
411.3079,Collider_Roger_State_action,0.0549162
411.319,Collider_Roger_State_action,0.04833143
411.3305,Collider_Roger_State_action,0.04309907
411.3411,Collider_Roger_State_action,0.02643407
411.3522,Collider_Roger_State_action,0.02748759
411.3633,Collider_Roger_State_action,0.03714648
411.3745,Collider_Roger_State_action,0.05185787
411.3856,Collider_Roger_State_action,0.06371172
411.3966,Collider_Roger_State_action,0.0839254
411.4078,Collider_Roger_State_action,0.09515986
411.419,Collider_Roger_State_action,0.1138682
411.4303,Collider_Roger_State_action,0.1336482
411.4411,Collider_Roger_State_action,0.1510281
411.4522,Collider_Roger_State_action,0.1669455
411.4633,Collider_Roger_State_action,0.181425
411.4744,Collider_Roger_State_action,0.1916605
411.4856,Collider_Roger_State_action,0.200939
411.4966,Collider_Roger_State_action,0.2028172
411.5078,Collider_Roger_State_action,0.2010676
411.5189,Collider_Roger_State_action,0.1998649
411.53,Collider_Roger_State_action,0.202149
411.5411,Collider_Roger_State_action,0.1870886
411.5522,Collider_Roger_State_action,0.1801786
411.5634,Collider_Roger_State_action,0.1771678
411.5744,Collider_Roger_State_action,0.1571634
411.5854,Collider_Roger_State_action,0.1465353
411.5966,Collider_Roger_State_action,0.1275163
411.6076,Collider_Roger_State_action,0.1171819
411.6197,Collider_Roger_State_action,0.1026351
411.6298,Collider_Roger_State_action,0.08741158
411.6411,Collider_Roger_State_action,0.07498381
411.6521,Collider_Roger_State_action,0.07051805
411.6631,Collider_Roger_State_action,0.05705248
411.6744,Collider_Roger_State_action,0.04957685
411.6854,Collider_Roger_State_action,0.04619903
411.6966,Collider_Roger_State_action,0.04111568
411.7075,Collider_Roger_State_action,0.04310221
411.7188,Collider_Roger_State_action,0.03977653
411.7299,Collider_Roger_State_action,0.04646679
411.741,Collider_Roger_State_action,0.05209443
411.752,Collider_Roger_State_action,0.05570529
411.7632,Collider_Roger_State_action,0.05869778
411.7743,Collider_Roger_State_action,0.05471093
411.7853,Collider_Roger_State_action,0.04624586
411.7964,Collider_Roger_State_action,0.03325289
411.8076,Collider_Roger_State_action,0.02333819
411.819,Collider_Roger_State_action,0.02749031
411.8299,Collider_Roger_State_action,0.03051259
411.8409,Collider_Roger_State_action,0.02854
411.852,Collider_Roger_State_action,0.02764555
411.8631,Collider_Roger_State_action,0.02318834
411.8742,Collider_Roger_State_action,0.03010588
411.8854,Collider_Roger_State_action,0.03401419
411.8966,Collider_Roger_State_action,0.04134422
411.9075,Collider_Roger_State_action,0.04828393
411.9187,Collider_Roger_State_action,0.05306241
411.9301,Collider_Roger_State_action,0.05808206
411.9417,Collider_Roger_State_action,0.0714037
411.9521,Collider_Roger_State_action,0.07334161
411.963,Collider_Roger_State_action,0.08177684
411.9744,Collider_Roger_State_action,0.08407091
411.9852,Collider_Roger_State_action,0.08432844
411.9964,Collider_Roger_State_action,0.08695985
412.0076,Collider_Roger_State_action,0.08526581
412.0186,Collider_Roger_State_action,0.08599145
412.0298,Collider_Roger_State_action,0.08041131
412.0408,Collider_Roger_State_action,0.07287327
412.0518,Collider_Roger_State_action,0.07327933
412.0631,Collider_Roger_State_action,0.07077419
412.0742,Collider_Roger_State_action,0.06357154
412.0852,Collider_Roger_State_action,0.06334642
412.0963,Collider_Roger_State_action,0.06061295
412.1075,Collider_Roger_State_action,0.06562011
412.1186,Collider_Roger_State_action,0.06708136
412.1297,Collider_Roger_State_action,0.07525227
412.1407,Collider_Roger_State_action,0.07659409
412.1518,Collider_Roger_State_action,0.08793099
412.1629,Collider_Roger_State_action,0.100454
412.1741,Collider_Roger_State_action,0.1132289
412.1852,Collider_Roger_State_action,0.1209663
412.1963,Collider_Roger_State_action,0.1346498
412.2074,Collider_Roger_State_action,0.146846
412.2184,Collider_Roger_State_action,0.1605732
412.2296,Collider_Roger_State_action,0.1667426
412.2407,Collider_Roger_State_action,0.1727065
412.2519,Collider_Roger_State_action,0.1707691
412.263,Collider_Roger_State_action,0.1749646
412.274,Collider_Roger_State_action,0.1750104
412.285,Collider_Roger_State_action,0.1758973
412.2961,Collider_Roger_State_action,0.1686635
412.3074,Collider_Roger_State_action,0.1623724
412.3184,Collider_Roger_State_action,0.153744
412.3295,Collider_Roger_State_action,0.1427706
412.3406,Collider_Roger_State_action,0.1324777
412.3517,Collider_Roger_State_action,0.123324
412.3628,Collider_Roger_State_action,0.1112188
412.3739,Collider_Roger_State_action,0.0996602
412.385,Collider_Roger_State_action,0.09114407
412.3962,Collider_Roger_State_action,0.08245645
412.4073,Collider_Roger_State_action,0.08196651
412.4183,Collider_Roger_State_action,0.07926393
412.4295,Collider_Roger_State_action,0.08187579
412.4406,Collider_Roger_State_action,0.08000594
412.4517,Collider_Roger_State_action,0.07637337
412.4628,Collider_Roger_State_action,0.07822349
412.4739,Collider_Roger_State_action,0.0776931
412.4851,Collider_Roger_State_action,0.07452694
412.4963,Collider_Roger_State_action,0.08022644
412.5072,Collider_Roger_State_action,0.07755403
412.5183,Collider_Roger_State_action,0.07691877
412.5294,Collider_Roger_State_action,0.08166968
412.5405,Collider_Roger_State_action,0.08430107
412.5516,Collider_Roger_State_action,0.08517891
412.5628,Collider_Roger_State_action,0.08293165
412.5739,Collider_Roger_State_action,0.06681889
412.5851,Collider_Roger_State_action,0.06201635
412.5966,Collider_Roger_State_action,0.06052411
412.6076,Collider_Roger_State_action,0.05886149
412.6183,Collider_Roger_State_action,0.05991451
412.6294,Collider_Roger_State_action,0.05226104
412.6405,Collider_Roger_State_action,0.04713318
412.6516,Collider_Roger_State_action,0.03999345
412.6627,Collider_Roger_State_action,0.03596732
412.6738,Collider_Roger_State_action,0.02432034
412.685,Collider_Roger_State_action,0.01430749
412.6962,Collider_Roger_State_action,0.01738002
412.7072,Collider_Roger_State_action,0.02725186
412.7182,Collider_Roger_State_action,0.04033961
412.7294,Collider_Roger_State_action,0.04734131
412.7404,Collider_Roger_State_action,0.04885579
412.7516,Collider_Roger_State_action,0.0507118
412.7627,Collider_Roger_State_action,0.05290261
412.7738,Collider_Roger_State_action,0.05485236
412.7852,Collider_Roger_State_action,0.05743373
412.796,Collider_Roger_State_action,0.06164624
412.8072,Collider_Roger_State_action,0.06830458
412.8184,Collider_Roger_State_action,0.07265168
412.8293,Collider_Roger_State_action,0.08217171
412.8404,Collider_Roger_State_action,0.08906408
412.8516,Collider_Roger_State_action,0.09833571
412.8626,Collider_Roger_State_action,0.09928939
412.8737,Collider_Roger_State_action,0.1046186
412.8849,Collider_Roger_State_action,0.1069282
412.8961,Collider_Roger_State_action,0.1143827
412.9071,Collider_Roger_State_action,0.120695
412.9183,Collider_Roger_State_action,0.1272851
412.9294,Collider_Roger_State_action,0.133956
412.9405,Collider_Roger_State_action,0.1395867
412.9516,Collider_Roger_State_action,0.139719
412.9626,Collider_Roger_State_action,0.1389696
412.9737,Collider_Roger_State_action,0.1329788
412.9849,Collider_Roger_State_action,0.1246031
412.9962,Collider_Roger_State_action,0.1200459
413.0071,Collider_Roger_State_action,0.1176876
413.0182,Collider_Roger_State_action,0.1206258
413.0293,Collider_Roger_State_action,0.132369
413.0404,Collider_Roger_State_action,0.1460043
413.0514,Collider_Roger_State_action,0.170907
413.0625,Collider_Roger_State_action,0.2048797
413.0736,Collider_Roger_State_action,0.2257236
413.0848,Collider_Roger_State_action,0.2455218
413.096,Collider_Roger_State_action,0.2568755
413.1073,Collider_Roger_State_action,0.2551667
413.1181,Collider_Roger_State_action,0.2523181
413.1292,Collider_Roger_State_action,0.2346226
413.1404,Collider_Roger_State_action,0.2218376
413.1513,Collider_Roger_State_action,0.2206588
413.1625,Collider_Roger_State_action,0.2154751
413.1737,Collider_Roger_State_action,0.2278116
413.1848,Collider_Roger_State_action,0.2456126
413.1959,Collider_Roger_State_action,0.26757
413.2071,Collider_Roger_State_action,0.2868558
413.2181,Collider_Roger_State_action,0.2996101
413.2291,Collider_Roger_State_action,0.3163529
413.2402,Collider_Roger_State_action,0.3267246
413.2513,Collider_Roger_State_action,0.3353195
413.2626,Collider_Roger_State_action,0.3360401
413.2735,Collider_Roger_State_action,0.328621
413.2847,Collider_Roger_State_action,0.3127323
413.2957,Collider_Roger_State_action,0.3020575
413.3068,Collider_Roger_State_action,0.2849715
413.318,Collider_Roger_State_action,0.2802906
413.3291,Collider_Roger_State_action,0.275883
413.3402,Collider_Roger_State_action,0.2714901
413.3514,Collider_Roger_State_action,0.2773024
413.3624,Collider_Roger_State_action,0.2817735
413.3736,Collider_Roger_State_action,0.2885938
413.385,Collider_Roger_State_action,0.2846833
413.3958,Collider_Roger_State_action,0.2810237
413.4069,Collider_Roger_State_action,0.2639756
413.4182,Collider_Roger_State_action,0.2506308
413.4291,Collider_Roger_State_action,0.2267051
413.4402,Collider_Roger_State_action,0.2106769
413.4515,Collider_Roger_State_action,0.194618
413.4626,Collider_Roger_State_action,0.178158
413.4735,Collider_Roger_State_action,0.1554057
413.4847,Collider_Roger_State_action,0.1291713
413.4958,Collider_Roger_State_action,0.1118914
413.507,Collider_Roger_State_action,0.09799714
413.5179,Collider_Roger_State_action,0.09149245
413.529,Collider_Roger_State_action,0.1037218
413.5402,Collider_Roger_State_action,0.1239463
413.5512,Collider_Roger_State_action,0.1341578
413.5625,Collider_Roger_State_action,0.1633738
413.5739,Collider_Roger_State_action,0.1673365
413.5847,Collider_Roger_State_action,0.1669779
413.5956,Collider_Roger_State_action,0.1458865
413.6067,Collider_Roger_State_action,0.1120733
413.6178,Collider_Roger_State_action,0.07633813
413.629,Collider_Roger_State_action,0.05982258
413.64,Collider_Roger_State_action,0.06873073
413.6512,Collider_Roger_State_action,0.09807799
413.6625,Collider_Roger_State_action,0.1247221
413.6734,Collider_Roger_State_action,0.1465387
413.6844,Collider_Roger_State_action,0.1696027
413.6955,Collider_Roger_State_action,0.1657769
413.7067,Collider_Roger_State_action,0.1644975
413.7178,Collider_Roger_State_action,0.1442961
413.7289,Collider_Roger_State_action,0.1242653
413.7401,Collider_Roger_State_action,0.1155374
413.7511,Collider_Roger_State_action,0.1032885
413.7622,Collider_Roger_State_action,0.07554664
413.7733,Collider_Roger_State_action,0.05493632
413.7847,Collider_Roger_State_action,0.04819336
413.7956,Collider_Roger_State_action,0.07379602
413.8066,Collider_Roger_State_action,0.09451482
413.8178,Collider_Roger_State_action,0.1052734
413.8289,Collider_Roger_State_action,0.107743
413.8399,Collider_Roger_State_action,0.116356
413.8513,Collider_Roger_State_action,0.1181719
413.8623,Collider_Roger_State_action,0.1221383
413.8733,Collider_Roger_State_action,0.1159977
413.8844,Collider_Roger_State_action,0.1048688
413.8956,Collider_Roger_State_action,0.09798062
413.9066,Collider_Roger_State_action,0.09566662
413.9178,Collider_Roger_State_action,0.0961198
413.9289,Collider_Roger_State_action,0.09740064
413.9399,Collider_Roger_State_action,0.09284571
413.9511,Collider_Roger_State_action,0.08153638
413.9621,Collider_Roger_State_action,0.06948186
413.9734,Collider_Roger_State_action,0.05462323
413.9844,Collider_Roger_State_action,0.04727039
413.9954,Collider_Roger_State_action,0.04717783
414.0067,Collider_Roger_State_action,0.04910651
414.0177,Collider_Roger_State_action,0.05642693
414.0288,Collider_Roger_State_action,0.05763385
414.04,Collider_Roger_State_action,0.06007084
414.0511,Collider_Roger_State_action,0.0676088
414.0623,Collider_Roger_State_action,0.06736849
414.0732,Collider_Roger_State_action,0.07104111
414.0846,Collider_Roger_State_action,0.0731909
414.0954,Collider_Roger_State_action,0.0708264
414.1065,Collider_Roger_State_action,0.08288591
414.1176,Collider_Roger_State_action,0.09079351
414.1288,Collider_Roger_State_action,0.1125906
414.1397,Collider_Roger_State_action,0.1237808
414.1509,Collider_Roger_State_action,0.1397142
414.162,Collider_Roger_State_action,0.1431448
414.1731,Collider_Roger_State_action,0.1405162
414.1842,Collider_Roger_State_action,0.1223661
414.1953,Collider_Roger_State_action,0.08881696
414.2064,Collider_Roger_State_action,0.05587855
414.2177,Collider_Roger_State_action,0.04366478
414.2286,Collider_Roger_State_action,0.07368444
414.2397,Collider_Roger_State_action,0.1202291
414.2508,Collider_Roger_State_action,0.1513048
414.2621,Collider_Roger_State_action,0.1845341
414.2731,Collider_Roger_State_action,0.2123569
414.2845,Collider_Roger_State_action,0.2421715
414.2953,Collider_Roger_State_action,0.2599708
414.3065,Collider_Roger_State_action,0.2688456
414.3175,Collider_Roger_State_action,0.2533401
414.3286,Collider_Roger_State_action,0.2365148
414.3398,Collider_Roger_State_action,0.2106106
414.351,Collider_Roger_State_action,0.1746891
414.3618,Collider_Roger_State_action,0.1468795
414.373,Collider_Roger_State_action,0.1061807
414.3842,Collider_Roger_State_action,0.06654065
414.3953,Collider_Roger_State_action,0.03688443
414.4063,Collider_Roger_State_action,0.02522129
414.4174,Collider_Roger_State_action,0.05846287
414.4286,Collider_Roger_State_action,0.08967213
414.4397,Collider_Roger_State_action,0.111812
414.4507,Collider_Roger_State_action,0.1284944
414.4618,Collider_Roger_State_action,0.143429
414.4729,Collider_Roger_State_action,0.1587379
414.4842,Collider_Roger_State_action,0.1631065
414.4953,Collider_Roger_State_action,0.1550253
414.5063,Collider_Roger_State_action,0.1378902
414.5173,Collider_Roger_State_action,0.1181274
414.5284,Collider_Roger_State_action,0.08268101
414.5396,Collider_Roger_State_action,0.06755309
414.5507,Collider_Roger_State_action,0.06495193
414.5619,Collider_Roger_State_action,0.09387903
414.573,Collider_Roger_State_action,0.1165431
414.5841,Collider_Roger_State_action,0.1434153
414.5953,Collider_Roger_State_action,0.1509022
414.6063,Collider_Roger_State_action,0.1710581
414.6173,Collider_Roger_State_action,0.1769871
414.6285,Collider_Roger_State_action,0.1822621
414.6395,Collider_Roger_State_action,0.1836436
414.6507,Collider_Roger_State_action,0.1829178
414.662,Collider_Roger_State_action,0.168366
414.6731,Collider_Roger_State_action,0.1461861
414.6839,Collider_Roger_State_action,0.1338284
414.6951,Collider_Roger_State_action,0.1325469
414.7062,Collider_Roger_State_action,0.1493047
414.7173,Collider_Roger_State_action,0.1767882
414.7284,Collider_Roger_State_action,0.21096
414.7395,Collider_Roger_State_action,0.2279322
414.7507,Collider_Roger_State_action,0.23605
414.7617,Collider_Roger_State_action,0.2323739
414.7729,Nullreference,0.2147053
414.7842,Nullreference,0.2019158
414.795,Nullreference,0.1861255
414.8061,Nullreference,0.1776348
414.8173,Nullreference,0.1647557
414.8284,Nullreference,0.1512435
414.8395,Nullreference,0.1463327
414.8506,Nullreference,0.155953
414.8617,Nullreference,0.1521789
414.8728,Nullreference,0.1428992
414.8839,Nullreference,0.1091531
414.8955,Nullreference,0.07199057
414.9062,Nullreference,0.04900078
414.9172,Nullreference,0.04136463
414.9283,Nullreference,0.04717659
414.9396,Nullreference,0.06307168
414.9506,Nullreference,0.07293287
414.9617,Nullreference,0.08667055
414.9727,Nullreference,0.08703602
414.9838,Nullreference,0.08845397
414.995,Nullreference,0.08817472
415.0061,Nullreference,0.09123196
415.0172,Nullreference,0.1065769
415.0283,Collider_Roger_State_action,0.1314909
415.0395,Collider_Roger_State_action,0.1563601
415.0505,Collider_Roger_State_action,0.1666617
415.0617,Collider_Roger_State_action,0.1729603
415.0727,Collider_Roger_State_action,0.1672689
415.0839,Collider_Roger_State_action,0.1554735
415.0949,Collider_Roger_State_action,0.1517683
415.1061,Collider_Roger_State_action,0.1542732
415.1171,Collider_Roger_State_action,0.1507277
415.1282,Collider_Roger_State_action,0.1488245
415.1393,Collider_Roger_State_action,0.1566799
415.1505,Collider_Roger_State_action,0.1626126
415.1616,Collider_Roger_State_action,0.1730647
415.1726,Collider_Roger_State_action,0.1875351
415.1837,Collider_Roger_State_action,0.2064737
415.1948,Collider_Roger_State_action,0.2133364
415.2059,Collider_Roger_State_action,0.2013089
415.2171,Collider_Roger_State_action,0.1911418
415.2282,Collider_Roger_State_action,0.1774885
415.2393,Collider_Roger_State_action,0.1749953
415.2504,Collider_Roger_State_action,0.1741773
415.2615,Collider_Roger_State_action,0.1751321
415.2726,Collider_Roger_State_action,0.1706852
415.2841,Collider_Roger_State_action,0.1566526
415.2954,Collider_Roger_State_action,0.1475319
415.306,Collider_Roger_State_action,0.1352073
415.3171,Collider_Roger_State_action,0.1209635
415.3282,Collider_Roger_State_action,0.1156636
415.3394,Collider_Roger_State_action,0.1126596
415.3503,Collider_Roger_State_action,0.1119729
415.3615,Collider_Roger_State_action,0.1124107
415.3727,Collider_Roger_State_action,0.1255227
415.3839,Collider_Roger_State_action,0.1353371
415.3951,Collider_Roger_State_action,0.1444696
415.4059,Collider_Roger_State_action,0.1713943
415.4171,Collider_Roger_State_action,0.1852372
415.4281,Collider_Roger_State_action,0.2100221
415.4393,Collider_Roger_State_action,0.2515713
415.4505,Collider_Roger_State_action,0.3012624
415.4615,Collider_Roger_State_action,0.3362374
415.4726,Collider_Roger_State_action,0.3614998
415.4837,Collider_Roger_State_action,0.3980691
415.4951,Collider_Roger_State_action,0.4135163
415.506,Collider_Roger_State_action,0.4192786
415.5172,Collider_Roger_State_action,0.4281881
415.5282,Collider_Roger_State_action,0.4508385
415.5394,Collider_Roger_State_action,0.452001
415.5503,Collider_Roger_State_action,0.458369
415.5615,Collider_Roger_State_action,0.4749644
415.5727,Collider_Roger_State_action,0.4726362
415.584,Collider_Roger_State_action,0.4677217
415.5948,Collider_Roger_State_action,0.4626865
415.6058,Collider_Roger_State_action,0.4433524
415.617,Collider_Roger_State_action,0.4659976
415.6281,Collider_Roger_State_action,0.4988778
415.6392,Collider_Roger_State_action,0.5488145
415.6503,Collider_Roger_State_action,0.5826473
415.6615,Collider_Roger_State_action,0.6166591
415.6725,Collider_Roger_State_action,0.6534057
415.6836,Collider_Roger_State_action,0.6828107
415.6947,Collider_Roger_State_action,0.7100281
415.7058,Collider_Roger_State_action,0.7262745
415.7169,Collider_Roger_State_action,0.7592177
415.728,Collider_Roger_State_action,0.7725051
415.7393,Collider_Roger_State_action,0.7870721
415.7502,Collider_Roger_State_action,0.7811177
415.7613,Collider_Roger_State_action,0.768582
415.7724,Collider_Roger_State_action,0.7532587
415.7836,Collider_Roger_State_action,0.7448101
415.7948,Collider_Roger_State_action,0.7334965
415.8066,Collider_Roger_State_action,0.7296934
415.817,Collider_Roger_State_action,0.7327807
415.828,Collider_Roger_State_action,0.7361156
415.8392,Collider_Roger_State_action,0.7313657
415.8503,Collider_Roger_State_action,0.7242696
415.8614,Collider_Roger_State_action,0.7161588
415.8724,Collider_Roger_State_action,0.7191756
415.8837,Collider_Roger_State_action,0.724521
415.8947,Collider_Roger_State_action,0.7345297
415.9057,Collider_Roger_State_action,0.7498147
415.9169,Collider_Roger_State_action,0.7518356
415.9279,Collider_Roger_State_action,0.7531466
415.9391,Collider_Roger_State_action,0.7519198
415.9502,Collider_Roger_State_action,0.7565485
415.9614,Collider_Roger_State_action,0.7617338
415.9724,Collider_Roger_State_action,0.7703664
415.9837,Collider_Roger_State_action,0.7832033
415.9947,Collider_Roger_State_action,0.7883701
416.0059,Collider_Roger_State_action,0.7895067
416.0169,Collider_Roger_State_action,0.789935
416.028,Collider_Roger_State_action,0.7801499
416.039,Collider_Roger_State_action,0.7681343
416.0503,Collider_Roger_State_action,0.7456474
416.0612,Collider_Roger_State_action,0.716778
416.0724,Collider_Roger_State_action,0.6852483
416.0835,Collider_Roger_State_action,0.6429555
416.0946,Collider_Roger_State_action,0.6037802
416.1058,Collider_Roger_State_action,0.565477
416.1168,Collider_Roger_State_action,0.5287463
416.1281,Collider_Roger_State_action,0.498987
416.139,Collider_Roger_State_action,0.4747816
416.1503,Collider_Roger_State_action,0.4608614
416.1613,Collider_Roger_State_action,0.4580305
416.1724,Collider_Roger_State_action,0.4585238
416.1835,Collider_Roger_State_action,0.4628055
416.1947,Collider_Roger_State_action,0.4644423
416.2058,Collider_Roger_State_action,0.4492746
416.2169,Collider_Roger_State_action,0.4363953
416.228,Collider_Roger_State_action,0.4242425
416.2397,Collider_Roger_State_action,0.4022621
416.2505,Collider_Roger_State_action,0.3750373
416.2613,Collider_Roger_State_action,0.3301949
416.2724,Collider_Roger_State_action,0.2961241
416.2837,Collider_Roger_State_action,0.2537127
416.2947,Collider_Roger_State_action,0.212289
416.3058,Collider_Roger_State_action,0.1772658
416.3168,Collider_Roger_State_action,0.1327004
416.328,Collider_Roger_State_action,0.09244176
416.3392,Collider_Roger_State_action,0.04527076
416.3502,Collider_Roger_State_action,0.02501643
416.3614,Collider_Roger_State_action,0.05740243
416.3723,Collider_Roger_State_action,0.1032816
416.3835,Collider_Roger_State_action,0.1229525
416.3947,Collider_Roger_State_action,0.1465358
416.4057,Collider_Roger_State_action,0.1584087
416.4169,Collider_Roger_State_action,0.1722448
416.428,Collider_Roger_State_action,0.1903144
416.4391,Collider_Roger_State_action,0.1951964
416.4501,Collider_Roger_State_action,0.2022188
416.4612,Collider_Roger_State_action,0.2041064
416.4723,Collider_Roger_State_action,0.2046414
416.4834,Collider_Roger_State_action,0.1979358
416.4946,Collider_Roger_State_action,0.2017678
416.5056,Collider_Roger_State_action,0.2046317
416.5168,Collider_Roger_State_action,0.2080748
416.5278,Collider_Roger_State_action,0.2101835
416.5389,Collider_Roger_State_action,0.2064523
416.55,Collider_Roger_State_action,0.1964606
416.5612,Collider_Roger_State_action,0.1906713
416.5723,Collider_Roger_State_action,0.1875422
416.5836,Collider_Roger_State_action,0.1863042
416.5944,Collider_Roger_State_action,0.1900342
416.6055,Collider_Roger_State_action,0.1951733
416.6169,Collider_Roger_State_action,0.1961726
416.6278,Collider_Roger_State_action,0.1930126
416.6389,Collider_Roger_State_action,0.1904995
416.6501,Collider_Roger_State_action,0.1818343
416.6614,Collider_Roger_State_action,0.1711667
416.6723,Collider_Roger_State_action,0.1532214
416.6833,Collider_Roger_State_action,0.1368294
416.6944,Collider_Roger_State_action,0.1108458
416.7054,Collider_Roger_State_action,0.09175059
416.7166,Collider_Roger_State_action,0.0757848
416.728,Collider_Roger_State_action,0.09376726
416.7388,Collider_Roger_State_action,0.1427345
416.7499,Collider_Roger_State_action,0.2066399
416.7612,Collider_Roger_State_action,0.2600557
416.7722,Collider_Roger_State_action,0.338928
416.7833,Nullreference,0.4001048
416.7943,Nullreference,0.4933665
416.8054,Nullreference,0.5777368
416.8166,Nullreference,0.6552225
416.8276,Nullreference,0.7163717
416.8387,Nullreference,0.7769235
416.8498,Nullreference,0.8403392
416.8609,Nullreference,0.8916906
416.872,Nullreference,0.953199
416.8831,Nullreference,1.00262
416.8943,Nullreference,1.041687
416.9054,Nullreference,1.084178
416.9164,Nullreference,1.110076
416.9277,Nullreference,1.129632
416.9386,Nullreference,1.146665
416.9497,Nullreference,1.162661
416.9609,Nullreference,1.185123
416.9719,Nullreference,1.209754
416.9831,Nullreference,1.233584
416.9941,Nullreference,1.261211
417.0052,Nullreference,1.304675
417.0163,Nullreference,1.336467
417.0274,Nullreference,1.38119
417.0385,Nullreference,1.415676
417.0496,Nullreference,1.442154
417.0608,Nullreference,1.450481
417.0718,Nullreference,1.445758
417.083,Nullreference,1.433573
417.0941,Nullreference,1.409111
417.1051,Nullreference,1.373693
417.1163,Nullreference,1.335382
417.1274,Nullreference,1.280921
417.1385,Nullreference,1.234924
417.1497,Nullreference,1.173611
417.1608,Nullreference,1.108473
417.1719,Nullreference,1.047106
417.183,Nullreference,0.9712953
417.1941,Nullreference,0.9129485
417.2052,Nullreference,0.8419779
417.2164,Nullreference,0.7839261
417.2274,Nullreference,0.721085
417.2387,Nullreference,0.6686048
417.2497,Nullreference,0.6061393
417.2607,Nullreference,0.5443411
417.2719,Nullreference,0.4929636
417.283,Nullreference,0.4359688
417.2941,Nullreference,0.3906552
417.3054,Nullreference,0.3381426
417.3163,Nullreference,0.2875626
417.3275,Nullreference,0.2376928
417.3387,Nullreference,0.1812291
417.3497,Nullreference,0.1382283
417.3607,Nullreference,0.1039616
417.3718,Nullreference,0.108938
417.383,Nullreference,0.1395096
417.3942,Nullreference,0.1694874
417.4052,Nullreference,0.1899387
417.4164,Nullreference,0.2042828
417.4274,Nullreference,0.2145234
417.4385,Nullreference,0.2264737
417.4497,Nullreference,0.2357603
417.4606,Nullreference,0.2493258
417.4717,Nullreference,0.264378
417.4828,Nullreference,0.2828324
417.494,Nullreference,0.3114358
417.5052,Nullreference,0.3262331
417.5161,Nullreference,0.3543232
417.5272,Nullreference,0.36778
417.5382,Nullreference,0.3744381
417.5494,Nullreference,0.3760547
417.5605,Nullreference,0.3784765
417.5717,Nullreference,0.3865013
417.5828,Nullreference,0.3979414
417.5938,Nullreference,0.4077447
417.605,Nullreference,0.4275841
417.6161,Nullreference,0.4368491
417.6272,Nullreference,0.4465914
417.6388,Nullreference,0.4496875
417.6494,Nullreference,0.4427425
417.6605,Nullreference,0.4350887
417.6716,Nullreference,0.4283474
417.6828,Nullreference,0.4269752
417.6939,Nullreference,0.4169057
417.7049,Nullreference,0.4083895
417.716,Nullreference,0.387748
417.7271,Nullreference,0.3636848
417.7382,Plane,0.3435377
417.7493,Plane,0.3166477
417.7605,Plane,0.2990504
417.7715,Plane,0.2852394
417.7827,Plane,0.2736368
417.7939,Plane,0.272871
417.8048,Plane,0.2751212
417.8161,Plane,0.2759057
417.8272,Plane,0.2791417
417.8381,Plane,0.2840714
417.8494,Plane,0.2856833
417.8604,Plane,0.289443
417.8715,Plane,0.2906017
417.8826,Plane,0.2911263
417.8945,Plane,0.3015548
417.9047,Plane,0.3104618
417.9158,Plane,0.3064492
417.9269,Plane,0.3083171
417.9381,Plane,0.3001061
417.9493,Plane,0.2995022
417.9602,Plane,0.2980933
417.9714,Plane,0.29623
417.9825,Plane,0.28837
417.9937,Plane,0.2837962
418.0049,Plane,0.2741692
418.0164,Plane,0.2613313
418.0269,Plane,0.2368437
418.0382,Plane,0.201258
418.0492,Plane,0.1589794
418.0605,Plane,0.1192724
418.0714,Plane,0.08810341
418.0825,Plane,0.0630603
418.0945,Plane,0.05511816
418.1047,Plane,0.06744798
418.1158,Plane,0.08861831
418.127,Plane,0.1069847
418.1381,Plane,0.1346757
418.1493,Plane,0.1770867
418.1602,Plane,0.2121243
418.1714,Nullreference,0.2587003
418.1825,Nullreference,0.3140077
418.1937,Plane,0.3743758
418.2047,Nullreference,0.4283284
418.2159,Nullreference,0.5127115
418.2269,Nullreference,0.596923
418.238,Nullreference,0.6738154
418.2492,Nullreference,0.7714675
418.2604,Nullreference,0.8604077
418.2714,Nullreference,0.9629304
418.2824,Nullreference,1.052645
418.2936,Nullreference,1.14583
418.305,Nullreference,1.217374
418.3159,Nullreference,1.29882
418.3271,Nullreference,1.369999
418.3381,Nullreference,1.44147
418.3497,Nullreference,1.501771
418.3604,Nullreference,1.548608
418.3715,Nullreference,1.612965
418.3826,Nullreference,1.665944
418.3937,Nullreference,1.730287
418.405,Nullreference,1.78026
418.4162,Nullreference,1.834906
418.4271,Nullreference,1.876733
418.4382,Nullreference,1.918373
418.4496,Nullreference,1.946103
418.4606,Nullreference,1.964265
418.4717,Nullreference,1.969723
418.4828,Nullreference,1.972553
418.4939,Nullreference,1.961378
418.5049,Nullreference,1.945159
418.5162,Nullreference,1.919985
418.5272,Nullreference,1.899337
418.5383,Nullreference,1.878866
418.5497,Nullreference,1.857915
418.561,Nullreference,1.83255
418.5721,Nullreference,1.799077
418.5829,Nullreference,1.771205
418.5941,Nullreference,1.722114
418.6052,Nullreference,1.664449
418.6164,Nullreference,1.616392
418.6275,Nullreference,1.543633
418.6387,Nullreference,1.481607
418.6499,Nullreference,1.416955
418.6607,Nullreference,1.335225
418.672,Nullreference,1.273997
418.6831,Nullreference,1.214527
418.6941,Collider_Roger_State_action,1.172455
418.7052,Collider_Roger_State_action,1.125546
418.7163,Collider_Roger_State_action,1.082775
418.7274,Collider_Roger_State_action,1.042336
418.7385,Collider_Roger_State_action,0.9878864
418.7498,Collider_Roger_State_action,0.9349973
418.7608,Collider_Roger_State_action,0.876761
418.7719,Collider_Roger_State_action,0.827884
418.7829,Collider_Roger_State_action,0.7701735
418.7941,Collider_Roger_State_action,0.7162082
418.8052,Collider_Roger_State_action,0.6619364
418.8163,Collider_Roger_State_action,0.6123825
418.8274,Collider_Roger_State_action,0.5817555
418.8386,Collider_Roger_State_action,0.5529023
418.8497,Collider_Roger_State_action,0.530603
418.8607,Collider_Roger_State_action,0.5138126
418.8719,Collider_Roger_State_action,0.505282
418.883,Collider_Roger_State_action,0.4954369
418.894,Collider_Roger_State_action,0.5003852
418.9052,Collider_Roger_State_action,0.4997784
418.9171,Collider_Roger_State_action,0.4988195
418.9279,Collider_Roger_State_action,0.4913457
418.9385,Collider_Roger_State_action,0.4925062
418.95,Collider_Roger_State_action,0.4882886
418.9607,Collider_Roger_State_action,0.4780544
418.9719,Collider_Roger_State_action,0.4774529
418.9829,Collider_Roger_State_action,0.4704224
418.994,Collider_Roger_State_action,0.4633343
419.0053,Collider_Roger_State_action,0.4532568
419.0161,Collider_Roger_State_action,0.4565202
419.0273,Collider_Roger_State_action,0.4559413
419.0385,Collider_Roger_State_action,0.447394
419.0497,Collider_Roger_State_action,0.4385458
419.0606,Collider_Roger_State_action,0.4178804
419.0717,Collider_Roger_State_action,0.3897837
419.0829,Collider_Roger_State_action,0.3624613
419.0939,Collider_Roger_State_action,0.3279238
419.1051,Collider_Roger_State_action,0.3082102
419.1163,Collider_Roger_State_action,0.2954115
419.1274,Collider_Roger_State_action,0.2779202
419.1383,Collider_Roger_State_action,0.2652061
419.1495,Collider_Roger_State_action,0.2528436
419.1606,Collider_Roger_State_action,0.2434707
419.1718,Collider_Roger_State_action,0.2347473
419.1829,Collider_Roger_State_action,0.2275495
419.1939,Collider_Roger_State_action,0.2248889
419.2049,Collider_Roger_State_action,0.2202205
419.2163,Collider_Roger_State_action,0.2094194
419.2272,Collider_Roger_State_action,0.2036803
419.2383,Collider_Roger_State_action,0.1983666
419.2498,Collider_Roger_State_action,0.1976279
419.2604,Collider_Roger_State_action,0.1894273
419.2716,Collider_Roger_State_action,0.1810015
419.2829,Collider_Roger_State_action,0.1701622
419.2947,Collider_Roger_State_action,0.1563867
419.3051,Collider_Roger_State_action,0.1520023
419.3167,Collider_Roger_State_action,0.1552501
419.3273,Collider_Roger_State_action,0.1570766
419.3385,Collider_Roger_State_action,0.1506194
419.3495,Collider_Roger_State_action,0.1427532
419.3607,Collider_Roger_State_action,0.1345674
419.3719,Collider_Roger_State_action,0.1306873
419.383,Collider_Roger_State_action,0.1294747
419.3944,Collider_Roger_State_action,0.1289357
419.4053,Collider_Roger_State_action,0.1362594
419.4162,Collider_Roger_State_action,0.136221
419.4273,Collider_Roger_State_action,0.1391072
419.4385,Collider_Roger_State_action,0.1463823
419.4496,Collider_Roger_State_action,0.1493131
419.4608,Collider_Roger_State_action,0.1468804
419.4718,Collider_Roger_State_action,0.1457135
419.4829,Collider_Roger_State_action,0.1473703
419.494,Collider_Roger_State_action,0.1455115
419.5051,Collider_Roger_State_action,0.1449502
419.5163,Collider_Roger_State_action,0.1444136
419.5274,Collider_Roger_State_action,0.143166
419.5385,Collider_Roger_State_action,0.1419057
419.5495,Collider_Roger_State_action,0.1465009
419.5605,Collider_Roger_State_action,0.1508452
419.5719,Collider_Roger_State_action,0.1543071
419.5828,Collider_Roger_State_action,0.1559536
419.5941,Collider_Roger_State_action,0.1620008
419.6051,Collider_Roger_State_action,0.1645836
419.6162,Collider_Roger_State_action,0.156913
419.6273,Collider_Roger_State_action,0.151781
419.6386,Collider_Roger_State_action,0.138269
419.6496,Collider_Roger_State_action,0.1219205
419.6606,Collider_Roger_State_action,0.1115232
419.6718,Collider_Roger_State_action,0.1061339
419.6827,Collider_Roger_State_action,0.09892549
419.694,Collider_Roger_State_action,0.09459853
419.7061,Collider_Roger_State_action,0.1001666
419.7161,Collider_Roger_State_action,0.09713606
419.7274,Collider_Roger_State_action,0.0938444
419.7385,Collider_Roger_State_action,0.08879199
419.7493,Collider_Roger_State_action,0.08452804
419.7606,Collider_Roger_State_action,0.08802139
419.7717,Collider_Roger_State_action,0.09419652
419.7828,Collider_Roger_State_action,0.1071484
419.7939,Collider_Roger_State_action,0.110939
419.8051,Collider_Roger_State_action,0.1260749
419.8161,Collider_Roger_State_action,0.1340076
419.8271,Collider_Roger_State_action,0.1425426
419.8383,Collider_Roger_State_action,0.157694
419.8495,Collider_Roger_State_action,0.1675541
419.8606,Collider_Roger_State_action,0.1856872
419.8717,Collider_Roger_State_action,0.2010265
419.8837,Collider_Roger_State_action,0.2089844
419.8939,Collider_Roger_State_action,0.2250924
419.9049,Collider_Roger_State_action,0.2240241
419.9162,Collider_Roger_State_action,0.2316835
419.9276,Collider_Roger_State_action,0.2413807
419.9385,Collider_Roger_State_action,0.2502214
419.9494,Collider_Roger_State_action,0.2607078
419.9612,Collider_Roger_State_action,0.2707544
419.9715,Nullreference,0.2724033
419.9826,Nullreference,0.268443
419.9938,Nullreference,0.2588396
420.0049,Nullreference,0.2466527
420.0163,Nullreference,0.2259046
420.0271,Nullreference,0.2114728
420.0383,Nullreference,0.1926869
420.0493,Nullreference,0.1815311
420.0605,Nullreference,0.1693277
420.0714,Nullreference,0.1566589
420.0827,Nullreference,0.1464023
420.0938,Nullreference,0.1331067
420.1048,Nullreference,0.1165529
420.1159,Nullreference,0.1126364
420.1271,Nullreference,0.1166775
420.1388,Nullreference,0.1200549
420.1493,Nullreference,0.1281844
420.1604,Nullreference,0.1388177
420.1717,Nullreference,0.1400252
420.1826,Nullreference,0.1496633
420.1936,Nullreference,0.1559117
420.2048,Nullreference,0.1646507
420.2158,Nullreference,0.1735265
420.227,Nullreference,0.1936463
420.2379,Nullreference,0.2089287
420.2493,Nullreference,0.2424432
420.2603,Nullreference,0.2693159
420.2713,Nullreference,0.3119177
420.2825,Nullreference,0.339122
420.2936,Nullreference,0.3562546
420.3051,Nullreference,0.3569849
420.3158,Nullreference,0.34918
420.328,Nullreference,0.3331388
420.3387,Nullreference,0.3215481
420.3492,Nullreference,0.2982577
420.3602,Nullreference,0.2736887
420.3715,Nullreference,0.2523204
420.3824,Nullreference,0.2424502
420.3936,Nullreference,0.2280384
420.4046,Nullreference,0.2208011
420.4157,Nullreference,0.2145499
420.4269,Nullreference,0.2117192
420.438,Nullreference,0.2057329
420.4492,Nullreference,0.198056
420.4603,Nullreference,0.1887934
420.4712,Nullreference,0.1790637
420.4824,Nullreference,0.1605145
420.4936,Nullreference,0.1346642
420.5046,Nullreference,0.1039452
420.5157,Nullreference,0.07204299
420.5269,Nullreference,0.04008923
420.5387,Nullreference,0.03618287
420.549,Nullreference,0.0526718
420.5602,Nullreference,0.08177997
420.5712,Nullreference,0.101145
420.5827,Nullreference,0.1265399
420.5934,Nullreference,0.1421287
420.6047,Nullreference,0.1472466
420.6156,Nullreference,0.1485103
420.6269,Nullreference,0.1479387
420.6379,Nullreference,0.1348108
420.649,Nullreference,0.1236497
420.6602,Nullreference,0.1111331
420.6712,Nullreference,0.08817471
420.6825,Nullreference,0.06904206
420.6935,Nullreference,0.05929283
420.7046,Nullreference,0.04614669
420.7157,Nullreference,0.04138345
420.727,Nullreference,0.04128582
420.7379,Nullreference,0.03700753
420.7491,Nullreference,0.03723095
420.7601,Nullreference,0.0365207
420.7714,Nullreference,0.03580477
420.7823,Nullreference,0.0429375
420.7933,Nullreference,0.04660459
420.8044,Collider_Roger_State_action,0.03881992
420.8156,Collider_Roger_State_action,0.04507563
420.8267,Collider_Roger_State_action,0.04997014
420.8379,Collider_Roger_State_action,0.05544315
420.8491,Collider_Roger_State_action,0.06109331
420.8603,Collider_Roger_State_action,0.06677678
420.8713,Collider_Roger_State_action,0.08079476
420.8822,Collider_Roger_State_action,0.09609421
420.8935,Collider_Roger_State_action,0.1176424
420.9044,Collider_Roger_State_action,0.1348562
420.9161,Collider_Roger_State_action,0.1500015
420.9267,Collider_Roger_State_action,0.1734506
420.938,Collider_Roger_State_action,0.1781766
420.9489,Collider_Roger_State_action,0.1840257
420.96,Collider_Roger_State_action,0.1914812
420.971,Collider_Roger_State_action,0.1984602
420.9822,Collider_Roger_State_action,0.2039068
420.9932,Collider_Roger_State_action,0.215403
421.0046,Collider_Roger_State_action,0.2289961
421.0163,Collider_Roger_State_action,0.24282
421.0267,Collider_Roger_State_action,0.2421951
421.0379,Collider_Roger_State_action,0.2438022
421.0489,Collider_Roger_State_action,0.2385017
421.0602,Collider_Roger_State_action,0.2328224
421.071,Collider_Roger_State_action,0.2223753
421.0823,Collider_Roger_State_action,0.2115407
421.0934,Collider_Roger_State_action,0.1945299
421.1046,Collider_Roger_State_action,0.1800343
421.1155,Collider_Roger_State_action,0.1669118
421.1268,Collider_Roger_State_action,0.1537455
421.1385,Collider_Roger_State_action,0.144493
421.1489,Collider_Roger_State_action,0.1322751
421.16,Collider_Roger_State_action,0.1286193
421.171,Collider_Roger_State_action,0.1166755
421.1824,Collider_Roger_State_action,0.1087385
421.1931,Collider_Roger_State_action,0.09860004
421.2043,Collider_Roger_State_action,0.08702758
421.2161,Collider_Roger_State_action,0.0891364
421.2266,Collider_Roger_State_action,0.09697445
421.2377,Collider_Roger_State_action,0.1042605
421.2487,Collider_Roger_State_action,0.1143493
421.2601,Collider_Roger_State_action,0.1169581
421.2711,Collider_Roger_State_action,0.1216512
421.2823,Collider_Roger_State_action,0.120129
421.2933,Collider_Roger_State_action,0.1149453
421.3051,Collider_Roger_State_action,0.1121543
421.3154,Collider_Roger_State_action,0.109179
421.3265,Collider_Roger_State_action,0.1060164
421.3382,Collider_Roger_State_action,0.1049749
421.3487,Collider_Roger_State_action,0.1071418
421.3599,Collider_Roger_State_action,0.0947771
421.3709,Collider_Roger_State_action,0.08667535
421.3821,Collider_Roger_State_action,0.08096597
421.3931,Collider_Roger_State_action,0.08119128
421.4042,Collider_Roger_State_action,0.08486739
421.4155,Collider_Roger_State_action,0.089845
421.4265,Collider_Roger_State_action,0.09864067
421.4376,Collider_Roger_State_action,0.09982553
421.4487,Collider_Roger_State_action,0.1032627
421.4599,Collider_Roger_State_action,0.1102304
421.471,Collider_Roger_State_action,0.1181495
421.482,Collider_Roger_State_action,0.1199221
421.4933,Collider_Roger_State_action,0.1223152
421.5042,Collider_Roger_State_action,0.1193811
421.5158,Collider_Roger_State_action,0.1196143
421.5265,Collider_Roger_State_action,0.1143534
421.5377,Collider_Roger_State_action,0.1141215
421.549,Collider_Roger_State_action,0.1069633
421.5598,Collider_Roger_State_action,0.1036634
421.5712,Collider_Roger_State_action,0.1018386
421.5825,Collider_Roger_State_action,0.09690712
421.5932,Collider_Roger_State_action,0.09461896
421.6045,Collider_Roger_State_action,0.09028855
421.6154,Collider_Roger_State_action,0.08983766
421.6265,Collider_Roger_State_action,0.08682325
421.6376,Collider_Roger_State_action,0.08291297
421.6487,Collider_Roger_State_action,0.07888713
421.6605,Collider_Roger_State_action,0.0764299
421.6708,Collider_Roger_State_action,0.07040709
421.682,Collider_Roger_State_action,0.06838425
421.6938,Collider_Roger_State_action,0.06741017
421.7042,Collider_Roger_State_action,0.06923418
421.7153,Collider_Roger_State_action,0.07059286
421.7265,Collider_Roger_State_action,0.07010426
421.7378,Collider_Roger_State_action,0.07323492
421.7488,Collider_Roger_State_action,0.07285382
421.7598,Collider_Roger_State_action,0.06957453
421.7709,Collider_Roger_State_action,0.06091272
421.782,Collider_Roger_State_action,0.06048409
421.7931,Collider_Roger_State_action,0.06427076
421.8043,Collider_Roger_State_action,0.07543624
421.8153,Collider_Roger_State_action,0.08538052
421.8264,Collider_Roger_State_action,0.09363049
421.8376,Collider_Roger_State_action,0.1006269
421.8485,Collider_Roger_State_action,0.08829211
421.8597,Collider_Roger_State_action,0.07825208
421.8709,Collider_Roger_State_action,0.06338727
421.8819,Collider_Roger_State_action,0.04345616
421.8932,Collider_Roger_State_action,0.03491486
421.9044,Collider_Roger_State_action,0.03319599
421.9156,Collider_Roger_State_action,0.04311167
421.9265,Collider_Roger_State_action,0.06278553
421.9376,Collider_Roger_State_action,0.07659242
421.9487,Collider_Roger_State_action,0.09520806
421.9602,Collider_Roger_State_action,0.1024026
421.9708,Collider_Roger_State_action,0.111267
421.982,Collider_Roger_State_action,0.1136217
421.9924,Nullreference,0.1158803
422.0035,Nullreference,0.1154433
422.0146,Nullreference,0.1121733
422.0257,Nullreference,0.1079837
422.0368,Nullreference,0.1011442
422.0479,Nullreference,0.09605293
422.0596,Nullreference,0.08779567
422.0702,Nullreference,0.08663842
422.0813,Nullreference,0.07568119
422.0924,Nullreference,0.07026949
422.1036,Nullreference,0.06526595
422.1146,Nullreference,0.06786843
422.1257,Nullreference,0.06318314
422.1367,Nullreference,0.06921224
422.1479,Nullreference,0.06874423
422.159,Nullreference,0.06791264
422.1701,Nullreference,0.06320206
422.1813,Nullreference,0.06271327
422.1922,Nullreference,0.05707769
422.2033,Nullreference,0.0466641
422.2145,Nullreference,0.0416249
422.2256,Nullreference,0.02981742
422.2366,Nullreference,0.02125722
422.2478,Nullreference,0.02099276
422.259,Nullreference,0.02240033
422.2701,Nullreference,0.03240185
422.2811,Nullreference,0.03615364
422.2921,Nullreference,0.04819996
422.3035,Nullreference,0.05570617
422.3145,Nullreference,0.06451924
422.3256,Nullreference,0.06830087
422.3366,Nullreference,0.06720462
422.3477,Nullreference,0.0745742
422.3589,Nullreference,0.07366397
422.3701,Nullreference,0.07012831
422.381,Nullreference,0.06627084
422.3922,Nullreference,0.06698231
422.4033,Nullreference,0.06788742
422.4145,Nullreference,0.08196528
422.4255,Nullreference,0.09541006
422.4366,Nullreference,0.108377
422.4479,Nullreference,0.1242712
422.4593,Nullreference,0.1385896
422.47,Nullreference,0.1427408
422.4811,Nullreference,0.1548746
422.4922,Nullreference,0.1620585
422.5033,Nullreference,0.1662452
422.5144,Nullreference,0.1570384
422.5255,Nullreference,0.1508987
422.5365,Nullreference,0.1450627
422.5478,Nullreference,0.1360079
422.559,Nullreference,0.1244923
422.5699,Nullreference,0.1173121
422.581,Nullreference,0.1108208
422.5921,Nullreference,0.1148981
422.6032,Nullreference,0.1171277
422.6143,Nullreference,0.1265519
422.6253,Nullreference,0.1391369
422.6364,Nullreference,0.151867
422.6476,Nullreference,0.1673815
422.6588,Nullreference,0.1836243
422.6699,Nullreference,0.2107209
422.6811,Nullreference,0.2268525
422.6921,Nullreference,0.2501427
422.7032,Nullreference,0.2763952
422.7145,Nullreference,0.3005185
422.7257,Nullreference,0.3218262
422.7369,Nullreference,0.3425667
422.7476,Nullreference,0.3514107
422.7586,Nullreference,0.3672085
422.77,Nullreference,0.3780465
422.7809,Nullreference,0.3995091
422.7921,Nullreference,0.4201715
422.8031,Nullreference,0.4370553
422.8142,Nullreference,0.462432
422.8253,Nullreference,0.4855788
422.8368,Nullreference,0.5142479
422.8476,Nullreference,0.542865
422.8588,Nullreference,0.5817613
422.8698,Nullreference,0.6333432
422.881,Nullreference,0.6880219
422.892,Nullreference,0.738719
422.9031,Nullreference,0.7943845
422.9143,Nullreference,0.8388583
422.9254,Nullreference,0.8897592
422.9365,Nullreference,0.9298886
422.9478,Nullreference,0.960288
422.9587,Nullreference,0.9933838
422.97,Nullreference,1.013278
422.981,Nullreference,1.031942
422.992,Nullreference,1.032632
423.0031,Nullreference,1.019833
423.0142,Nullreference,0.9965885
423.0253,Nullreference,0.956964
423.0367,Nullreference,0.9194677
423.0477,Nullreference,0.8870189
423.0586,Nullreference,0.8531254
423.0697,Nullreference,0.8315641
423.0808,Nullreference,0.805784
423.092,Nullreference,0.7821669
423.1031,Nullreference,0.7543324
423.1143,Nullreference,0.7250216
423.1254,Nullreference,0.7019882
423.1367,Nullreference,0.6735868
423.1475,Nullreference,0.651575
423.1587,Nullreference,0.6311664
423.1698,Nullreference,0.6139362
423.1808,Nullreference,0.5888018
423.192,Nullreference,0.5690172
423.203,Nullreference,0.5441946
423.2141,Nullreference,0.5031765
423.2254,Nullreference,0.4727463
423.2366,Nullreference,0.4453434
423.2476,Nullreference,0.4287443
423.2586,Nullreference,0.4151725
423.2697,Nullreference,0.3994857
423.2808,Nullreference,0.3818251
423.2919,Nullreference,0.36414
423.303,Nullreference,0.350912
423.314,Nullreference,0.3391707
423.3255,Nullreference,0.3356007
423.3363,Nullreference,0.3225574
423.3475,Nullreference,0.3106983
423.3589,Nullreference,0.3048491
423.3697,Nullreference,0.2920878
423.3807,Nullreference,0.2817844
423.3919,Nullreference,0.2588491
423.4029,Nullreference,0.2481315
423.414,Nullreference,0.2337981
423.4251,Nullreference,0.2213717
423.4362,Nullreference,0.209323
423.4474,Nullreference,0.2031756
423.4586,Nullreference,0.1969493
423.4695,Nullreference,0.1858842
423.4807,Nullreference,0.1807003
423.4918,Nullreference,0.1648448
423.5029,Nullreference,0.1462923
423.514,Nullreference,0.1284682
423.5251,Nullreference,0.1077805
423.5363,Nullreference,0.08926729
423.5474,Nullreference,0.07379167
423.5585,Nullreference,0.06941286
423.5695,Nullreference,0.06827943
423.5806,Nullreference,0.0669274
423.5917,Nullreference,0.06484713
423.6029,Nullreference,0.06284489
423.6141,Nullreference,0.06811512
423.6253,Nullreference,0.06470966
423.636,Nullreference,0.06510686
423.6472,Nullreference,0.06877135
423.6582,Nullreference,0.06748544
423.6696,Nullreference,0.0643018
423.6805,Nullreference,0.05423264
423.692,Nullreference,0.03553293
423.7028,Nullreference,0.02178423
423.7138,Nullreference,0.03372972
423.725,Nullreference,0.06142977
423.7359,Nullreference,0.06926613
423.7471,Nullreference,0.07593057
423.7583,Nullreference,0.06902321
423.7694,Nullreference,0.06609945
423.7804,Nullreference,0.05741123
423.7915,Nullreference,0.05344693
423.8028,Nullreference,0.05074559
423.8138,Nullreference,0.04720584
423.8249,Nullreference,0.05764054
423.8363,Nullreference,0.0622878
423.8471,Nullreference,0.07746467
423.8583,Nullreference,0.08510632
423.8694,Nullreference,0.09614811
423.8803,Nullreference,0.1030206
423.8916,Nullreference,0.1183446
423.9026,Nullreference,0.1294713
423.9137,Nullreference,0.1367527
423.9248,Nullreference,0.1507397
423.9359,Nullreference,0.165844
423.947,Nullreference,0.1868647
423.9581,Nullreference,0.202921
423.9694,Nullreference,0.2254685
423.9805,Nullreference,0.245015
423.992,Nullreference,0.2605226
424.0026,Nullreference,0.2711837
424.0137,Nullreference,0.2752495
424.0247,Nullreference,0.29295
424.0419,Nullreference,0.3089278
424.0546,Nullreference,0.320705
424.0656,Nullreference,0.331798
424.0767,Nullreference,0.3488291
424.0881,Nullreference,0.3594059
424.0989,Nullreference,0.3780645
424.11,Nullreference,0.3875862
424.1214,Nullreference,0.395356
424.1324,Nullreference,0.4025215
424.1434,Nullreference,0.4141371
424.1546,Nullreference,0.4164305
424.166,Nullreference,0.4181428
424.1768,Nullreference,0.4156951
424.1879,Nullreference,0.4053882
424.199,Nullreference,0.398456
424.2101,Nullreference,0.3846421
424.2214,Nullreference,0.3802863
424.2324,Nullreference,0.3717383
424.2433,Nullreference,0.3643823
424.2545,Nullreference,0.3543507
424.2658,Nullreference,0.3510826
424.2766,Nullreference,0.3543807
424.2878,Nullreference,0.3550853
424.2989,Nullreference,0.3555553
424.3101,Nullreference,0.3484562
424.3211,Nullreference,0.33418
424.3323,Nullreference,0.3259037
424.3435,Nullreference,0.3036171
424.3545,Nullreference,0.2794119
424.3659,Nullreference,0.2536693
424.3767,Nullreference,0.2264285
424.388,Nullreference,0.2073812
424.3992,Nullreference,0.1727799
424.4104,Nullreference,0.1529077
424.4217,Nullreference,0.1394635
424.4329,Nullreference,0.1248709
424.4441,Nullreference,0.1142462
424.4555,Nullreference,0.105057
424.4669,Nullreference,0.09598822
424.4781,Nullreference,0.0850454
424.4893,Nullreference,0.07411981
424.5007,Nullreference,0.06730662
424.5119,Nullreference,0.07282738
424.5232,Nullreference,0.07593014
424.5345,Nullreference,0.08500774
424.5458,Nullreference,0.09121479
424.5573,Nullreference,0.1019865
424.5684,Nullreference,0.1185722
424.5796,Nullreference,0.12429
424.5909,Nullreference,0.1372423
424.6022,Nullreference,0.142141
424.6135,Nullreference,0.1428059
424.6246,Nullreference,0.1482079
424.6356,Nullreference,0.1594508
424.6467,Nullreference,0.1573614
424.6579,Nullreference,0.1646052
424.669,Nullreference,0.1662276
424.68,Nullreference,0.1667408
424.6912,Nullreference,0.16516
424.7024,Nullreference,0.1683842
424.7134,Nullreference,0.1659065
424.7248,Nullreference,0.1650199
424.7358,Nullreference,0.1626299
424.7467,Nullreference,0.1615557
424.7578,Nullreference,0.1559191
424.7689,Nullreference,0.1538888
424.7802,Nullreference,0.1548052
424.7914,Nullreference,0.157343
424.8023,Nullreference,0.1602902
424.8134,Nullreference,0.1625833
424.8249,Nullreference,0.1677574
424.8356,Nullreference,0.1775949
424.8467,Nullreference,0.1812019
424.8579,Nullreference,0.1860538
424.8689,Nullreference,0.1920577
424.88,Nullreference,0.1992083
424.8912,Nullreference,0.2035587
424.9029,Nullreference,0.2066464
424.9133,Nullreference,0.2161996
424.9245,Nullreference,0.2247052
424.9359,Nullreference,0.2365894
424.9468,Nullreference,0.2641556
424.9578,Nullreference,0.2773373
424.9689,Collider_Roger_State_action,0.293831
424.98,Collider_Roger_State_action,0.3063821
424.9911,Collider_Roger_State_action,0.3179299
425.0023,Collider_Roger_State_action,0.3295884
425.0133,Collider_Roger_State_action,0.3408045
425.0249,Collider_Roger_State_action,0.3600618
425.0358,Collider_Roger_State_action,0.3685066
425.0466,Collider_Roger_State_action,0.3824145
425.0578,Collider_Roger_State_action,0.3983184
425.0689,Collider_Roger_State_action,0.4052446
425.08,Collider_Roger_State_action,0.4175361
425.0911,Collider_Roger_State_action,0.4270761
425.1022,Collider_Roger_State_action,0.4358111
425.1133,Collider_Roger_State_action,0.446772
425.1244,Collider_Roger_State_action,0.4532041
425.1356,Collider_Roger_State_action,0.4610862
425.1466,Collider_Roger_State_action,0.453602
425.1577,Collider_Roger_State_action,0.445024
425.1689,Collider_Roger_State_action,0.4309711
425.1799,Collider_Roger_State_action,0.4153112
425.1911,Collider_Roger_State_action,0.3988433
425.2021,Collider_Roger_State_action,0.3793906
425.2133,Nullreference,0.3529226
425.2244,Nullreference,0.3250182
425.2356,Nullreference,0.2953103
425.2466,Nullreference,0.2669761
425.2577,Nullreference,0.240337
425.2689,Nullreference,0.207212
425.28,Nullreference,0.1924172
425.291,Nullreference,0.1839762
425.3021,Nullreference,0.1972391
425.3134,Nullreference,0.2119119
425.3245,Nullreference,0.227897
425.3355,Nullreference,0.2355873
425.3466,Nullreference,0.2508857
425.3579,Nullreference,0.26479
425.3689,Nullreference,0.286946
425.3799,Nullreference,0.3068671
425.3911,Nullreference,0.3271
425.4021,Nullreference,0.3517696
425.4134,Nullreference,0.3734216
425.4243,Nullreference,0.3946303
425.4354,Nullreference,0.4160091
425.4467,Nullreference,0.4376416
425.4576,Nullreference,0.4549733
425.4688,Nullreference,0.4770428
425.4799,Nullreference,0.4993751
425.491,Nullreference,0.5112358
425.502,Nullreference,0.5249968
425.5131,Nullreference,0.536112
425.5243,Nullreference,0.5419405
425.5353,Nullreference,0.5459101
425.5464,Nullreference,0.5423903
425.5575,Nullreference,0.5368855
425.5686,Nullreference,0.518892
425.5797,Nullreference,0.5021928
425.5909,Nullreference,0.4861777
425.6019,Nullreference,0.4727806
425.6129,Nullreference,0.4513364
425.6241,Nullreference,0.4387098
425.6352,Nullreference,0.4167148
425.6463,Nullreference,0.3920558
425.6575,Nullreference,0.3637454
425.6694,Nullreference,0.3388215
425.6796,Nullreference,0.3102936
425.6907,Nullreference,0.2865917
425.7018,Nullreference,0.2662878
425.7129,Nullreference,0.2454744
425.7242,Nullreference,0.2347401
425.735,Nullreference,0.2195648
425.7463,Nullreference,0.2145201
425.7573,Nullreference,0.2118335
425.7684,Nullreference,0.2169238
425.7795,Nullreference,0.2156045
425.7907,Nullreference,0.2284021
425.8017,Nullreference,0.2329054
425.8128,Nullreference,0.238658
425.8239,Nullreference,0.2444472
425.835,Nullreference,0.2575939
425.8461,Nullreference,0.2713306
425.8572,Nullreference,0.2845695
425.8684,Nullreference,0.3095868
425.8795,Nullreference,0.3237929
425.8907,Nullreference,0.3373367
425.9019,Nullreference,0.3506264
425.9129,Nullreference,0.3590768
425.924,Nullreference,0.3578783
425.935,Nullreference,0.3527377
425.9463,Nullreference,0.3457258
425.9573,Nullreference,0.338947
425.9683,Nullreference,0.3225642
425.9794,Nullreference,0.3032741
425.9907,Nullreference,0.2894325
426.0018,Nullreference,0.2682251
426.0129,Nullreference,0.2440982
426.024,Nullreference,0.2246048
426.035,Nullreference,0.2001916
426.0461,Nullreference,0.1711217
426.0572,Nullreference,0.1460083
426.0684,Nullreference,0.1155502
426.0793,Nullreference,0.08977718
426.0905,Nullreference,0.06281821
426.1017,Nullreference,0.05695312
426.1127,Nullreference,0.07228466
426.1238,Nullreference,0.109653
426.1353,Nullreference,0.1411678
426.1467,Nullreference,0.1737833
426.1574,Nullreference,0.2003112
426.1684,Nullreference,0.2192624
426.1794,Nullreference,0.2481608
426.1908,Nullreference,0.2665026
426.2016,Nullreference,0.2875327
426.2126,Nullreference,0.3026999
426.2238,Nullreference,0.3208914
426.2349,Nullreference,0.3341929
426.246,Nullreference,0.3395805
426.257,Nullreference,0.3499983
426.2686,Nullreference,0.345734
426.2792,Nullreference,0.340197
426.2904,Nullreference,0.3291928
426.302,Nullreference,0.3226891
426.3125,Nullreference,0.3124367
426.3237,Nullreference,0.3010801
426.3347,Nullreference,0.2937088
426.3459,Nullreference,0.2818025
426.357,Nullreference,0.2680743
426.3682,Nullreference,0.2569407
426.3792,Nullreference,0.2348794
426.3907,Nullreference,0.215678
426.4017,Nullreference,0.1920396
426.4125,Nullreference,0.1717939
426.4236,Nullreference,0.148198
426.4346,Nullreference,0.1200389
426.4457,Nullreference,0.09329971
426.4568,Nullreference,0.06771487
426.468,Nullreference,0.03623692
426.4792,Nullreference,0.01492185
426.4902,Nullreference,0.01927378
426.5012,Nullreference,0.04643159
426.5123,Nullreference,0.07700481
426.5235,Nullreference,0.1017779
426.5345,Nullreference,0.1313944
426.5456,Nullreference,0.150191
426.5568,Nullreference,0.1603958
426.568,Nullreference,0.1715867
426.5789,Nullreference,0.1839215
426.5902,Nullreference,0.1893693
426.6018,Nullreference,0.1911502
426.6123,Nullreference,0.193525
426.6236,Nullreference,0.1867128
426.6345,Nullreference,0.1753927
426.6456,Nullreference,0.163989
426.6567,Nullreference,0.1529854
426.668,Nullreference,0.1365817
426.6789,Nullreference,0.1214889
426.6904,Nullreference,0.1034654
426.7012,Nullreference,0.09394142
426.7124,Nullreference,0.08352243
426.7235,Nullreference,0.07940545
426.7345,Nullreference,0.08288863
426.7458,Nullreference,0.08661958
426.7567,Nullreference,0.0960989
426.7678,Nullreference,0.1052076
426.779,Nullreference,0.1109592
426.7901,Nullreference,0.1258861
426.8012,Nullreference,0.1310048
426.8131,Nullreference,0.1339671
426.8235,Nullreference,0.1351112
426.8347,Nullreference,0.132867
426.8456,Nullreference,0.1213827
426.8566,Nullreference,0.1134497
426.8679,Nullreference,0.1008999
426.879,Nullreference,0.08645564
426.89,Nullreference,0.07374482
426.9011,Nullreference,0.0644752
426.9122,Nullreference,0.06332717
426.9233,Nullreference,0.06310292
426.9344,Nullreference,0.06523122
426.9457,Nullreference,0.07278334
426.957,Nullreference,0.07964329
426.9677,Nullreference,0.08447836
426.979,Nullreference,0.08843978
426.9899,Nullreference,0.09327909
427.0011,Nullreference,0.09420208
427.0122,Nullreference,0.09168522
427.0233,Nullreference,0.09233891
427.0343,Nullreference,0.09378459
427.0454,Nullreference,0.0892352
427.0565,Nullreference,0.08693041
427.0677,Nullreference,0.08186588
427.0787,Nullreference,0.07838389
427.0898,Nullreference,0.0696218
427.1009,Nullreference,0.06648748
427.1121,Nullreference,0.06367078
427.1233,Nullreference,0.06463293
427.1344,Nullreference,0.0588975
427.1456,Nullreference,0.05713353
427.1565,Nullreference,0.05569176
427.1675,Nullreference,0.05633376
427.1787,Nullreference,0.05387263
427.19,Nullreference,0.05665879
427.201,Nullreference,0.05471761
427.2119,Nullreference,0.05302817
427.2234,Nullreference,0.04760194
427.2343,Nullreference,0.04856803
427.2454,Nullreference,0.05142189
427.2568,Nullreference,0.04310788
427.2676,Nullreference,0.03993355
427.2787,Nullreference,0.03879608
427.2899,Nullreference,0.03743274
427.301,Nullreference,0.02857979
427.3121,Nullreference,0.02540458
427.3231,Nullreference,0.02252814
427.3348,Nullreference,0.01810842
427.3453,Nullreference,0.01910384
427.3567,Nullreference,0.01923588
427.3675,Nullreference,0.02181632
427.3786,Nullreference,0.02757769
427.3901,Nullreference,0.04177633
427.401,Nullreference,0.04967855
427.4119,Nullreference,0.06893837
427.4232,Nullreference,0.08017623
427.4343,Nullreference,0.08446948
427.4453,Nullreference,0.08192153
427.4564,Nullreference,0.08400656
427.4676,Nullreference,0.08625548
427.4785,Nullreference,0.08500176
427.4898,Nullreference,0.08091106
427.5009,Nullreference,0.08067251
427.512,Nullreference,0.0838011
427.524,Nullreference,0.08324648
427.5343,Nullreference,0.07925349
427.5452,Nullreference,0.07610347
427.5565,Nullreference,0.07176664
427.5674,Nullreference,0.06724209
427.5785,Nullreference,0.0686272
427.5898,Nullreference,0.06926559
427.6008,Nullreference,0.06420042
427.6119,Nullreference,0.06465758
427.623,Nullreference,0.05874433
427.6341,Nullreference,0.05618985
427.6452,Nullreference,0.05233322
427.6564,Nullreference,0.05543116
427.6675,Nullreference,0.05307794
427.6785,Nullreference,0.04896652
427.6895,Nullreference,0.04980617
427.7007,Nullreference,0.0454835
427.7117,Nullreference,0.04689489
427.723,Nullreference,0.04635571
427.7341,Nullreference,0.04694759
427.7452,Nullreference,0.05532533
427.7562,Nullreference,0.06949806
427.7674,Nullreference,0.07689808
427.7784,Nullreference,0.08495814
427.7896,Nullreference,0.0855028
427.8006,Nullreference,0.08559815
427.8118,Nullreference,0.0813363
427.8229,Nullreference,0.07170168
427.8341,Nullreference,0.05971123
427.845,Nullreference,0.0508447
427.8562,Nullreference,0.04181574
427.8673,Nullreference,0.04165195
427.8784,Nullreference,0.03779833
427.8896,Nullreference,0.04469288
427.9008,Nullreference,0.0422583
427.9118,Nullreference,0.04049751
427.9229,Nullreference,0.03934177
427.9339,Nullreference,0.03328142
427.9451,Nullreference,0.03130582
427.9561,Nullreference,0.02403119
427.9673,Nullreference,0.02022171
427.9783,Nullreference,0.01159384
427.9896,Nullreference,0.005599312
428.0006,Nullreference,0.01216592
428.0117,Nullreference,0.0146963
428.0228,Nullreference,0.01536699
428.0339,Nullreference,0.01886773
428.045,Nullreference,0.01962194
428.0562,Nullreference,0.02287995
428.0676,Nullreference,0.02274807
428.0784,Nullreference,0.02240836
428.0895,Nullreference,0.02090644
428.1006,Nullreference,0.01970199
428.1119,Nullreference,0.02041502
428.1228,Nullreference,0.0223946
428.1339,Nullreference,0.02168379
428.1451,Nullreference,0.02648861
428.1561,Nullreference,0.02429923
428.1672,Nullreference,0.01753528
428.1783,Nullreference,0.01234632
428.1895,Nullreference,0.007863443
428.2005,Nullreference,0.01250248
428.2115,Nullreference,0.0241799
428.2229,Nullreference,0.02751667
428.2339,Nullreference,0.03189667
428.2449,Nullreference,0.03937998
428.256,Nullreference,0.04440437
428.2671,Nullreference,0.04707824
428.2783,Nullreference,0.04689392
428.2897,Nullreference,0.04339513
428.3006,Nullreference,0.04213426
428.3116,Nullreference,0.04300807
428.3227,Nullreference,0.04524626
428.3338,Nullreference,0.05079358
428.3448,Nullreference,0.05408376
428.3559,Nullreference,0.05589344
428.3671,Nullreference,0.05818393
428.3781,Nullreference,0.06010729
428.3893,Nullreference,0.05830297
428.4005,Nullreference,0.05274803
428.4115,Nullreference,0.04814363
428.4225,Nullreference,0.04921194
428.4339,Nullreference,0.0425098
428.4449,Nullreference,0.04181369
428.4559,Nullreference,0.04917885
428.4669,Nullreference,0.04669884
428.4784,Nullreference,0.05404267
428.4892,Nullreference,0.05966292
428.5004,Nullreference,0.06563129
428.5115,Nullreference,0.06119394
428.5226,Nullreference,0.06192268
428.5336,Nullreference,0.06038615
428.5447,Nullreference,0.06245346
428.5561,Nullreference,0.06284043
428.5671,Nullreference,0.06364807
428.5782,Nullreference,0.07167605
428.5894,Nullreference,0.07920032
428.6004,Nullreference,0.08334678
428.6116,Nullreference,0.08438244
428.6225,Nullreference,0.08171626
428.6336,Nullreference,0.07587814
428.6447,Nullreference,0.07523897
428.6559,Nullreference,0.07128928
428.667,Nullreference,0.06495824
428.6781,Nullreference,0.0564144
428.6892,Nullreference,0.04821729
428.7004,Nullreference,0.04330143
428.7115,Nullreference,0.0403432
428.7228,Nullreference,0.03638645
428.7336,Nullreference,0.03666351
428.745,Nullreference,0.03043532
428.756,Nullreference,0.0262492
428.7669,Nullreference,0.01484605
428.7783,Nullreference,0.01604675
428.7892,Nullreference,0.0203527
428.8003,Nullreference,0.02136816
428.8115,Nullreference,0.0220958
428.8225,Nullreference,0.02923327
428.8335,Nullreference,0.02843732
428.8447,Nullreference,0.02776679
428.8557,Nullreference,0.03100035
428.8669,Nullreference,0.03582195
428.878,Nullreference,0.03701147
428.8892,Nullreference,0.03795785
428.9003,Nullreference,0.04110689
428.9113,Nullreference,0.03726064
428.9225,Nullreference,0.0362635
428.9339,Nullreference,0.03368641
428.9447,Nullreference,0.03139227
428.9558,Nullreference,0.0262967
428.9669,Nullreference,0.02911621
428.9779,Nullreference,0.02828135
428.9892,Nullreference,0.03187658
429.0002,Nullreference,0.04017796
429.0114,Nullreference,0.03998576
429.0224,Nullreference,0.03603437
429.0336,Nullreference,0.03608973
429.0446,Nullreference,0.03168607
429.0559,Nullreference,0.02831514
429.067,Nullreference,0.02356528
429.078,Nullreference,0.02542435
429.089,Nullreference,0.02681962
429.1002,Nullreference,0.02312408
429.1114,Nullreference,0.02370765
429.1224,Nullreference,0.03007173
429.1334,Nullreference,0.03113924
429.1449,Nullreference,0.03018866
429.1559,Nullreference,0.0266278
429.1667,Nullreference,0.02545482
429.1778,Nullreference,0.02580251
429.1892,Nullreference,0.02504545
429.2001,Nullreference,0.02006456
429.2112,Nullreference,0.01869671
429.2223,Nullreference,0.01748489
429.2334,Nullreference,0.01592973
429.2444,Nullreference,0.01406623
429.2557,Nullreference,0.01758743
429.2668,Nullreference,0.02023593
429.2779,Nullreference,0.02916238
429.2891,Nullreference,0.03231527
429.3002,Nullreference,0.03818846
429.3114,Nullreference,0.04649665
429.3224,Nullreference,0.05393185
429.3333,Nullreference,0.05173753
429.3445,Nullreference,0.05100093
429.3557,Nullreference,0.05405623
429.3669,Nullreference,0.05462083
429.378,Nullreference,0.05541959
429.3891,Nullreference,0.06255872
429.4,Nullreference,0.06846612
429.4113,Nullreference,0.06979121
429.4224,Nullreference,0.07257915
429.4334,Nullreference,0.073105
429.4447,Nullreference,0.07237591
429.4558,Nullreference,0.06927364
429.4666,Nullreference,0.06821062
429.4779,Nullreference,0.06836285
429.489,Nullreference,0.07211493
429.5,Nullreference,0.0697536
429.5114,Nullreference,0.0749414
429.5224,Nullreference,0.0709948
429.5333,Nullreference,0.07540049
429.5445,Nullreference,0.06424929
429.5556,Nullreference,0.05939807
429.5666,Nullreference,0.05818736
429.5779,Nullreference,0.04976255
429.5889,Nullreference,0.04449531
429.5999,Nullreference,0.03781131
429.6113,Nullreference,0.03643934
429.6224,Nullreference,0.03855779
429.6333,Nullreference,0.03790854
429.6443,Nullreference,0.03578832
429.6557,Nullreference,0.03456296
429.6667,Nullreference,0.02173929
429.6783,Nullreference,0.01638716
429.689,Nullreference,0.01599919
429.7,Nullreference,0.0152899
429.7112,Nullreference,0.01442003
429.7223,Nullreference,0.01811309
429.7333,Nullreference,0.01541677
429.7447,Nullreference,0.01409768
429.7556,Nullreference,0.02022032
429.7667,Nullreference,0.02281199
429.7785,Nullreference,0.02548021
429.7888,Nullreference,0.02666488
429.8,Nullreference,0.03023805
429.811,Nullreference,0.02940783
429.8222,Nullreference,0.03159522
429.8332,Nullreference,0.04026868
429.8442,Nullreference,0.04205243
429.8555,Nullreference,0.05232915
429.8666,Nullreference,0.05644491
429.8779,Nullreference,0.05623095
429.889,Nullreference,0.05659725
429.8998,Nullreference,0.05609923
429.911,Nullreference,0.05370281
429.9221,Nullreference,0.05065317
429.9331,Nullreference,0.04988588
429.9442,Nullreference,0.04292521
429.9554,Nullreference,0.04094106
429.9667,Nullreference,0.03666938
429.9778,Nullreference,0.04118973
429.9892,Nullreference,0.0393471
429.9998,Nullreference,0.03641344
430.0109,Nullreference,0.03941359
430.0222,Nullreference,0.02697553
430.0331,Nullreference,0.01984875
430.0443,Nullreference,0.01757643
430.0555,Nullreference,0.01988257
430.0667,Nullreference,0.01481068
430.0777,Nullreference,0.01289502
430.0887,Nullreference,0.009957431
430.0998,Nullreference,0.01559568
430.1108,Nullreference,0.01765437
430.1223,Nullreference,0.01736245
430.1332,Nullreference,0.0217136
430.1444,Nullreference,0.02804665
430.1554,Nullreference,0.03303866
430.1664,Nullreference,0.04109494
430.1776,Nullreference,0.0456594
430.1888,Nullreference,0.04854416
430.1997,Nullreference,0.03809555
430.2109,Nullreference,0.0462439
430.2221,Nullreference,0.04623599
430.2334,Nullreference,0.03956619
430.244,Nullreference,0.0489428
430.2552,Nullreference,0.03836152
430.2663,Nullreference,0.034913
430.278,Nullreference,0.02591424
430.2885,Nullreference,0.02344651
430.2997,Nullreference,0.01945036
430.3108,Nullreference,0.01326465
430.3219,Nullreference,0.01003971
430.333,Nullreference,0.0106187
430.344,Nullreference,0.01473266
430.3556,Nullreference,0.01366144
430.3663,Nullreference,0.01804632
430.3776,Nullreference,0.01876263
430.3888,Nullreference,0.01905302
430.3996,Nullreference,0.01849098
430.4107,Nullreference,0.02229134
430.4221,Nullreference,0.02535434
430.4331,Nullreference,0.0232888
430.444,Nullreference,0.02448487
430.4551,Nullreference,0.0193894
430.4662,Nullreference,0.02340966
430.4773,Nullreference,0.01838544
430.4885,Nullreference,0.01494536
430.4995,Nullreference,0.01650257
430.5107,Nullreference,0.009409889
430.5217,Nullreference,0.009492019
430.5328,Nullreference,0.01340758
430.544,Nullreference,0.01355907
430.5551,Nullreference,0.01314756
430.5663,Nullreference,0.01003327
430.5775,Nullreference,0.008298287
430.5888,Nullreference,0.01049602
430.5995,Nullreference,0.01161785
430.6107,Nullreference,0.01322579
430.6219,Nullreference,0.008339872
430.633,Nullreference,0.001899357
430.6441,Nullreference,0.007714854
430.6552,Nullreference,0.004340628
430.6664,Nullreference,0.004436533
430.6773,Nullreference,0.01285021
430.6884,Nullreference,0.0198186
430.6996,Nullreference,0.01909371
430.7107,Nullreference,0.01260533
430.7221,Nullreference,0.01162198
430.7331,Nullreference,0.008822054
430.7438,Nullreference,0.004292152
430.7551,Nullreference,0.00848397
430.767,Nullreference,0.004685174
430.7773,Nullreference,0.008168424
430.7885,Nullreference,0.01222102
430.7995,Nullreference,0.02132315
430.8106,Nullreference,0.0289649
430.8217,Nullreference,0.02410944
430.8328,Nullreference,0.02140044
430.8438,Nullreference,0.02338188
430.8549,Nullreference,0.01857086
430.8661,Nullreference,0.01971696
430.8771,Nullreference,0.02211099
430.8885,Nullreference,0.02032809
430.8996,Nullreference,0.02160883
430.9104,Nullreference,0.01849831
430.9218,Nullreference,0.0174909
430.9327,Nullreference,0.01274602
430.9439,Nullreference,0.01376124
430.9549,Nullreference,0.01442436
430.9659,Nullreference,0.01393028
430.9771,Nullreference,0.01923297
430.9883,Nullreference,0.02380607
430.9994,Nullreference,0.02337051
431.0132,Nullreference,0.02418528
431.0215,Nullreference,0.0274871
431.0326,Nullreference,0.02264849
431.0437,Nullreference,0.0228746
431.0548,Nullreference,0.02676262
431.066,Nullreference,0.02062714
431.0771,Nullreference,0.02482829
431.0883,Nullreference,0.02337069
431.0993,Nullreference,0.02139715
431.1105,Nullreference,0.0193992
431.1217,Nullreference,0.0228078
431.1327,Nullreference,0.01809346
431.1437,Nullreference,0.01529348
431.1549,Nullreference,0.016277
431.1659,Nullreference,0.01258151
431.177,Nullreference,0.01261352
431.1881,Nullreference,0.01322573
431.1992,Nullreference,0.01456925
431.2104,Nullreference,0.01346038
431.2219,Nullreference,0.01204742
431.2325,Nullreference,0.00964861
431.2436,Nullreference,0.005462715
431.2548,Nullreference,0.006712738
431.2658,Nullreference,0.007242307
431.2769,Nullreference,0.01434293
431.2883,Nullreference,0.02054055
431.2994,Nullreference,0.01997514
431.3103,Nullreference,0.01943011
431.3214,Nullreference,0.01281136
431.3326,Nullreference,0.01076444
431.3436,Nullreference,0.009590972
431.3547,Nullreference,0.001867951
431.3658,Nullreference,0.004793086
431.377,Nullreference,0.009286038
431.3882,Nullreference,0.01538176
431.3994,Nullreference,0.02303414
431.4102,Nullreference,0.01789889
431.4213,Nullreference,0.01815346
431.4332,Nullreference,0.01869804
431.4438,Nullreference,0.02213234
431.4549,Nullreference,0.02658893
431.4657,Nullreference,0.03261171
431.4767,Nullreference,0.02820639
431.488,Nullreference,0.02434761
431.499,Nullreference,0.02403161
431.5102,Nullreference,0.02690626
431.5213,Nullreference,0.02317227
431.5323,Nullreference,0.02517109
431.5435,Nullreference,0.02235233
431.5547,Nullreference,0.02156649
431.5657,Nullreference,0.02561831
431.5768,Nullreference,0.02134748
431.5882,Nullreference,0.02290066
431.599,Nullreference,0.02124
431.6102,Nullreference,0.02630626
431.6214,Nullreference,0.03083196
431.6323,Nullreference,0.03262697
431.6436,Nullreference,0.04066442
431.6545,Nullreference,0.0362881
431.6656,Nullreference,0.04118256
431.6768,Nullreference,0.04360336
431.6878,Nullreference,0.04258158
431.6989,Nullreference,0.04036971
431.7101,Nullreference,0.04263226
431.7213,Nullreference,0.03962535
431.7322,Nullreference,0.03707764
431.7433,Nullreference,0.03576028
431.7547,Nullreference,0.03213944
431.7655,Nullreference,0.03300496
431.7768,Nullreference,0.02959359
431.7879,Nullreference,0.03494444
431.7992,Nullreference,0.03871671
431.8099,Nullreference,0.04171741
431.8214,Nullreference,0.05449243
431.8322,Nullreference,0.06326365
431.8435,Nullreference,0.07296527
431.8545,Nullreference,0.08545908
431.8656,Nullreference,0.09436949
431.8767,Nullreference,0.1066974
431.8878,Nullreference,0.1118935
431.8988,Nullreference,0.1318807
431.9099,Nullreference,0.1551314
431.921,Nullreference,0.1849208
431.9322,Nullreference,0.2148059
431.9433,Nullreference,0.2337001
431.9545,Nullreference,0.2473097
431.9655,Nullreference,0.2526261
431.9765,Nullreference,0.26937
431.9877,Nullreference,0.2882275
431.9988,Nullreference,0.3085366
432.0099,Nullreference,0.3321179
432.0211,Nullreference,0.3407941
432.0322,Nullreference,0.3433199
432.0434,Nullreference,0.3491423
432.0544,Nullreference,0.3423459
432.0654,Nullreference,0.3328816
432.0765,Nullreference,0.3273866
432.0879,Nullreference,0.3095898
432.0988,Nullreference,0.3025735
432.11,Nullreference,0.2800632
432.1211,Nullreference,0.2703906
432.132,Nullreference,0.2481059
432.1433,Nullreference,0.2235539
432.1543,Nullreference,0.1970085
432.1655,Nullreference,0.1840306
432.1765,Nullreference,0.1704113
432.1877,Nullreference,0.1557356
432.1987,Nullreference,0.1473999
432.2099,Nullreference,0.1463405
432.221,Nullreference,0.1527207
432.2321,Nullreference,0.1668557
432.2432,Nullreference,0.1877012
432.2543,Nullreference,0.2161091
432.2659,Nullreference,0.2496285
432.2764,Nullreference,0.2793565
432.2879,Nullreference,0.3090789
432.2986,Nullreference,0.3390452
432.3105,Collider_Roger_State_action,0.3824691
432.3217,Collider_Roger_State_action,0.4289959
432.3328,Collider_Roger_State_action,0.4825622
432.3434,Collider_Roger_State_action,0.5258363
432.3546,Collider_Roger_State_action,0.5491101
432.3657,Collider_Roger_State_action,0.5682209
432.3771,Collider_Roger_State_action,0.5810801
432.3879,Collider_Roger_State_action,0.5902692
432.3992,Collider_Roger_State_action,0.5911618
432.4101,Collider_Roger_State_action,0.6040934
432.4214,Collider_Roger_State_action,0.6089311
432.4327,Collider_Roger_State_action,0.5963939
432.4436,Collider_Roger_State_action,0.5780789
432.4546,Collider_Roger_State_action,0.5525063
432.4656,Collider_Roger_State_action,0.5293073
432.4769,Collider_Roger_State_action,0.4975337
432.4879,Collider_Roger_State_action,0.4655476
432.4989,Collider_Roger_State_action,0.4264486
432.5101,Collider_Roger_State_action,0.3915482
432.5212,Collider_Roger_State_action,0.3462689
432.5323,Collider_Roger_State_action,0.3156951
432.5435,Collider_Roger_State_action,0.2816898
432.5547,Collider_Roger_State_action,0.241779
432.5657,Collider_Roger_State_action,0.2188455
432.5769,Collider_Roger_State_action,0.1920812
432.5878,Collider_Roger_State_action,0.1710317
432.5991,Collider_Roger_State_action,0.1598914
432.6105,Collider_Roger_State_action,0.1501231
432.6213,Collider_Roger_State_action,0.1394821
432.6323,Collider_Roger_State_action,0.1294526
432.6434,Collider_Roger_State_action,0.125073
432.6546,Collider_Roger_State_action,0.1187537
432.6656,Collider_Roger_State_action,0.1163808
432.6768,Collider_Roger_State_action,0.1077275
432.6879,Collider_Roger_State_action,0.1018379
432.699,Collider_Roger_State_action,0.09690463
432.7102,Collider_Roger_State_action,0.09004705
432.7212,Collider_Roger_State_action,0.07865852
432.7322,Collider_Roger_State_action,0.06916723
432.7433,Collider_Roger_State_action,0.06567302
432.7546,Collider_Roger_State_action,0.07450204
432.7656,Collider_Roger_State_action,0.08427089
432.7767,Collider_Roger_State_action,0.09260647
432.788,Collider_Roger_State_action,0.1096755
432.7989,Collider_Roger_State_action,0.1235274
432.8101,Collider_Roger_State_action,0.1417221
432.8212,Collider_Roger_State_action,0.1517356
432.8322,Collider_Roger_State_action,0.1625307
432.8434,Collider_Roger_State_action,0.174609
432.8544,Collider_Roger_State_action,0.1763794
432.8656,Collider_Roger_State_action,0.1816896
432.8766,Collider_Roger_State_action,0.1783246
432.8878,Collider_Roger_State_action,0.1761738
432.8989,Collider_Roger_State_action,0.1707166
432.91,Collider_Roger_State_action,0.1726454
432.9215,Collider_Roger_State_action,0.1661951
432.9322,Collider_Roger_State_action,0.1594692
432.9435,Collider_Roger_State_action,0.1554159
432.9544,Collider_Roger_State_action,0.1544599
432.9656,Collider_Roger_State_action,0.1487078
432.9767,Collider_Roger_State_action,0.1417252
432.9878,Collider_Roger_State_action,0.1361768
432.9989,Collider_Roger_State_action,0.1291312
433.0099,Collider_Roger_State_action,0.1285386
433.0212,Collider_Roger_State_action,0.1188008
433.0322,Collider_Roger_State_action,0.11393
433.0431,Collider_Roger_State_action,0.1112716
433.0544,Collider_Roger_State_action,0.1045699
433.0657,Collider_Roger_State_action,0.09751943
433.0766,Collider_Roger_State_action,0.09177426
433.0877,Collider_Roger_State_action,0.09165362
433.0988,Collider_Roger_State_action,0.08901029
433.1099,Collider_Roger_State_action,0.09605196
433.121,Collider_Roger_State_action,0.09428719
433.1321,Collider_Roger_State_action,0.09358079
433.1431,Collider_Roger_State_action,0.09322602
433.1542,Collider_Roger_State_action,0.08713874
433.1654,Collider_Roger_State_action,0.08353821
433.1765,Collider_Roger_State_action,0.0773127
433.1878,Collider_Roger_State_action,0.06667064
433.1986,Collider_Roger_State_action,0.06340335
433.2097,Collider_Roger_State_action,0.05768459
433.221,Collider_Roger_State_action,0.04835311
433.2321,Collider_Roger_State_action,0.05047208
433.243,Collider_Roger_State_action,0.04359651
433.2543,Collider_Roger_State_action,0.04663305
433.2656,Collider_Roger_State_action,0.05051187
433.2769,Collider_Roger_State_action,0.05563525
433.2881,Collider_Roger_State_action,0.05859733
433.2986,Collider_Roger_State_action,0.05906647
433.3099,Collider_Roger_State_action,0.06628767
433.3208,Collider_Roger_State_action,0.06700084
433.3319,Collider_Roger_State_action,0.06812712
433.3432,Collider_Roger_State_action,0.06553188
433.3541,Collider_Roger_State_action,0.05498016
433.3653,Collider_Roger_State_action,0.05023169
433.3763,Collider_Roger_State_action,0.04563636
433.3877,Collider_Roger_State_action,0.0484284
433.3986,Collider_Roger_State_action,0.04593589
433.4098,Collider_Roger_State_action,0.05617243
433.4207,Collider_Roger_State_action,0.06034901
433.4318,Collider_Roger_State_action,0.06733026
433.4431,Collider_Roger_State_action,0.07354115
433.4541,Collider_Roger_State_action,0.08378702
433.4651,Collider_Roger_State_action,0.08914539
433.4763,Collider_Roger_State_action,0.09026568
433.4876,Collider_Roger_State_action,0.09701266
433.4984,Collider_Roger_State_action,0.1008817
433.5095,Collider_Roger_State_action,0.09925621
433.5208,Collider_Roger_State_action,0.09278261
433.532,Collider_Roger_State_action,0.08927687
433.5429,Collider_Roger_State_action,0.09017688
433.5542,Collider_Roger_State_action,0.08402923
433.5653,Collider_Roger_State_action,0.08696572
433.5763,Collider_Roger_State_action,0.09124038
433.588,Collider_Roger_State_action,0.08942323
433.5988,Collider_Roger_State_action,0.09343558
433.6097,Collider_Roger_State_action,0.09653648
433.6207,Collider_Roger_State_action,0.1003202
433.6318,Collider_Roger_State_action,0.1041472
433.643,Collider_Roger_State_action,0.09893089
433.6541,Collider_Roger_State_action,0.09807941
433.6652,Collider_Roger_State_action,0.09659033
433.6762,Collider_Roger_State_action,0.09245386
433.6878,Collider_Roger_State_action,0.08923306
433.6994,Collider_Roger_State_action,0.08510602
433.7097,Collider_Roger_State_action,0.07737679
433.7209,Collider_Roger_State_action,0.07855317
433.7319,Collider_Roger_State_action,0.07470041
433.7433,Collider_Roger_State_action,0.06928124
433.7541,Collider_Roger_State_action,0.06856667
433.7655,Collider_Roger_State_action,0.06386564
433.7763,Collider_Roger_State_action,0.06119653
433.7876,Collider_Roger_State_action,0.06059397
433.7985,Collider_Roger_State_action,0.05958267
433.8096,Collider_Roger_State_action,0.05947643
433.8207,Collider_Roger_State_action,0.05450101
433.8318,Collider_Roger_State_action,0.05562507
433.8428,Collider_Roger_State_action,0.05979625
433.854,Collider_Roger_State_action,0.05966874
433.8651,Collider_Roger_State_action,0.05435741
433.8763,Collider_Roger_State_action,0.05396701
433.8872,Collider_Roger_State_action,0.04953553
433.8983,Collider_Roger_State_action,0.04850581
433.9094,Collider_Roger_State_action,0.04616429
433.9206,Collider_Roger_State_action,0.04189647
433.9317,Collider_Roger_State_action,0.03671076
433.9428,Collider_Roger_State_action,0.03356406
433.954,Collider_Roger_State_action,0.03102223
433.965,Collider_Roger_State_action,0.02982635
433.976,Collider_Roger_State_action,0.03669241
433.9878,Collider_Roger_State_action,0.03741958
433.9984,Collider_Roger_State_action,0.03532005
434.0095,Collider_Roger_State_action,0.03757928
434.0207,Collider_Roger_State_action,0.03819987
434.0318,Collider_Roger_State_action,0.03961614
434.0428,Collider_Roger_State_action,0.04374293
434.0539,Collider_Roger_State_action,0.04810115
434.0654,Collider_Roger_State_action,0.04787215
434.0763,Collider_Roger_State_action,0.05002795
434.0876,Collider_Roger_State_action,0.04934733
434.0984,Collider_Roger_State_action,0.04862684
434.1097,Collider_Roger_State_action,0.05028176
434.1205,Collider_Roger_State_action,0.04831047
434.1317,Collider_Roger_State_action,0.0426035
434.1427,Collider_Roger_State_action,0.03813897
434.1538,Collider_Roger_State_action,0.03807728
434.165,Collider_Roger_State_action,0.04038704
434.1762,Collider_Roger_State_action,0.04044699
434.1876,Collider_Roger_State_action,0.04247614
434.1983,Collider_Roger_State_action,0.03634898
434.2094,Collider_Roger_State_action,0.02968532
434.2205,Collider_Roger_State_action,0.02457903
434.2319,Collider_Roger_State_action,0.01406196
434.2427,Collider_Roger_State_action,0.009823595
434.2545,Collider_Roger_State_action,0.0124417
434.265,Collider_Roger_State_action,0.01675037
434.276,Collider_Roger_State_action,0.02552664
434.2872,Collider_Roger_State_action,0.034147
434.2982,Collider_Roger_State_action,0.04274405
434.3094,Collider_Roger_State_action,0.05455377
434.3207,Collider_Roger_State_action,0.05571719
434.3316,Collider_Roger_State_action,0.06247157
434.3428,Collider_Roger_State_action,0.06573301
434.3541,Collider_Roger_State_action,0.06903078
434.365,Collider_Roger_State_action,0.06541618
434.3761,Collider_Roger_State_action,0.06627579
434.3875,Collider_Roger_State_action,0.0610995
434.3982,Collider_Roger_State_action,0.05785944
434.4093,Collider_Roger_State_action,0.05395382
434.4205,Collider_Roger_State_action,0.04345276
434.4315,Collider_Roger_State_action,0.03665593
434.4428,Collider_Roger_State_action,0.03008016
434.4539,Collider_Roger_State_action,0.02542489
434.465,Collider_Roger_State_action,0.02786852
434.476,Collider_Roger_State_action,0.03187988
434.4872,Collider_Roger_State_action,0.03068556
434.5026,Collider_Roger_State_action,0.04273542
434.5106,Collider_Roger_State_action,0.04712785
434.5175,Collider_Roger_State_action,0.05331787
434.5286,Collider_Roger_State_action,0.06031553
434.5397,Collider_Roger_State_action,0.06916832
434.5509,Collider_Roger_State_action,0.08357903
434.5621,Collider_Roger_State_action,0.08844533
434.573,Collider_Roger_State_action,0.09541824
434.5846,Collider_Roger_State_action,0.1004684
434.5958,Collider_Roger_State_action,0.1043462
434.6065,Collider_Roger_State_action,0.1093564
434.6176,Collider_Roger_State_action,0.113246
434.6286,Collider_Roger_State_action,0.1193909
434.6398,Collider_Roger_State_action,0.1203959
434.6508,Collider_Roger_State_action,0.1271484
434.6619,Collider_Roger_State_action,0.1328954
434.673,Collider_Roger_State_action,0.1309443
434.6841,Collider_Roger_State_action,0.1370674
434.6953,Collider_Roger_State_action,0.1346962
434.7063,Collider_Roger_State_action,0.1379019
434.7175,Collider_Roger_State_action,0.1402084
434.7285,Collider_Roger_State_action,0.1425682
434.7396,Collider_Roger_State_action,0.1435463
434.7507,Collider_Roger_State_action,0.1511904
434.7619,Collider_Roger_State_action,0.1479684
434.7729,Collider_Roger_State_action,0.1540475
434.784,Collider_Roger_State_action,0.1588191
434.7953,Collider_Roger_State_action,0.164329
434.8065,Collider_Roger_State_action,0.1746023
434.8175,Collider_Roger_State_action,0.1845637
434.8286,Collider_Roger_State_action,0.1980663
434.8398,Collider_Roger_State_action,0.2094893
434.8507,Collider_Roger_State_action,0.2266166
434.862,Collider_Roger_State_action,0.244251
434.8734,Collider_Roger_State_action,0.2545027
434.8846,Collider_Roger_State_action,0.267755
434.8959,Collider_Roger_State_action,0.2833755
434.9071,Collider_Roger_State_action,0.2969389
434.9184,Collider_Roger_State_action,0.3137015
434.9297,Collider_Roger_State_action,0.3233137
434.9409,Collider_Roger_State_action,0.331939
434.9522,Collider_Roger_State_action,0.3410814
434.9635,Collider_Roger_State_action,0.3443724
434.9748,Collider_Roger_State_action,0.3522504
434.9861,Collider_Roger_State_action,0.3545655
434.9974,Collider_Roger_State_action,0.3601788
435.0088,Collider_Roger_State_action,0.3588557
435.0198,Collider_Roger_State_action,0.3533239
435.0311,Collider_Roger_State_action,0.3484884
435.0423,Collider_Roger_State_action,0.3411423
435.0536,Collider_Roger_State_action,0.3322171
435.0646,Collider_Roger_State_action,0.3222311
435.0758,Collider_Roger_State_action,0.3042623
435.0867,Collider_Roger_State_action,0.2860731
435.0979,Collider_Roger_State_action,0.2676457
435.109,Collider_Roger_State_action,0.248927
435.1201,Collider_Roger_State_action,0.2315806
435.1313,Collider_Roger_State_action,0.2163478
435.1424,Collider_Roger_State_action,0.2027126
435.1536,Collider_Roger_State_action,0.1917844
435.1646,Collider_Roger_State_action,0.1775357
435.1756,Collider_Roger_State_action,0.1680856
435.1867,Collider_Roger_State_action,0.1587216
435.1978,Collider_Roger_State_action,0.1467379
435.2089,Collider_Roger_State_action,0.1437913
435.22,Collider_Roger_State_action,0.1414202
435.2311,Collider_Roger_State_action,0.1373207
435.2422,Plane,0.1415092
435.2533,Plane,0.1417948
435.2644,Plane,0.1418404
435.2755,Plane,0.1368989
435.2867,Plane,0.1420961
435.298,Plane,0.1450823
435.309,Plane,0.1489718
435.3201,Plane,0.1497162
435.3312,Collider_Roger_State_action,0.1556183
435.3421,Collider_Roger_State_action,0.1522199
435.3532,Collider_Roger_State_action,0.1484432
435.3643,Collider_Roger_State_action,0.1499954
435.3755,Collider_Roger_State_action,0.1498039
435.3866,Collider_Roger_State_action,0.1474892
435.3976,Collider_Roger_State_action,0.1466221
435.4088,Collider_Roger_State_action,0.1516363
435.421,Nullreference,0.1514689
435.4316,Nullreference,0.1486773
435.443,Nullreference,0.146133
435.4539,Nullreference,0.1518883
435.4651,Nullreference,0.1482282
435.4763,Nullreference,0.1479607
435.4873,Nullreference,0.1438195
435.4984,Nullreference,0.139012
435.5095,Nullreference,0.1321024
435.5209,Nullreference,0.123849
435.5317,Nullreference,0.1210232
435.5426,Nullreference,0.1179995
435.5537,Nullreference,0.1177019
435.565,Nullreference,0.1112093
435.5759,Nullreference,0.1036754
435.5873,Nullreference,0.09973717
435.5981,Nullreference,0.09309629
435.6094,Nullreference,0.0861049
435.6205,Nullreference,0.0795019
435.6315,Nullreference,0.07289971
435.6417,Nullreference,0.06464922
435.6529,Nullreference,0.05970775
435.664,Nullreference,0.06060577
435.6754,Nullreference,0.05055108
435.6866,Nullreference,0.04374111
435.6973,Nullreference,0.03990669
435.7085,Nullreference,0.02881637
435.7195,Nullreference,0.02575158
435.7309,Nullreference,0.01948146
435.742,Nullreference,0.01395458
435.7531,Nullreference,0.02075276
435.764,Nullreference,0.03763429
435.775,Nullreference,0.04866323
435.7861,Nullreference,0.06195607
435.7971,Nullreference,0.07072201
435.8082,Nullreference,0.0792708
435.8195,Nullreference,0.07652379
435.8306,Nullreference,0.08577092
435.8416,Nullreference,0.07711274
435.8527,Nullreference,0.07381567
435.8638,Nullreference,0.07424359
435.8749,Nullreference,0.06753714
435.8861,Nullreference,0.06623278
435.8971,Nullreference,0.06718816
435.9082,Nullreference,0.06674555
435.9192,Nullreference,0.06702422
435.9305,Nullreference,0.0659069
435.9417,Nullreference,0.06599996
435.9526,Nullreference,0.06520588
435.9637,Nullreference,0.06186922
435.9748,Nullreference,0.06163151
435.9859,Nullreference,0.06727193
435.9971,Nullreference,0.06646944
436.008,Nullreference,0.06925581
436.0193,Nullreference,0.06688993
436.0304,Nullreference,0.06953193
436.0414,Nullreference,0.06835805
436.0525,Nullreference,0.0612999
436.0638,Nullreference,0.06029484
436.0747,Nullreference,0.05877261
436.0858,Nullreference,0.06128054
436.0969,Nullreference,0.06060186
436.1079,Nullreference,0.06586884
436.1194,Nullreference,0.07317762
436.1303,Nullreference,0.07067814
436.1413,Nullreference,0.06802535
436.1524,Nullreference,0.06965034
436.1635,Nullreference,0.06825995
436.1748,Nullreference,0.07332548
436.1857,Nullreference,0.07826898
436.1968,Nullreference,0.08517139
436.2079,Nullreference,0.0870562
436.2191,Nullreference,0.0883873
436.2301,Nullreference,0.09207661
436.2412,Nullreference,0.0938513
436.2524,Nullreference,0.09208647
436.2635,Nullreference,0.09949382
436.2744,Nullreference,0.1102142
436.2858,Nullreference,0.1061696
436.2969,Nullreference,0.1134998
436.3079,Nullreference,0.119281
436.3192,Nullreference,0.1236188
436.3304,Nullreference,0.1324325
436.3413,Nullreference,0.1353815
436.3523,Nullreference,0.1432445
436.3634,Nullreference,0.1457428
436.3745,Nullreference,0.152969
436.3856,Nullreference,0.155042
436.3967,Nullreference,0.157436
436.4079,Nullreference,0.1572738
436.4188,Nullreference,0.1703284
436.43,Nullreference,0.1665175
436.4411,Nullreference,0.1718943
436.4523,Nullreference,0.1649769
436.4634,Nullreference,0.1662454
436.4745,Nullreference,0.1719384
436.4856,Nullreference,0.1750209
436.4967,Nullreference,0.1737161
436.5078,Nullreference,0.1662232
436.5188,Nullreference,0.1502843
436.5301,Nullreference,0.1391191
436.541,Nullreference,0.1208175
436.5522,Nullreference,0.108865
436.5634,Nullreference,0.096298
436.5745,Nullreference,0.09030021
436.5854,Nullreference,0.08926959
436.5966,Nullreference,0.09103399
436.6077,Nullreference,0.09602878
436.6188,Nullreference,0.1044961
436.6299,Nullreference,0.1127183
436.6411,Nullreference,0.1215336
436.6525,Nullreference,0.133067
436.6633,Nullreference,0.1475057
436.6743,Nullreference,0.157868
436.6856,Nullreference,0.1727021
436.6966,Nullreference,0.1866584
436.7076,Nullreference,0.2037674
436.7188,Nullreference,0.219397
436.73,Nullreference,0.2380795
436.7411,Nullreference,0.2453372
436.7521,Nullreference,0.2593054
436.7633,Nullreference,0.2670296
436.7745,Nullreference,0.2755161
436.7855,Nullreference,0.2892135
436.7966,Nullreference,0.2975559
436.8077,Nullreference,0.3107458
436.8187,Nullreference,0.3186059
436.8299,Nullreference,0.3279769
436.8411,Nullreference,0.3368076
436.8521,Nullreference,0.3411185
436.8634,Nullreference,0.3451969
436.8743,Nullreference,0.348951
436.8857,Nullreference,0.3526167
436.8965,Nullreference,0.359542
436.9076,Nullreference,0.3670447
436.9187,Nullreference,0.3739149
436.93,Nullreference,0.3831896
436.9409,Nullreference,0.3898393
436.9522,Nullreference,0.3991575
436.9632,Nullreference,0.4117144
436.9742,Nullreference,0.4205652
436.9854,Nullreference,0.4186429
436.9965,Nullreference,0.4061813
437.0078,Nullreference,0.3898145
437.0186,Nullreference,0.3735192
437.0298,Nullreference,0.3541053
437.0408,Nullreference,0.3388583
437.052,Nullreference,0.312978
437.0632,Nullreference,0.2862306
437.0742,Nullreference,0.2569314
437.0856,Nullreference,0.2351225
437.0965,Nullreference,0.2232812
437.1076,Nullreference,0.227019
437.1188,Nullreference,0.2296623
437.1298,Nullreference,0.2306891
437.1413,Nullreference,0.2384002
437.1521,Nullreference,0.2422151
437.163,Nullreference,0.2355433
437.1741,Nullreference,0.2232837
437.1852,Nullreference,0.1946219
437.1964,Nullreference,0.1731299
437.2074,Nullreference,0.1422676
437.2187,Nullreference,0.118967
437.2296,Nullreference,0.0984542
437.2408,Nullreference,0.08719639
437.2519,Nullreference,0.09523294
437.263,Nullreference,0.1158227
437.2741,Nullreference,0.1365196
437.2852,Nullreference,0.159224
437.2965,Nullreference,0.1823689
437.3076,Nullreference,0.1965172
437.3185,Nullreference,0.2134518
437.3297,Nullreference,0.2225611
437.3408,Nullreference,0.2325527
437.3518,Nullreference,0.2408258
437.3629,Nullreference,0.2468108
437.3741,Nullreference,0.2480289
437.3852,Nullreference,0.2548388
437.3964,Nullreference,0.2614021
437.4075,Nullreference,0.266456
437.4185,Nullreference,0.2792198
437.4296,Nullreference,0.2854303
437.4408,Nullreference,0.2997943
437.4519,Nullreference,0.3079754
437.4631,Nullreference,0.3104268
437.4741,Nullreference,0.3100856
437.4853,Nullreference,0.3054668
437.4969,Nullreference,0.2954765
437.5075,Nullreference,0.2839467
437.5185,Nullreference,0.2711668
437.5296,Nullreference,0.2597259
437.5409,Nullreference,0.2498413
437.5519,Nullreference,0.2461258
437.5632,Nullreference,0.2416227
437.5742,Nullreference,0.2424843
437.5851,Nullreference,0.2326452
437.5963,Nullreference,0.2216945
437.6074,Nullreference,0.1991692
437.6185,Nullreference,0.1745317
437.6295,Nullreference,0.1541238
437.6408,Nullreference,0.1435271
437.6518,Nullreference,0.1487631
437.6629,Nullreference,0.165587
437.674,Nullreference,0.1906928
437.6851,Nullreference,0.2106114
437.6965,Nullreference,0.2380552
437.7073,Nullreference,0.2571655
437.7186,Nullreference,0.264122
437.7297,Nullreference,0.2695618
437.7407,Nullreference,0.2709121
437.7517,Nullreference,0.2643067
437.7628,Nullreference,0.2462194
437.774,Nullreference,0.2250824
437.7851,Nullreference,0.2113402
437.7965,Nullreference,0.1988728
437.8074,Nullreference,0.1878652
437.8185,Nullreference,0.1808765
437.8295,Nullreference,0.1728194
437.8407,Nullreference,0.1699416
437.8517,Nullreference,0.1663468
437.8629,Nullreference,0.165648
437.8739,Nullreference,0.158674
437.885,Nullreference,0.143891
437.8963,Nullreference,0.1318977
437.9073,Nullreference,0.1194201
437.9183,Nullreference,0.1100595
437.93,Nullreference,0.09946708
437.9406,Nullreference,0.09971755
437.9518,Nullreference,0.1022666
437.9631,Nullreference,0.1075755
437.9738,Nullreference,0.1067158
437.9849,Nullreference,0.1052859
437.9962,Nullreference,0.1091034
438.0071,Nullreference,0.117132
438.0182,Nullreference,0.1216615
438.0294,Nullreference,0.1343163
438.0405,Nullreference,0.151857
438.0517,Nullreference,0.1724644
438.063,Nullreference,0.1937736
438.0738,Nullreference,0.213077
438.0849,Nullreference,0.2346316
438.0962,Nullreference,0.250204
438.1071,Nullreference,0.2741747
438.1182,Nullreference,0.2839768
438.1294,Nullreference,0.2992105
438.1405,Nullreference,0.3041268
438.1517,Nullreference,0.2996473
438.1628,Nullreference,0.2990973
438.1738,Nullreference,0.2875315
438.1849,Nullreference,0.2749064
438.1962,Nullreference,0.2568878
438.2071,Nullreference,0.2387765
438.2182,Nullreference,0.2146771
438.2294,Nullreference,0.1991903
438.2404,Nullreference,0.1853499
438.2516,Nullreference,0.178871
438.2627,Nullreference,0.1794657
438.2737,Nullreference,0.1912303
438.2849,Nullreference,0.200996
438.2959,Nullreference,0.2186428
438.3071,Nullreference,0.23332
438.3182,Nullreference,0.2487533
438.3293,Nullreference,0.2605486
438.3404,Nullreference,0.2806102
438.3514,Nullreference,0.2985411
438.3626,Nullreference,0.3173793
438.3737,Nullreference,0.3345605
438.3849,Nullreference,0.3483316
438.3961,Nullreference,0.3728585
438.407,Nullreference,0.3900826
438.4181,Nullreference,0.4102175
438.4294,Nullreference,0.4299342
438.4403,Nullreference,0.449681
438.4515,Nullreference,0.4737467
438.4626,Nullreference,0.5022669
438.4737,Nullreference,0.527833
438.4849,Nullreference,0.5617333
438.496,Nullreference,0.5859591
438.5074,Nullreference,0.6091604
438.5181,Nullreference,0.6392364
438.5293,Nullreference,0.6568999
438.5403,Nullreference,0.6860427
438.5515,Nullreference,0.7104993
438.5627,Nullreference,0.7360888
438.5737,Nullreference,0.7525567
438.5848,Nullreference,0.7764277
438.596,Nullreference,0.8010347
438.6071,Nullreference,0.8243525
438.6181,Nullreference,0.8519647
438.6292,Nullreference,0.8672855
438.6405,Nullreference,0.8799554
438.6514,Nullreference,0.8844388
438.6625,Nullreference,0.88287
438.6738,Nullreference,0.8683142
438.6847,Nullreference,0.8408028
438.6959,Nullreference,0.8122227
438.7072,Nullreference,0.777177
438.7181,Nullreference,0.7476518
438.7292,Nullreference,0.7215357
438.7403,Nullreference,0.693108
438.7514,Nullreference,0.6687183
438.7626,Nullreference,0.6480504
438.7737,Nullreference,0.6300867
438.7847,Nullreference,0.5993434
438.7958,Nullreference,0.5615164
438.8074,Nullreference,0.5270557
438.818,Nullreference,0.488991
438.8293,Nullreference,0.4493929
438.8403,Nullreference,0.4133809
438.8513,Nullreference,0.3842996
438.8626,Nullreference,0.3515313
438.8737,Nullreference,0.3289591
438.8847,Nullreference,0.3126142
438.8958,Nullreference,0.2969358
438.9069,Nullreference,0.2772975
438.9179,Nullreference,0.2576445
438.9291,Nullreference,0.2194612
438.9401,Nullreference,0.188655
438.9514,Nullreference,0.1503732
438.9626,Nullreference,0.1206293
438.9736,Nullreference,0.1016899
438.9846,Nullreference,0.0832146
438.9958,Nullreference,0.06891546
439.0069,Nullreference,0.06271555
439.018,Nullreference,0.04883668
439.0292,Nullreference,0.0537008
439.0402,Nullreference,0.07845443
439.0512,Nullreference,0.1174038
439.0625,Nullreference,0.1453567
439.0738,Nullreference,0.1742513
439.0846,Nullreference,0.193117
439.0957,Nullreference,0.1953041
439.1069,Nullreference,0.1983579
439.1182,Nullreference,0.2003279
439.1291,Nullreference,0.2093967
439.1403,Nullreference,0.2194161
439.1513,Nullreference,0.2293073
439.1623,Nullreference,0.242869
439.1736,Nullreference,0.2535535
439.1845,Nullreference,0.2596606
439.196,Nullreference,0.2670937
439.2068,Nullreference,0.2787235
439.2179,Nullreference,0.2835322
439.2291,Nullreference,0.290306
439.24,Nullreference,0.2907515
439.2513,Nullreference,0.2908481
439.2624,Nullreference,0.281861
439.2737,Nullreference,0.273031
439.2846,Nullreference,0.2614199
439.2957,Nullreference,0.2472102
439.3068,Nullreference,0.2348986
439.3177,Nullreference,0.219574
439.3295,Nullreference,0.2009338
439.34,Nullreference,0.1746678
439.3512,Nullreference,0.1555064
439.3623,Nullreference,0.132554
439.3733,Nullreference,0.1192452
439.3845,Nullreference,0.1164683
439.3958,Nullreference,0.1178214
439.4067,Nullreference,0.1295745
439.4177,Nullreference,0.1427507
439.429,Nullreference,0.154124
439.44,Nullreference,0.1665751
439.451,Nullreference,0.1824323
439.4622,Nullreference,0.1979702
439.4733,Nullreference,0.2066493
439.4845,Nullreference,0.2095993
439.4954,Nullreference,0.2176417
439.5066,Nullreference,0.2205437
439.5176,Nullreference,0.2230192
439.5288,Nullreference,0.2151607
439.5404,Nullreference,0.2116452
439.5509,Nullreference,0.2088176
439.5621,Nullreference,0.2030254
439.5733,Nullreference,0.1982744
439.5844,Nullreference,0.1925776
439.5955,Nullreference,0.19043
439.6072,Nullreference,0.1944941
439.6177,Nullreference,0.1923309
439.629,Nullreference,0.1903301
439.6401,Nullreference,0.1832881
439.6509,Nullreference,0.1783933
439.6621,Nullreference,0.1767709
439.6732,Nullreference,0.1748872
439.6842,Nullreference,0.1761747
439.6955,Nullreference,0.1752401
439.7065,Nullreference,0.1862528
439.7176,Nullreference,0.1917885
439.7287,Nullreference,0.2069816
439.7398,Nullreference,0.2213988
439.751,Nullreference,0.2497025
439.762,Nullreference,0.2710352
439.7732,Nullreference,0.2992446
439.7841,Nullreference,0.3275255
439.7955,Nullreference,0.3426532
439.8065,Nullreference,0.363084
439.8176,Nullreference,0.3729901
439.8287,Nullreference,0.3839413
439.8399,Nullreference,0.3884706
439.851,Nullreference,0.3994455
439.862,Nullreference,0.4119963
439.873,Nullreference,0.4283026
439.8841,Nullreference,0.4474238
439.8954,Nullreference,0.4724189
439.9066,Nullreference,0.5057138
439.9177,Nullreference,0.5284927
439.929,Nullreference,0.5515106
439.9397,Nullreference,0.562628
439.9508,Nullreference,0.569015
439.9619,Nullreference,0.5681723
439.973,Nullreference,0.5626527
439.984,Nullreference,0.555459
439.9952,Nullreference,0.5476013
440.0063,Nullreference,0.5389286
440.0174,Nullreference,0.5285262
440.0285,Nullreference,0.5268636
440.0396,Nullreference,0.5085994
440.0506,Nullreference,0.5044369
440.0619,Nullreference,0.4923212
440.073,Nullreference,0.4779466
440.084,Nullreference,0.4650939
440.0953,Nullreference,0.4496969
440.1064,Nullreference,0.4335356
440.1173,Nullreference,0.4135371
440.1285,Nullreference,0.4002562
440.1395,Nullreference,0.3864691
440.1507,Nullreference,0.3791451
440.1618,Nullreference,0.3658128
440.1729,Nullreference,0.3532524
440.184,Nullreference,0.3375168
440.1951,Nullreference,0.3247802
440.2061,Nullreference,0.3107212
440.2173,Nullreference,0.2950381
440.2286,Nullreference,0.2822824
440.2397,Nullreference,0.2680637
440.2506,Nullreference,0.2609828
440.2618,Nullreference,0.2499043
440.2728,Nullreference,0.2380171
440.2839,Nullreference,0.2258594
440.295,Nullreference,0.2085825
440.3062,Nullreference,0.1943628
440.3176,Nullreference,0.1787314
440.3285,Nullreference,0.1641688
440.3396,Nullreference,0.1586795
440.3506,Nullreference,0.1567217
440.3618,Nullreference,0.1498656
440.373,Nullreference,0.1445822
440.3839,Nullreference,0.1439842
440.3953,Nullreference,0.1400292
440.4062,Nullreference,0.1409656
440.4173,Nullreference,0.1399295
440.4284,Nullreference,0.1413952
440.4395,Nullreference,0.1488729
440.4507,Nullreference,0.1508288
440.4618,Nullreference,0.1533456
440.4728,Nullreference,0.1526462
440.484,Nullreference,0.1528309
440.4951,Nullreference,0.1503796
440.5061,Nullreference,0.1560379
440.5172,Nullreference,0.1602503
440.5284,Nullreference,0.1635638
440.5395,Nullreference,0.1634528
440.5506,Nullreference,0.1606128
440.5617,Nullreference,0.1601794
440.5728,Nullreference,0.1581402
440.5838,Nullreference,0.1460886
440.5949,Nullreference,0.1324036
440.6061,Nullreference,0.1181531
440.6171,Nullreference,0.1007621
440.6283,Nullreference,0.08006696
440.6394,Nullreference,0.06833567
440.6507,Nullreference,0.06068135
440.6617,Nullreference,0.05409908
440.6728,Nullreference,0.05263676
440.6838,Nullreference,0.05502632
440.6951,Nullreference,0.05724012
440.706,Nullreference,0.06031034
440.7173,Nullreference,0.06330472
440.7283,Nullreference,0.07075626
440.7393,Nullreference,0.0779503
440.7533,Nullreference,0.07626061
440.7615,Nullreference,0.07463337
440.7727,Nullreference,0.0668789
440.7838,Nullreference,0.07162701
440.7951,Nullreference,0.07967746
440.806,Nullreference,0.0868804
440.8171,Nullreference,0.09424338
440.8282,Nullreference,0.1080715
440.8393,Nullreference,0.1160664
440.8503,Nullreference,0.1200191
440.8615,Nullreference,0.1237514
440.8726,Nullreference,0.1253071
440.8839,Nullreference,0.119112
440.8949,Nullreference,0.1247968
440.9062,Nullreference,0.1327336
440.9171,Nullreference,0.1427203
440.9281,Nullreference,0.1498684
440.9393,Nullreference,0.1533962
440.9504,Nullreference,0.1704848
440.9615,Nullreference,0.1961195
440.9727,Nullreference,0.2189693
440.9836,Nullreference,0.2400375
440.9948,Nullreference,0.2527523
441.0059,Nullreference,0.2602013
441.0169,Nullreference,0.263856
441.0281,Nullreference,0.2710732
441.0392,Nullreference,0.2754272
441.0504,Nullreference,0.2863861
441.0615,Nullreference,0.3031662
441.0725,Nullreference,0.3183398
441.0836,Nullreference,0.3395251
441.0948,Nullreference,0.3498683
441.1059,Nullreference,0.3723289
441.1171,Nullreference,0.3930571
441.1281,Nullreference,0.4156007
441.1393,Nullreference,0.4446363
441.1511,Nullreference,0.4749544
441.1614,Nullreference,0.5136576
441.1726,Nullreference,0.5503908
441.1835,Nullreference,0.5651487
441.1949,Nullreference,0.575259
441.2059,Nullreference,0.5903581
441.2171,Nullreference,0.602415
441.228,Nullreference,0.6042511
441.2392,Nullreference,0.6052936
441.2502,Nullreference,0.6009417
441.2615,Nullreference,0.6027918
441.2725,Nullreference,0.598558
441.2836,Nullreference,0.598604
441.2947,Nullreference,0.5867952
441.306,Nullreference,0.5755984
441.3171,Nullreference,0.560541
441.3282,Nullreference,0.5484362
441.3393,Nullreference,0.5234216
441.3503,Nullreference,0.4959484
441.3615,Nullreference,0.4672384
441.3725,Nullreference,0.4439008
441.3836,Nullreference,0.4231168
441.3948,Nullreference,0.4169222
441.4058,Nullreference,0.403812
441.4169,Nullreference,0.3881889
441.428,Nullreference,0.3775865
441.4393,Nullreference,0.3580739
441.4503,Nullreference,0.3425272
441.4613,Nullreference,0.3224431
441.4725,Nullreference,0.2991398
441.4835,Nullreference,0.2841873
441.4947,Nullreference,0.2727292
441.5058,Nullreference,0.2465896
441.5168,Nullreference,0.2265589
441.528,Nullreference,0.1939431
441.5391,Nullreference,0.1648748
441.5506,Nullreference,0.1345854
441.5618,Nullreference,0.1088261
441.5724,Nullreference,0.08660418
441.5834,Nullreference,0.07579673
441.5948,Nullreference,0.07530028
441.6058,Nullreference,0.0857292
441.6168,Nullreference,0.104175
441.628,Nullreference,0.1162025
441.6391,Nullreference,0.1377705
441.65,Nullreference,0.1531377
441.6612,Nullreference,0.1754014
441.6723,Nullreference,0.1874778
441.6835,Nullreference,0.1935597
441.6945,Nullreference,0.1952862
441.7057,Nullreference,0.1919682
441.7166,Nullreference,0.1861179
441.7279,Nullreference,0.1832074
441.7389,Nullreference,0.1772342
441.7499,Nullreference,0.1676595
441.7611,Nullreference,0.1724701
441.7721,Nullreference,0.1788157
441.7833,Nullreference,0.1766504
441.7946,Nullreference,0.1821226
441.8057,Nullreference,0.1784603
441.8167,Nullreference,0.1796474
441.8279,Nullreference,0.1788398
441.839,Nullreference,0.1724184
441.8499,Nullreference,0.1657187
441.8611,Nullreference,0.1459218
441.8722,Nullreference,0.12666
441.8831,Nullreference,0.08500288
441.8945,Nullreference,0.06023236
441.9055,Nullreference,0.0628489
441.917,Nullreference,0.0888787
441.9278,Nullreference,0.1306054
441.9387,Nullreference,0.1550121
441.95,Nullreference,0.1894227
441.961,Nullreference,0.211725
441.9721,Nullreference,0.2376121
441.9832,Nullreference,0.2486154
441.9943,Nullreference,0.2628969
442.0058,Nullreference,0.2711417
442.0165,Nullreference,0.2796368
442.0278,Nullreference,0.276298
442.0387,Nullreference,0.2749352
442.05,Nullreference,0.2697628
442.061,Nullreference,0.266132
442.0723,Nullreference,0.2645529
442.0833,Nullreference,0.2694785
442.0943,Nullreference,0.278488
442.1056,Nullreference,0.2947985
442.1166,Nullreference,0.3179407
442.1277,Nullreference,0.343979
442.1388,Nullreference,0.3676626
442.1499,Nullreference,0.3939182
442.1611,Nullreference,0.4153581
442.1722,Nullreference,0.4382846
442.1833,Nullreference,0.4550008
442.1943,Nullreference,0.4770869
442.2056,Nullreference,0.4881138
442.2166,Nullreference,0.5000455
442.2278,Nullreference,0.5135167
442.2389,Nullreference,0.5264054
442.25,Nullreference,0.5383115
442.2652,Nullreference,0.5555543
442.2725,Nullreference,0.5703807
442.2809,Nullreference,0.5827392
442.2921,Nullreference,0.5960839
442.3032,Nullreference,0.6114131
442.3141,Nullreference,0.6273736
442.3254,Nullreference,0.6368629
442.3365,Nullreference,0.6474664
442.3478,Nullreference,0.6441579
442.3587,Nullreference,0.6313806
442.3698,Nullreference,0.6163016
442.3808,Nullreference,0.5959151
442.3921,Nullreference,0.5808378
442.4033,Nullreference,0.554465
442.4142,Nullreference,0.5425373
442.4255,Nullreference,0.5271348
442.4364,Nullreference,0.5109762
442.4475,Nullreference,0.4948932
442.4587,Nullreference,0.4862317
442.4698,Nullreference,0.4809527
442.4808,Nullreference,0.4824819
442.4921,Nullreference,0.4870137
442.503,Nullreference,0.483599
442.5142,Nullreference,0.4776575
442.5255,Nullreference,0.459951
442.5363,Nullreference,0.4341846
442.5475,Nullreference,0.4135548
442.5587,Nullreference,0.3849833
442.5698,Nullreference,0.3747378
442.5809,Nullreference,0.349423
442.5919,Nullreference,0.3271064
442.6031,Nullreference,0.3134736
442.6142,Nullreference,0.288961
442.6254,Nullreference,0.2730496
442.6367,Nullreference,0.2680754
442.6479,Nullreference,0.2719543
442.6595,Nullreference,0.2836405
442.6705,Nullreference,0.3004068
442.6817,Nullreference,0.318582
442.693,Nullreference,0.3360315
442.7043,Nullreference,0.3489223
442.7156,Nullreference,0.3533702
442.7268,Nullreference,0.3546651
442.7381,Nullreference,0.3496367
442.7494,Nullreference,0.3485196
442.7607,Nullreference,0.3435113
442.7718,Nullreference,0.3373815
442.7831,Nullreference,0.3425509
442.7942,Nullreference,0.374271
442.8053,Nullreference,0.4069411
442.8163,Nullreference,0.4544465
442.8275,Nullreference,0.4943782
442.8387,Nullreference,0.5306972
442.8497,Nullreference,0.5405092
442.8607,Nullreference,0.5313807
442.8719,Nullreference,0.4956238
442.8829,Nullreference,0.4511552
442.8942,Nullreference,0.3795956
442.9052,Nullreference,0.3347707
442.9164,Nullreference,0.3209378
442.9279,Nullreference,0.3265533
442.9386,Nullreference,0.3499059
442.9498,Nullreference,0.3924574
442.9607,Nullreference,0.4287775
442.9718,Nullreference,0.4770542
442.9828,Nullreference,0.5164325
442.994,Nullreference,0.538818
443.0055,Nullreference,0.5546759
443.0163,Nullreference,0.5700673
443.0273,Nullreference,0.5808401
443.0385,Nullreference,0.5823367
443.0495,Nullreference,0.5989642
443.0607,Nullreference,0.615537
443.0717,Nullreference,0.6337956
443.0827,Nullreference,0.6605439
443.0942,Nullreference,0.6791232
443.1055,Nullreference,0.7022523
443.1161,Nullreference,0.7117085
443.1274,Nullreference,0.7245854
443.1382,Nullreference,0.7302592
443.1496,Nullreference,0.7260846
443.1606,Nullreference,0.7233533
443.1717,Nullreference,0.7164066
443.1827,Nullreference,0.7062284
443.1938,Nullreference,0.6999109
443.205,Nullreference,0.7178941
443.2162,Nullreference,0.7434087
443.2271,Nullreference,0.7579873
443.2383,Nullreference,0.7815712
443.2494,Nullreference,0.7107022
443.2605,Nullreference,0.7069658
443.2716,Nullreference,0.6500592
443.2827,Nullreference,0.6005726
443.2939,Nullreference,0.5895308
443.3049,Nullreference,0.5905753
443.3163,Nullreference,0.5709449
443.3271,Nullreference,0.5775399
443.3383,Nullreference,0.5755682
443.3496,Nullreference,0.5417178
443.3606,Nullreference,0.5110361
443.372,Nullreference,0.4827731
443.3826,Nullreference,0.4740737
443.3937,Nullreference,0.4626099
443.4047,Nullreference,0.427743
443.416,Nullreference,0.4028763
443.427,Nullreference,0.3832371
443.4382,Nullreference,0.3513609
443.4493,Nullreference,0.3039997
443.4603,Nullreference,0.2503053
443.4716,Nullreference,0.2273466
443.4829,Nullreference,0.2164471
443.4938,Nullreference,0.2169705
443.5047,Nullreference,0.2227717
443.5159,Nullreference,0.2208551
443.527,Nullreference,0.2156828
443.5381,Nullreference,0.2181803
443.5492,Nullreference,0.2186527
443.5608,Nullreference,0.2267718
443.5715,Nullreference,0.2549741
443.5826,Nullreference,0.2998691
443.5937,Nullreference,0.3464468
443.6048,Nullreference,0.3846101
443.6159,Nullreference,0.4025715
443.6269,Nullreference,0.413837
443.6381,Nullreference,0.4172848
443.6492,Nullreference,0.4136799
443.6603,Nullreference,0.410041
443.6714,Nullreference,0.3977333
443.6826,Nullreference,0.3924205
443.6939,Nullreference,0.3990608
443.7049,Nullreference,0.4200794
443.7159,Nullreference,0.4551088
443.7271,Nullreference,0.4853253
443.738,Nullreference,0.5300109
443.7492,Nullreference,0.5590253
443.7603,Nullreference,0.6047668
443.7714,Nullreference,0.6271466
443.7825,Nullreference,0.6551089
443.7935,Nullreference,0.6584633
443.8047,Nullreference,0.6539885
443.8158,Nullreference,0.6285556
443.8269,Nullreference,0.5946203
443.838,Nullreference,0.5539492
443.8491,Nullreference,0.5306982
443.8611,Nullreference,0.4941318
443.872,Nullreference,0.4750068
443.8824,Nullreference,0.4518045
443.8936,Nullreference,0.4333328
443.9047,Nullreference,0.4088091
443.9158,Nullreference,0.3915911
443.927,Nullreference,0.377197
443.9379,Nullreference,0.3665698
443.949,Nullreference,0.3631438
443.9601,Nullreference,0.3695709
443.9714,Nullreference,0.3836049
443.9823,Nullreference,0.4114109
443.9937,Nullreference,0.438972
444.0046,Nullreference,0.4638279
444.0157,Nullreference,0.4861529
444.0268,Nullreference,0.5022907
444.0383,Nullreference,0.5354403
444.049,Nullreference,0.5725104
444.0602,Nullreference,0.6117344
444.0713,Nullreference,0.6632419
444.0824,Nullreference,0.6858589
444.0935,Nullreference,0.6939967
444.1045,Nullreference,0.6898256
444.1159,Nullreference,0.6771982
444.1267,Nullreference,0.6569315
444.1378,Nullreference,0.6262763
444.149,Nullreference,0.5961456
444.1601,Nullreference,0.5618728
444.1713,Nullreference,0.5296335
444.1822,Nullreference,0.4894215
444.1935,Nullreference,0.4360846
444.2045,Nullreference,0.3864398
444.2155,Nullreference,0.3490887
444.2266,Nullreference,0.2950988
444.2379,Nullreference,0.2610019
444.2491,Nullreference,0.2211112
444.2601,Nullreference,0.1795737
444.2711,Nullreference,0.1723996
444.2822,Nullreference,0.1563465
444.2932,Nullreference,0.165371
444.3047,Nullreference,0.1649459
444.3156,Nullreference,0.171947
444.3267,Nullreference,0.1748133
444.3378,Nullreference,0.1983967
444.3489,Nullreference,0.2191579
444.3602,Nullreference,0.2528258
444.3711,Nullreference,0.2802124
444.3822,Nullreference,0.2992236
444.3933,Nullreference,0.3097987
444.4045,Nullreference,0.3150453
444.4155,Nullreference,0.3125181
444.4267,Nullreference,0.3015225
444.4377,Nullreference,0.2886624
444.4488,Nullreference,0.2876724
444.46,Nullreference,0.2793924
444.471,Nullreference,0.2588659
444.4821,Nullreference,0.2370352
444.4932,Nullreference,0.2257325
444.5045,Nullreference,0.2289855
444.5155,Nullreference,0.2286165
444.5266,Nullreference,0.2070947
444.5378,Nullreference,0.1887185
444.5487,Nullreference,0.1469254
444.5599,Nullreference,0.1197959
444.5716,Nullreference,0.09776842
444.5822,Nullreference,0.07673879
444.5931,Nullreference,0.05279057
444.6043,Nullreference,0.04302625
444.6156,Nullreference,0.05177636
444.6265,Nullreference,0.06301865
444.6377,Nullreference,0.08719636
444.6488,Nullreference,0.1121211
444.6598,Nullreference,0.1481567
444.671,Nullreference,0.1746373
444.6821,Nullreference,0.1970865
444.6931,Nullreference,0.2311749
444.7045,Nullreference,0.278348
444.7154,Nullreference,0.3550189
444.7266,Nullreference,0.4308704
444.7375,Nullreference,0.5153623
444.7486,Nullreference,0.5882899
444.7598,Nullreference,0.6455914
444.7709,Nullreference,0.7145025
444.782,Nullreference,0.7717341
444.7932,Nullreference,0.8513895
444.8045,Nullreference,0.933488
444.8156,Nullreference,1.038498
444.8266,Nullreference,1.140866
444.8376,Nullreference,1.206272
444.8489,Nullreference,1.267635
444.8599,Nullreference,1.322751
444.871,Nullreference,1.396648
444.882,Nullreference,1.477467
444.8933,Nullreference,1.584476
444.9043,Nullreference,1.67996
444.9154,Nullreference,1.788002
444.9265,Nullreference,1.869998
444.9375,Nullreference,1.925874
444.9488,Nullreference,1.966949
444.9597,Nullreference,1.991607
444.9709,Nullreference,2.011694
444.9819,Nullreference,2.008882
444.993,Nullreference,2.014736
445.0042,Nullreference,2.010864
445.0152,Nullreference,1.999528
445.0262,Nullreference,1.993018
445.0374,Nullreference,1.975259
445.0485,Nullreference,1.948318
445.0596,Nullreference,1.921725
445.0707,Nullreference,1.872891
445.0819,Nullreference,1.824677
445.093,Nullreference,1.766862
445.104,Nullreference,1.699784
445.1151,Nullreference,1.634993
445.1262,Nullreference,1.551739
445.1373,Nullreference,1.483782
445.1485,Nullreference,1.388887
445.1595,Nullreference,1.310234
445.1707,Nullreference,1.214484
445.1817,Nullreference,1.118061
445.1928,Nullreference,1.039936
445.2039,Nullreference,0.94731
445.2151,Nullreference,0.8736383
445.2264,Nullreference,0.7803611
445.2375,Nullreference,0.7083194
445.2484,Nullreference,0.622581
445.2596,Nullreference,0.5468175
445.2706,Nullreference,0.4798702
445.2818,Nullreference,0.4158629
445.2931,Nullreference,0.3804159
445.3039,Nullreference,0.3482806
445.315,Nullreference,0.3340269
445.3261,Nullreference,0.3307529
445.3372,Nullreference,0.336922
445.3483,Nullreference,0.3466316
445.3597,Nullreference,0.3652603
445.3707,Nullreference,0.3968678
445.3816,Nullreference,0.4373307
445.3929,Nullreference,0.4794637
445.4038,Nullreference,0.5168167
445.415,Nullreference,0.5627745
445.4261,Nullreference,0.5961413
445.4372,Nullreference,0.6430485
445.4484,Nullreference,0.6916205
445.4595,Nullreference,0.7290441
445.4706,Nullreference,0.7882539
445.4816,Nullreference,0.8407802
445.4926,Nullreference,0.9144029
445.5039,Nullreference,1.000066
445.5148,Nullreference,1.081941
445.5261,Nullreference,1.176098
445.537,Nullreference,1.238313
445.5484,Nullreference,1.30011
445.5595,Nullreference,1.336915
445.5705,Nullreference,1.346824
445.5817,Nullreference,1.348373
445.5927,Nullreference,1.350382
445.6039,Nullreference,1.344186
445.6153,Nullreference,1.324383
445.6262,Nullreference,1.307146
445.6375,Nullreference,1.296552
445.6486,Nullreference,1.306844
445.6595,Nullreference,1.331513
445.671,Nullreference,1.380204
445.6817,Nullreference,1.437704
445.6927,Nullreference,1.471816
445.7039,Nullreference,1.495758
445.715,Nullreference,1.501264
445.7263,Nullreference,1.523485
445.7372,Nullreference,1.544543
445.7485,Nullreference,1.565508
445.7594,Nullreference,1.583804
445.7705,Nullreference,1.61248
445.7821,Nullreference,1.637709
445.7928,Nullreference,1.678525
445.8039,Nullreference,1.697771
445.8151,Nullreference,1.685272
445.826,Nullreference,1.658576
445.8374,Nullreference,1.636368
445.8482,Nullreference,1.6367
445.8593,Nullreference,1.650552
445.8705,Nullreference,1.640793
445.8817,Nullreference,1.617668
445.8927,Nullreference,1.606655
445.9043,Nullreference,1.582501
445.9149,Nullreference,1.565848
445.926,Nullreference,1.550486
445.9371,Nullreference,1.544647
445.9482,Nullreference,1.537763
445.9594,Nullreference,1.517133
445.9704,Nullreference,1.498323
445.9818,Nullreference,1.479314
445.9926,Nullreference,1.483707
446.0038,Nullreference,1.486191
446.015,Nullreference,1.469337
446.0259,Nullreference,1.442312
446.0372,Nullreference,1.425667
446.0482,Nullreference,1.411753
446.0594,Nullreference,1.403993
446.0704,Nullreference,1.393758
446.0816,Nullreference,1.386894
446.0926,Nullreference,1.378561
446.1038,Nullreference,1.383336
446.1153,Nullreference,1.386529
446.126,Nullreference,1.395443
446.137,Nullreference,1.401104
446.1481,Nullreference,1.391768
446.1593,Nullreference,1.375932
446.1705,Nullreference,1.358559
446.1816,Nullreference,1.32633
446.1926,Nullreference,1.2732
446.2039,Nullreference,1.227214
446.2149,Nullreference,1.15441
446.226,Nullreference,1.087695
446.237,Nullreference,1.006421
446.248,Nullreference,0.9271978
446.2593,Nullreference,0.8485382
446.2703,Nullreference,0.7902434
446.2816,Nullreference,0.7261158
446.2926,Nullreference,0.6776574
446.3037,Nullreference,0.6252968
446.3148,Nullreference,0.5778437
446.3259,Nullreference,0.5486363
446.337,Nullreference,0.5158092
446.3483,Nullreference,0.4991106
446.3592,Nullreference,0.4863344
446.3703,Nullreference,0.4749475
446.3814,Nullreference,0.4665858
446.3927,Nullreference,0.4508761
446.4036,Nullreference,0.4377076
446.4147,Nullreference,0.4130986
446.4258,Nullreference,0.396645
446.437,Nullreference,0.3496832
446.4481,Nullreference,0.3250413
446.4592,Nullreference,0.3087301
446.4703,Nullreference,0.3005217
446.4814,Nullreference,0.2966198
446.4927,Nullreference,0.2797406
446.5037,Nullreference,0.2779453
446.5147,Nullreference,0.2774547
446.5259,Nullreference,0.2928078
446.5371,Nullreference,0.3115225
446.5479,Nullreference,0.3207544
446.5592,Nullreference,0.3233116
446.5706,Nullreference,0.3206944
446.5814,Nullreference,0.3185678
446.5925,Nullreference,0.3160717
446.6035,Nullreference,0.320522
446.6147,Nullreference,0.3281501
446.6257,Nullreference,0.3340176
446.637,Nullreference,0.3340076
446.6479,Nullreference,0.3427316
446.659,Nullreference,0.3407228
446.6701,Nullreference,0.3428486
446.6812,Nullreference,0.3400817
446.6923,Nullreference,0.3393585
446.7034,Nullreference,0.3412546
446.7145,Nullreference,0.3509536
446.7257,Nullreference,0.3607847
446.737,Nullreference,0.3720402
446.7478,Nullreference,0.3925351
446.759,Nullreference,0.4043605
446.7703,Nullreference,0.4281213
446.7813,Nullreference,0.4492649
446.7924,Nullreference,0.4727773
446.8035,Nullreference,0.4927461
446.8146,Nullreference,0.5122821
446.8256,Nullreference,0.5338084
446.8368,Nullreference,0.5632532
446.8479,Nullreference,0.5925501
446.8589,Nullreference,0.6238451
446.87,Nullreference,0.6575683
446.8812,Nullreference,0.7011456
446.8922,Nullreference,0.7483556
446.9035,Nullreference,0.800239
446.9144,Nullreference,0.8707319
446.9256,Nullreference,0.932172
446.9367,Nullreference,1.020381
446.9478,Nullreference,1.095847
446.959,Nullreference,1.188907
446.9699,Nullreference,1.268808
446.9812,Nullreference,1.343634
446.9922,Nullreference,1.428466
447.0032,Nullreference,1.504239
447.0144,Nullreference,1.607246
447.0257,Nullreference,1.701662
447.0366,Nullreference,1.809764
447.048,Nullreference,1.907829
447.059,Nullreference,2.002935
447.0699,Nullreference,2.083768
447.0811,Nullreference,2.131993
447.0921,Nullreference,2.183456
447.1032,Nullreference,2.25003
447.1143,Nullreference,2.276639
447.1254,Nullreference,2.27578
447.1365,Nullreference,2.266249
447.1475,Nullreference,2.252043
447.1587,Nullreference,2.234318
447.1697,Nullreference,2.206449
447.181,Nullreference,2.159344
447.192,Nullreference,2.109591
447.2031,Nullreference,2.000884
447.2142,Nullreference,1.903668
447.2253,Nullreference,1.797348
447.2365,Nullreference,1.731622
447.2475,Nullreference,1.709135
447.2587,Nullreference,1.690926
447.2702,Nullreference,1.694872
447.281,Nullreference,1.692835
447.2919,Nullreference,1.683289
447.3031,Nullreference,1.652003
447.3141,Nullreference,1.598237
447.3255,Nullreference,1.545265
447.3364,Nullreference,1.494741
447.3475,Nullreference,1.464285
447.3586,Nullreference,1.424887
447.3698,Nullreference,1.399798
447.3808,Nullreference,1.36018
447.3919,Nullreference,1.321036
447.403,Nullreference,1.27868
447.4142,Nullreference,1.251373
447.4254,Nullreference,1.227378
447.4363,Nullreference,1.22124
447.4475,Nullreference,1.224456
447.4586,Nullreference,1.236305
447.4698,Nullreference,1.250349
447.4808,Nullreference,1.259363
447.4919,Nullreference,1.267214
447.5032,Nullreference,1.261175
447.5141,Nullreference,1.259095
447.5254,Nullreference,1.267844
447.5363,Nullreference,1.297234
447.5476,Nullreference,1.335854
447.5586,Nullreference,1.372078
447.5698,Nullreference,1.390282
447.5807,Nullreference,1.377645
447.592,Nullreference,1.331318
447.6031,Nullreference,1.273933
447.6144,Nullreference,1.222362
447.6256,Nullreference,1.180482
447.6363,Nullreference,1.151811
447.6474,Nullreference,1.144427
447.6585,Nullreference,1.138272
447.6697,Nullreference,1.117624
447.6808,Nullreference,1.074475
447.6918,Nullreference,1.041712
447.7029,Nullreference,1.018818
447.714,Nullreference,1.02205
447.7252,Nullreference,1.049663
447.7362,Nullreference,1.077435
447.7474,Nullreference,1.106873
447.7585,Nullreference,1.134936
447.7697,Nullreference,1.14312
447.7807,Nullreference,1.147317
447.7917,Nullreference,1.153021
447.8028,Nullreference,1.159804
447.8142,Nullreference,1.163058
447.8252,Nullreference,1.169598
447.8363,Nullreference,1.188621
447.8474,Nullreference,1.201791
447.8584,Nullreference,1.218228
447.8696,Nullreference,1.229875
447.8807,Nullreference,1.249471
447.8918,Nullreference,1.266339
447.903,Nullreference,1.279773
447.914,Nullreference,1.288129
447.9251,Nullreference,1.295626
447.9362,Nullreference,1.302406
447.9473,Nullreference,1.295593
447.9584,Nullreference,1.292944
447.9696,Nullreference,1.288804
447.9808,Nullreference,1.286766
447.9918,Nullreference,1.279115
448.0029,Nullreference,1.276476
448.014,Nullreference,1.268391
448.025,Nullreference,1.263395
448.0362,Nullreference,1.252568
448.0475,Nullreference,1.234431
448.0584,Nullreference,1.208178
448.0696,Nullreference,1.180654
448.0807,Nullreference,1.154403
448.0917,Nullreference,1.127478
448.1032,Nullreference,1.111229
448.114,Nullreference,1.098493
448.1251,Nullreference,1.074
448.1361,Nullreference,1.046942
448.1473,Nullreference,1.022799
448.1584,Nullreference,0.9886038
448.1696,Nullreference,0.9546272
448.1807,Nullreference,0.9210846
448.1918,Nullreference,0.8949929
448.2029,Nullreference,0.8587203
448.2139,Nullreference,0.8202002
448.2251,Nullreference,0.7936034
448.2362,Nullreference,0.7506037
448.2472,Nullreference,0.7178319
448.2585,Nullreference,0.6761295
448.2694,Nullreference,0.6417679
448.2805,Nullreference,0.6054755
448.2917,Nullreference,0.5846822
448.303,Nullreference,0.5589598
448.3139,Nullreference,0.5353997
448.3249,Nullreference,0.5152916
448.3361,Nullreference,0.4980941
448.3472,Nullreference,0.4865044
448.3582,Nullreference,0.4670039
448.3694,Nullreference,0.4446045
448.3812,Nullreference,0.426736
448.3917,Nullreference,0.4073293
448.4028,Nullreference,0.3946849
448.4139,Nullreference,0.3826205
448.4249,Nullreference,0.3796088
448.436,Nullreference,0.3610527
448.4473,Nullreference,0.34156
448.4583,Nullreference,0.3123558
448.4693,Nullreference,0.2868079
448.4804,Nullreference,0.2675819
448.4916,Nullreference,0.2506123
448.5029,Nullreference,0.239067
448.5139,Nullreference,0.2261808
448.5249,Nullreference,0.2118862
448.5362,Nullreference,0.1997098
448.5473,Nullreference,0.18469
448.5583,Nullreference,0.1704605
448.5695,Nullreference,0.1508674
448.5807,Nullreference,0.1264917
448.5917,Nullreference,0.1003648
448.6031,Nullreference,0.07816225
448.6141,Nullreference,0.06954517
448.6252,Nullreference,0.06479511
448.6362,Nullreference,0.06796397
448.6472,Nullreference,0.07480966
448.6584,Nullreference,0.08405036
448.6694,Nullreference,0.08335679
448.6804,Nullreference,0.08146135
448.6916,Nullreference,0.0819152
448.7028,Nullreference,0.08301575
448.7138,Nullreference,0.09123938
448.725,Nullreference,0.1029446
448.7361,Nullreference,0.1238911
448.7471,Nullreference,0.1489384
448.7582,Nullreference,0.1781009
448.7693,Nullreference,0.2038404
448.7804,Nullreference,0.2327923
448.7915,Nullreference,0.2555386
448.8026,Nullreference,0.2666099
448.8137,Nullreference,0.2831598
448.8249,Nullreference,0.2978375
448.8359,Nullreference,0.3106195
448.8473,Nullreference,0.3290121
448.8582,Nullreference,0.3498622
448.8694,Nullreference,0.3718175
448.8804,Nullreference,0.3900557
448.8914,Nullreference,0.4048527
448.9087,Nullreference,0.4269594
448.9211,Nullreference,0.4237495
448.932,Nullreference,0.4125214
448.9432,Nullreference,0.3891085
448.9543,Nullreference,0.3533956
448.9653,Nullreference,0.3024796
448.9764,Nullreference,0.2339686
448.9875,Nullreference,0.1769182
448.9988,Nullreference,0.1112819
449.0099,Nullreference,0.06979718
449.0209,Nullreference,0.02504704
449.0319,Nullreference,0.05134954
449.0432,Nullreference,0.09081504
449.0544,Nullreference,0.1329019
449.0655,Nullreference,0.1766225
449.0764,Nullreference,0.2105637
449.088,Nullreference,0.2606146
449.0986,Nullreference,0.2936311
449.1099,Nullreference,0.3157519
449.121,Nullreference,0.3110804
449.1319,Nullreference,0.2755678
449.1429,Nullreference,0.2256832
449.1541,Nullreference,0.1752736
449.1653,Nullreference,0.1270718
449.1764,Nullreference,0.1023775
449.1874,Nullreference,0.09579006
449.1987,Nullreference,0.09782974
449.2097,Nullreference,0.1031837
449.2209,Nullreference,0.1073587
449.2319,Nullreference,0.1223304
449.2431,Nullreference,0.1300647
449.2542,Nullreference,0.1525254
449.2654,Nullreference,0.1796599
449.2769,Nullreference,0.2076939
449.2881,Nullreference,0.2399321
449.2995,Nullreference,0.2761753
449.3109,Nullreference,0.2986146
449.3225,Nullreference,0.3196925
449.3333,Nullreference,0.3351127
449.3446,Nullreference,0.3407038
449.3559,Nullreference,0.3477474
449.3672,Nullreference,0.3571666
449.3788,Nullreference,0.3585046
449.3899,Nullreference,0.3562734
449.4011,Nullreference,0.3482759
449.4127,Nullreference,0.3518338
449.4238,Nullreference,0.3424228
449.4352,Nullreference,0.333566
449.4467,Nullreference,0.3206049
449.4578,Nullreference,0.3038235
449.4691,Nullreference,0.2849155
449.4803,Nullreference,0.272625
449.4914,Nullreference,0.2607929
449.5026,Nullreference,0.2509799
449.5135,Nullreference,0.240433
449.5247,Nullreference,0.2322689
449.5359,Nullreference,0.2200304
449.5469,Nullreference,0.2097932
449.5582,Nullreference,0.1964373
449.5694,Nullreference,0.1817487
449.5801,Nullreference,0.1579117
449.5915,Nullreference,0.1352033
449.6028,Nullreference,0.1157697
449.6137,Nullreference,0.1134018
449.6249,Nullreference,0.1216669
449.6357,Nullreference,0.1396837
449.6468,Nullreference,0.1669197
449.6579,Nullreference,0.1859169
449.6691,Nullreference,0.1928073
449.6801,Nullreference,0.1909803
449.6911,Nullreference,0.1888191
449.7023,Nullreference,0.1727801
449.7134,Nullreference,0.1687253
449.7247,Nullreference,0.1634229
449.7357,Nullreference,0.1598547
449.7467,Nullreference,0.1700272
449.7578,Nullreference,0.1802689
449.7695,Nullreference,0.195987
449.7801,Nullreference,0.2203468
449.7911,Nullreference,0.2424856
449.8022,Nullreference,0.2730567
449.8133,Nullreference,0.3049196
449.8245,Nullreference,0.3389276
449.8359,Nullreference,0.3701088
449.8469,Nullreference,0.3972174
449.8578,Nullreference,0.4168929
449.8694,Nullreference,0.4408096
449.8801,Nullreference,0.4644289
449.8913,Nullreference,0.4883745
449.9023,Nullreference,0.5079558
449.9134,Nullreference,0.527343
449.925,Nullreference,0.5512286
449.9355,Nullreference,0.5664501
449.9469,Nullreference,0.5866693
449.9579,Nullreference,0.6138897
449.9689,Nullreference,0.6368247
449.98,Nullreference,0.6773951
449.9911,Nullreference,0.7305522
450.0022,Nullreference,0.7968929
450.0135,Nullreference,0.8531945
450.0243,Nullreference,0.9417787
450.0359,Nullreference,1.016636
450.0467,Nullreference,1.125296
450.0577,Nullreference,1.246814
450.069,Nullreference,1.337155
450.08,Nullreference,1.428468
450.0911,Nullreference,1.509496
450.1023,Nullreference,1.621626
450.1133,Nullreference,1.730589
450.1243,Nullreference,1.851763
450.1361,Nullreference,1.944141
450.1467,Nullreference,1.998727
450.1585,Nullreference,2.004299
450.1687,Nullreference,1.996132
450.1799,Nullreference,1.993041
450.1909,Nullreference,1.98645
450.202,Nullreference,1.951822
450.2134,Nullreference,1.91559
450.2244,Nullreference,1.879062
450.2354,Nullreference,1.810985
450.2471,Nullreference,1.721335
450.2577,Nullreference,1.618774
450.2689,Nullreference,1.557549
450.28,Nullreference,1.506938
450.2911,Nullreference,1.478234
450.3024,Nullreference,1.451655
450.3131,Nullreference,1.44267
450.3242,Nullreference,1.441982
450.3355,Nullreference,1.413631
450.3465,Nullreference,1.350707
450.3576,Nullreference,1.275126
450.3689,Nullreference,1.21117
450.3799,Nullreference,1.178501
450.391,Nullreference,1.149077
450.402,Nullreference,1.122317
450.4136,Nullreference,1.110352
450.4243,Nullreference,1.075071
450.4354,Nullreference,1.029739
450.4464,Nullreference,0.9933466
450.4576,Nullreference,0.9857208
450.4686,Nullreference,0.9775177
450.4796,Nullreference,0.9529803
450.4908,Nullreference,0.9232162
450.502,Nullreference,0.8880894
450.5131,Nullreference,0.8635744
450.5241,Nullreference,0.8441978
450.5353,Nullreference,0.8126323
450.5463,Nullreference,0.7840142
450.5574,Nullreference,0.7535601
450.5686,Nullreference,0.7117389
450.5798,Nullreference,0.6690667
450.5908,Nullreference,0.6186793
450.602,Nullreference,0.5686895
450.613,Nullreference,0.5333481
450.6244,Nullreference,0.4944103
450.6352,Nullreference,0.4604028
450.6462,Nullreference,0.434222
450.6572,Nullreference,0.4017815
450.6685,Nullreference,0.359793
450.6795,Nullreference,0.3307955
450.6907,Nullreference,0.2876611
450.7017,Nullreference,0.2566972
450.7129,Nullreference,0.2288041
450.7239,Nullreference,0.2123554
450.7351,Nullreference,0.2026909
450.7462,Nullreference,0.198731
450.7573,Nullreference,0.2065229
450.7682,Nullreference,0.2067499
450.7796,Nullreference,0.2106794
450.7906,Nullreference,0.2216113
450.8017,Nullreference,0.2398655
450.8126,Nullreference,0.2647687
450.8237,Nullreference,0.2926746
450.835,Nullreference,0.303999
450.846,Nullreference,0.3041913
450.8571,Nullreference,0.3000304
450.8682,Nullreference,0.287448
450.8794,Nullreference,0.2792197
450.8904,Nullreference,0.2741188
450.9017,Nullreference,0.2750434
450.9127,Nullreference,0.2863258
450.9239,Nullreference,0.2989792
450.9349,Nullreference,0.3171579
450.946,Nullreference,0.3419163
450.9571,Nullreference,0.3520333
450.9683,Nullreference,0.3677796
450.9792,Nullreference,0.3891604
450.9904,Nullreference,0.4198035
451.0015,Nullreference,0.4609511
451.0125,Nullreference,0.5233178
451.0237,Nullreference,0.5954009
451.0348,Nullreference,0.6554157
451.0458,Nullreference,0.7323368
451.057,Nullreference,0.790945
451.0692,Nullreference,0.851163
451.0791,Nullreference,0.8988562
451.0904,Nullreference,0.9606963
451.1015,Nullreference,0.9962808
451.1126,Nullreference,1.035909
451.1236,Nullreference,1.058297
451.1349,Nullreference,1.075413
451.1459,Nullreference,1.092411
451.1569,Nullreference,1.095389
451.1681,Nullreference,1.093472
451.1791,Nullreference,1.091375
451.1903,Nullreference,1.08215
451.2013,Nullreference,1.081245
451.2124,Nullreference,1.082764
451.2244,Collider_Roger_State_action,1.079721
451.2355,Collider_Roger_State_action,1.085568
451.2462,Collider_Roger_State_action,1.096601
451.2574,Collider_Roger_State_action,1.106548
451.2686,Collider_Roger_State_action,1.11469
451.2796,Collider_Roger_State_action,1.135303
451.2908,Collider_Roger_State_action,1.146623
451.302,Collider_Roger_State_action,1.157256
451.3131,Collider_Roger_State_action,1.173576
451.3241,Collider_Roger_State_action,1.1914
451.3351,Collider_Roger_State_action,1.227941
451.3461,Collider_Roger_State_action,1.262126
451.3578,Collider_Roger_State_action,1.302181
451.3686,Collider_Roger_State_action,1.342625
451.3795,Collider_Roger_State_action,1.393355
451.3907,Collider_Roger_State_action,1.454537
451.4017,Collider_Roger_State_action,1.502248
451.4128,Collider_Roger_State_action,1.540697
451.424,Collider_Roger_State_action,1.565856
451.435,Collider_Roger_State_action,1.58809
451.4462,Nullreference,1.599163
451.4572,Nullreference,1.600406
451.4682,Nullreference,1.593212
451.4794,Nullreference,1.586322
451.4906,Nullreference,1.557261
451.5018,Nullreference,1.534373
451.5128,Nullreference,1.503171
451.524,Nullreference,1.470245
451.5352,Nullreference,1.437997
451.5464,Nullreference,1.404208
451.5572,Nullreference,1.383098
451.5684,Nullreference,1.362452
451.5796,Nullreference,1.358384
451.5905,Nullreference,1.359516
451.6018,Nullreference,1.349767
451.6128,Nullreference,1.345288
451.624,Nullreference,1.331258
451.6352,Nullreference,1.306428
451.6461,Nullreference,1.275639
451.6572,Nullreference,1.244672
451.6682,Nullreference,1.217951
451.6797,Nullreference,1.195881
451.6906,Nullreference,1.189921
451.7015,Nullreference,1.184654
451.7127,Nullreference,1.168374
451.7239,Nullreference,1.135514
451.735,Nullreference,1.086283
451.7461,Nullreference,1.037948
451.7577,Nullreference,1.01585
451.7683,Nullreference,1.004223
451.7794,Nullreference,1.022399
451.7906,Nullreference,1.050542
451.8021,Nullreference,1.072592
451.8128,Nullreference,1.070549
451.8239,Nullreference,1.052356
451.8354,Nullreference,1.013292
451.8461,Nullreference,0.9408699
451.8571,Nullreference,0.8712088
451.8683,Nullreference,0.8071319
451.8793,Nullreference,0.7425982
451.8906,Nullreference,0.7071297
451.9015,Nullreference,0.6825156
451.9126,Nullreference,0.6823158
451.9239,Nullreference,0.6911529
451.9349,Nullreference,0.7109121
451.9459,Nullreference,0.7226554
451.9571,Nullreference,0.7119401
451.9682,Nullreference,0.6814292
451.9796,Nullreference,0.6158925
451.9904,Nullreference,0.5536909
452.0017,Nullreference,0.478628
452.0127,Nullreference,0.4175626
452.0239,Nullreference,0.3815132
452.035,Nullreference,0.3576596
452.0467,Nullreference,0.359329
452.0573,Nullreference,0.3811223
452.0685,Nullreference,0.4133321
452.0795,Nullreference,0.4403457
452.0907,Nullreference,0.4657426
452.1017,Nullreference,0.4878803
452.1128,Nullreference,0.5092426
452.1237,Nullreference,0.5374442
452.136,Nullreference,0.5605913
452.1459,Nullreference,0.5824888
452.1572,Nullreference,0.6065744
452.1684,Nullreference,0.6184364
452.1794,Nullreference,0.62125
452.1909,Nullreference,0.6168078
452.2018,Nullreference,0.6173165
452.2126,Nullreference,0.6134856
452.2238,Nullreference,0.5995896
452.235,Nullreference,0.5854587
452.2459,Nullreference,0.5721611
452.2571,Nullreference,0.5514173
452.2682,Nullreference,0.5306631
452.2794,Nullreference,0.5051234
452.2904,Nullreference,0.4819272
452.3015,Nullreference,0.4581389
452.3126,Nullreference,0.435212
452.3237,Nullreference,0.4118497
452.3349,Nullreference,0.3902858
452.346,Nullreference,0.3577842
452.357,Nullreference,0.336444
452.3682,Nullreference,0.3066787
452.3792,Nullreference,0.2752491
452.3904,Nullreference,0.2361868
452.4015,Nullreference,0.2065746
452.4124,Nullreference,0.1683214
452.4235,Nullreference,0.1284203
452.4352,Nullreference,0.103725
452.4458,Nullreference,0.07851899
452.4573,Nullreference,0.06574523
452.4681,Nullreference,0.05397977
452.4792,Nullreference,0.05965535
452.4903,Nullreference,0.07489927
452.5015,Nullreference,0.08999211
452.5124,Nullreference,0.1044368
452.5237,Nullreference,0.120629
452.5351,Nullreference,0.13209
452.5458,Nullreference,0.1446332
452.5569,Nullreference,0.1592909
452.5681,Nullreference,0.1814275
452.5792,Nullreference,0.2052506
452.5903,Nullreference,0.231667
452.6017,Nullreference,0.2643281
452.6125,Nullreference,0.2879191
452.6241,Nullreference,0.3194431
452.6347,Nullreference,0.343957
452.6458,Nullreference,0.3680878
452.6581,Nullreference,0.3949826
452.6679,Nullreference,0.4062048
452.6791,Nullreference,0.4195814
452.6902,Nullreference,0.425279
452.7015,Nullreference,0.4281279
452.7124,Nullreference,0.4342023
452.7238,Nullreference,0.4295289
452.7348,Nullreference,0.4305987
452.7458,Nullreference,0.4304689
452.7569,Nullreference,0.4287494
452.768,Nullreference,0.4349503
452.7792,Nullreference,0.4307016
452.7903,Nullreference,0.4286517
452.8014,Nullreference,0.4311905
452.8124,Nullreference,0.4278542
452.8236,Nullreference,0.4352631
452.8347,Nullreference,0.4450793
452.8457,Nullreference,0.455953
452.8573,Nullreference,0.4691785
452.8679,Nullreference,0.483463
452.8791,Nullreference,0.5075473
452.8908,Collider_Roger_State_action,0.5187295
452.9013,Collider_Roger_State_action,0.5320354
452.9123,Collider_Roger_State_action,0.5517024
452.9235,Collider_Roger_State_action,0.5595376
452.9348,Collider_Roger_State_action,0.5736483
452.9458,Collider_Roger_State_action,0.5775422
452.9571,Collider_Roger_State_action,0.574851
452.9678,Collider_Roger_State_action,0.5762088
452.9798,Collider_Roger_State_action,0.5680196
452.99,Collider_Roger_State_action,0.5639797
453.0012,Collider_Roger_State_action,0.5599288
453.0124,Collider_Roger_State_action,0.5509105
453.0233,Collider_Roger_State_action,0.5399255
453.0348,Collider_Roger_State_action,0.5222312
453.0458,Collider_Roger_State_action,0.5018622
453.0568,Collider_Roger_State_action,0.4737293
453.0679,Collider_Roger_State_action,0.4476821
453.0789,Collider_Roger_State_action,0.4225386
453.0901,Collider_Roger_State_action,0.3923279
453.1012,Collider_Roger_State_action,0.3688706
453.1123,Collider_Roger_State_action,0.3406634
453.1234,Collider_Roger_State_action,0.3186235
453.1344,Collider_Roger_State_action,0.3009721
453.1455,Collider_Roger_State_action,0.2811995
453.1566,Collider_Roger_State_action,0.2682032
453.1679,Collider_Roger_State_action,0.2517701
453.179,Nullreference,0.2340565
453.1902,Plane,0.222833
453.2013,Plane,0.2043557
453.2122,Plane,0.1945445
453.2234,Plane,0.1762857
453.2345,Plane,0.1607441
453.2458,Plane,0.1515817
453.2567,Plane,0.135391
453.2677,Plane,0.1294293
453.2789,Plane,0.1189152
453.2898,Plane,0.1116741
453.3011,Plane,0.1099301
453.3122,Plane,0.1068546
453.3238,Plane,0.1049684
453.3345,Plane,0.104941
453.3456,Plane,0.09997877
453.3566,Plane,0.1009904
453.3677,Plane,0.09765628
453.3787,Plane,0.08832601
453.3899,Plane,0.08036493
453.4009,Plane,0.07820144
453.412,Plane,0.07749855
453.4232,Plane,0.07034843
453.4343,Plane,0.08601925
453.4454,Plane,0.09477336
453.4566,Plane,0.1120946
453.4676,Plane,0.1231402
453.4788,Plane,0.1288944
453.4899,Plane,0.1346803
453.5009,Plane,0.1413841
453.512,Plane,0.1523695
453.5232,Plane,0.1553866
453.5342,Plane,0.1582976
453.5454,Plane,0.172142
453.5566,Plane,0.1809906
453.5674,Plane,0.2061565
453.5787,Plane,0.2270044
453.5898,Plane,0.2518862
453.6009,Plane,0.2730621
453.6121,Plane,0.2899375
453.6235,Plane,0.3026589
453.6342,Nullreference,0.3255051
453.6453,Nullreference,0.3444479
453.6563,Nullreference,0.3517098
453.668,Plane,0.35334
453.6787,Plane,0.3394167
453.6897,Plane,0.3324527
453.7007,Plane,0.3184603
453.7119,Plane,0.3155619
453.7231,Plane,0.3152629
453.7341,Plane,0.3191158
453.7452,Plane,0.3278605
453.7566,Plane,0.3399231
453.7675,Nullreference,0.3566034
453.7787,Nullreference,0.3648882
453.7896,Nullreference,0.369361
453.8014,Nullreference,0.3614279
453.8119,Nullreference,0.3532861
453.8231,Nullreference,0.3401746
453.8341,Nullreference,0.3318346
453.8453,Nullreference,0.3195861
453.8564,Collider_Roger_State_action,0.3174579
453.8673,Nullreference,0.3132323
453.8786,Nullreference,0.3028482
453.8896,Nullreference,0.2967538
453.9008,Nullreference,0.2918668
453.9119,Nullreference,0.2799065
453.9229,Nullreference,0.2516759
453.9341,Collider_Roger_State_action,0.2376332
453.9452,Collider_Roger_State_action,0.2334894
453.9561,Collider_Roger_State_action,0.2350234
453.9673,Collider_Roger_State_action,0.2418058
453.9783,Nullreference,0.2458182
453.9895,Nullreference,0.2605943
454.0008,Nullreference,0.2752368
454.0118,Nullreference,0.2905199
454.023,Nullreference,0.3126297
454.0341,Nullreference,0.3262468
454.0451,Nullreference,0.3501452
454.0562,Nullreference,0.3743023
454.0674,Nullreference,0.4170416
454.0785,Nullreference,0.4532269
454.0896,Collider_Roger_State_action,0.4867054
454.1008,Nullreference,0.4846785
454.1118,Nullreference,0.464193
454.1229,Nullreference,0.4419973
454.134,Nullreference,0.4156098
454.1451,Nullreference,0.3661161
454.1562,Nullreference,0.3192708
454.1672,Nullreference,0.2549635
454.1785,Nullreference,0.2175872
454.1896,Nullreference,0.1828565
454.2006,Nullreference,0.1623346
454.2117,Nullreference,0.1462639
454.2232,Nullreference,0.1346122
454.2338,Nullreference,0.1290789
454.245,Nullreference,0.1342004
454.2561,Nullreference,0.1472425
454.2672,Nullreference,0.1613505
454.2783,Nullreference,0.1668667
454.2895,Nullreference,0.1581885
454.3006,Nullreference,0.1400478
454.3116,Nullreference,0.1183059
454.3228,Nullreference,0.09829465
454.334,Nullreference,0.08824432
454.3449,Nullreference,0.07475423
454.356,Nullreference,0.05562432
454.3671,Nullreference,0.04134558
454.3783,Nullreference,0.03467654
454.3897,Nullreference,0.0340877
454.4003,Nullreference,0.03306573
454.4117,Nullreference,0.03318867
454.4227,Nullreference,0.05085448
454.4338,Nullreference,0.08057164
454.4449,Nullreference,0.1254666
454.4561,Nullreference,0.1563214
454.4672,Nullreference,0.1726199
454.4782,Nullreference,0.1765002
454.4894,Nullreference,0.1768226
454.5005,Nullreference,0.1757867
454.5116,Nullreference,0.1838151
454.5231,Nullreference,0.1997249
454.5339,Collider_Roger_State_action,0.2028978
454.5449,Collider_Roger_State_action,0.2065709
454.5558,Nullreference,0.222922
454.567,Nullreference,0.2363103
454.5781,Collider_Roger_State_action,0.2442564
454.5896,Collider_Roger_State_action,0.2426949
454.6003,Nullreference,0.2369875
454.6115,Nullreference,0.2285017
454.6228,Collider_Roger_State_action,0.2248493
454.6338,Nullreference,0.222422
454.6449,Nullreference,0.2207827
454.6561,Nullreference,0.2209241
454.6671,Nullreference,0.2287142
454.6781,Plane,0.2392614
454.6893,Plane,0.239597
454.7003,Nullreference,0.2327208
454.7114,Nullreference,0.2261463
454.7226,Nullreference,0.2129483
454.7337,Nullreference,0.2026568
454.7448,Nullreference,0.1971082
454.756,Nullreference,0.1908857
454.767,Nullreference,0.1882091
454.7783,Nullreference,0.1854627
454.7891,Nullreference,0.1771321
454.8004,Nullreference,0.1734738
454.8115,Nullreference,0.1664086
454.8229,Nullreference,0.1547866
454.8338,Nullreference,0.1357035
454.8448,Nullreference,0.1174398
454.856,Nullreference,0.08481973
454.8669,Nullreference,0.06948471
454.878,Nullreference,0.05363018
454.8893,Nullreference,0.03995293
454.9003,Plane,0.04288049
454.9115,Nullreference,0.0453696
454.9225,Nullreference,0.05121423
454.9342,Nullreference,0.04789444
454.9447,Plane,0.04253596
454.9562,Plane,0.04071569
454.9669,Plane,0.04127216
454.9781,Plane,0.04163313
454.9892,Plane,0.04828998
455.0003,Plane,0.0532908
455.0113,Plane,0.05404198
455.0224,Plane,0.05788782
455.0336,Plane,0.06468294
455.0448,Plane,0.07331522
455.0558,Plane,0.08287987
455.067,Plane,0.08640126
455.0779,Plane,0.09034853
455.0894,Nullreference,0.08770627
455.1002,Nullreference,0.08838414
455.1113,Nullreference,0.07808163
455.1224,Nullreference,0.06434332
455.1335,Nullreference,0.04375739
455.1446,Nullreference,0.01949158
455.1558,Nullreference,0.03661152
455.1667,Plane,0.06533377
455.1779,Plane,0.09432149
455.1891,Plane,0.1160906
455.2002,Plane,0.136567
455.2114,Plane,0.1497133
455.2227,Plane,0.1677088
455.2338,Plane,0.1708816
455.2452,Plane,0.1814471
455.2557,Plane,0.186494
455.2668,Plane,0.1861007
455.2783,Plane,0.1792284
455.2891,Plane,0.1703423
455.3003,Plane,0.1631371
455.3114,Plane,0.1517918
455.3224,Plane,0.1379672
455.3335,Plane,0.120641
455.3446,Plane,0.09551389
455.3558,Plane,0.07731013
455.3667,Plane,0.06837237
455.378,Plane,0.06734799
455.3891,Plane,0.07125346
455.4,Plane,0.07864278
455.4112,Plane,0.08385751
455.4224,Plane,0.08225802
455.4333,Plane,0.09046884
455.4446,Plane,0.08879954
455.4557,Plane,0.0971522
455.4668,Plane,0.1065108
455.4779,Plane,0.1175507
455.489,Plane,0.125822
455.5001,Plane,0.1281581
455.5112,Plane,0.1260078
455.5224,Plane,0.1235295
455.5334,Plane,0.1222924
455.5449,Plane,0.127416
455.5557,Plane,0.1285207
455.5669,Plane,0.1298409
455.5778,Plane,0.1435691
455.5893,Plane,0.1670933
455.6,Plane,0.1999112
455.6112,Nullreference,0.238651
455.6223,Nullreference,0.2630538
455.6335,Nullreference,0.3012621
455.6445,Nullreference,0.329006
455.6556,Nullreference,0.3431247
455.6668,Nullreference,0.3580171
455.6777,Nullreference,0.3533984
455.689,Nullreference,0.3414794
455.7008,Nullreference,0.3309284
455.7111,Nullreference,0.3155633
455.7222,Nullreference,0.3000416
455.7334,Plane,0.2772326
455.7444,Plane,0.2470436
455.7556,Plane,0.2189842
455.7665,Plane,0.193332
455.7778,Plane,0.1796214
455.7889,Plane,0.1794123
455.8,Plane,0.1655931
455.8112,Plane,0.1555948
455.8221,Plane,0.1474022
455.8333,Plane,0.137772
455.8442,Plane,0.1302113
455.8554,Plane,0.1233814
455.8667,Plane,0.1207562
455.8776,Plane,0.1192579
455.8888,Plane,0.1267446
455.9001,Plane,0.1163361
455.911,Plane,0.09257913
455.9221,Plane,0.06777598
455.9332,Plane,0.0533402
455.9443,Plane,0.05651072
455.9553,Plane,0.07052873
455.9669,Plane,0.08804668
455.9775,Plane,0.1015781
455.9887,Plane,0.1127503
455.9999,Plane,0.121833
456.0109,Plane,0.1181291
456.022,Plane,0.1181112
456.0332,Plane,0.1056148
456.0443,Plane,0.0942209
456.0554,Plane,0.08190374
456.0664,Plane,0.06676792
456.0776,Plane,0.05348818
456.0887,Plane,0.04568484
456.0998,Plane,0.04461576
456.1108,Plane,0.04402957
456.122,Plane,0.05350216
456.1332,Plane,0.05791475
456.1441,Plane,0.06059204
456.1552,Plane,0.06271615
456.1663,Plane,0.06762736
456.1776,Plane,0.06068919
456.1887,Plane,0.06082156
456.1998,Plane,0.06332342
456.211,Plane,0.06965728
456.2219,Plane,0.0689429
456.2329,Plane,0.06618329
456.2442,Plane,0.07154903
456.2549,Nullreference,0.0706553
456.2658,Nullreference,0.06977575
456.2772,Nullreference,0.07033019
456.2883,Nullreference,0.06978267
456.299,Nullreference,0.06719242
456.3102,Nullreference,0.06539933
456.3213,Nullreference,0.05532774
456.3324,Nullreference,0.04937766
456.3435,Nullreference,0.04013486
456.3546,Nullreference,0.04311788
456.3657,Nullreference,0.04505456
456.3769,Nullreference,0.04813936
456.388,Nullreference,0.05259308
456.3991,Nullreference,0.05777653
456.4101,Nullreference,0.06128822
456.4213,Nullreference,0.07230803
456.4324,Nullreference,0.08168436
456.4435,Nullreference,0.0903137
456.4545,Nullreference,0.09656062
456.4657,Nullreference,0.103674
456.4769,Nullreference,0.1093734
456.488,Nullreference,0.1130953
456.4991,Nullreference,0.1246933
456.5102,Nullreference,0.1210558
456.5215,Nullreference,0.1246554
456.5323,Nullreference,0.1150574
456.5434,Nullreference,0.1115739
456.5547,Nullreference,0.1003171
456.5657,Nullreference,0.09794235
456.5768,Nullreference,0.09459216
456.5883,Nullreference,0.09304997
456.599,Nullreference,0.1021199
456.6101,Nullreference,0.1039829
456.6212,Nullreference,0.1163707
456.6322,Nullreference,0.1277174
456.6435,Nullreference,0.1449081
456.6548,Nullreference,0.1584347
456.6656,Nullreference,0.1660307
456.6768,Nullreference,0.1778565
456.6878,Nullreference,0.1860524
456.699,Nullreference,0.1882436
456.7099,Nullreference,0.1828511
456.7213,Nullreference,0.1752348
456.7322,Nullreference,0.1671989
456.7433,Nullreference,0.162222
456.7545,Nullreference,0.1578083
456.7657,Nullreference,0.1544859
456.7768,Nullreference,0.1427305
456.7881,Nullreference,0.1348251
456.7988,Nullreference,0.1270788
456.8099,Nullreference,0.118794
456.8212,Nullreference,0.1151775
456.8322,Nullreference,0.1038088
456.8437,Nullreference,0.1165983
456.8543,Nullreference,0.1226389
456.8656,Nullreference,0.1294549
456.8766,Nullreference,0.1444401
456.8877,Nullreference,0.1472279
456.8989,Nullreference,0.1578189
456.9098,Nullreference,0.1573277
456.921,Nullreference,0.1595602
456.9322,Nullreference,0.1556455
456.9433,Nullreference,0.1543576
456.9543,Nullreference,0.149086
456.9654,Nullreference,0.1428762
456.9767,Nullreference,0.1320366
456.9876,Nullreference,0.1156262
456.999,Nullreference,0.1088989
457.0098,Nullreference,0.104481
457.0211,Nullreference,0.09922303
457.032,Nullreference,0.09728026
457.0431,Nullreference,0.09725416
457.0543,Nullreference,0.09412348
457.0652,Nullreference,0.09288234
457.0764,Nullreference,0.09128944
457.0876,Nullreference,0.08230772
457.0988,Nullreference,0.08420804
457.1099,Nullreference,0.08254455
457.1211,Nullreference,0.0804984
457.132,Nullreference,0.07550595
457.1431,Nullreference,0.0737238
457.1542,Nullreference,0.07292365
457.1653,Nullreference,0.07285786
457.1764,Nullreference,0.07099517
457.1875,Nullreference,0.06835064
457.1987,Nullreference,0.06736445
457.2097,Nullreference,0.05883839
457.221,Nullreference,0.05529262
457.232,Nullreference,0.04940724
457.2432,Nullreference,0.04612203
457.2543,Nullreference,0.04535473
457.2653,Nullreference,0.04255313
457.2766,Nullreference,0.04752034
457.2875,Nullreference,0.04981763
457.2986,Nullreference,0.06237437
457.3097,Nullreference,0.0652275
457.3208,Nullreference,0.07672288
457.3319,Nullreference,0.08344598
457.343,Nullreference,0.08932459
457.3542,Nullreference,0.09782407
457.3653,Nullreference,0.09724819
457.3764,Nullreference,0.100486
457.3874,Nullreference,0.1064775
457.3985,Nullreference,0.111133
457.4098,Nullreference,0.1196497
457.4208,Nullreference,0.1212272
457.4319,Nullreference,0.1232064
457.4431,Nullreference,0.1129888
457.4542,Nullreference,0.1054374
457.4651,Nullreference,0.09800526
457.4763,Nullreference,0.08543905
457.4878,Nullreference,0.07781605
457.4985,Nullreference,0.07391725
457.5097,Nullreference,0.07320616
457.5208,Nullreference,0.0706855
457.5318,Nullreference,0.07059476
457.5429,Nullreference,0.07222046
457.5541,Nullreference,0.06728619
457.5651,Nullreference,0.06924739
457.5764,Nullreference,0.06641526
457.5874,Nullreference,0.0699546
457.5984,Nullreference,0.06861335
457.6096,Nullreference,0.07179114
457.6207,Nullreference,0.0684001
457.6317,Nullreference,0.06440515
457.6428,Nullreference,0.06196574
457.6544,Nullreference,0.0648629
457.6653,Nullreference,0.05148772
457.6764,Nullreference,0.04490842
457.6873,Nullreference,0.03232235
457.6988,Nullreference,0.03286492
457.7097,Nullreference,0.03132749
457.7208,Nullreference,0.0322419
457.7318,Nullreference,0.03319645
457.7429,Nullreference,0.03787343
457.7539,Nullreference,0.04156478
457.765,Nullreference,0.04171421
457.7762,Nullreference,0.04257741
457.7873,Nullreference,0.0415753
457.7984,Nullreference,0.03412243
457.8096,Nullreference,0.02771777
457.8206,Nullreference,0.02746679
457.8318,Nullreference,0.01741245
457.8429,Nullreference,0.01802109
457.8539,Nullreference,0.02032864
457.865,Nullreference,0.03210853
457.8762,Nullreference,0.04136725
457.8874,Nullreference,0.05604455
457.8984,Nullreference,0.0637576
457.9094,Nullreference,0.06967634
457.9205,Nullreference,0.07893104
457.9361,Nullreference,0.07767429
457.943,Nullreference,0.07960843
457.9512,Nullreference,0.07830464
457.9624,Nullreference,0.07350302
457.9735,Nullreference,0.07471689
457.9846,Nullreference,0.06648522
457.9957,Nullreference,0.05989525
458.0068,Nullreference,0.05437817
458.018,Nullreference,0.04291206
458.0291,Nullreference,0.0327638
458.0402,Nullreference,0.03761527
458.0516,Nullreference,0.04065974
458.0625,Nullreference,0.04234728
458.0736,Nullreference,0.04566239
458.0847,Nullreference,0.04612345
458.0957,Nullreference,0.03738439
458.1069,Nullreference,0.03505788
458.1179,Nullreference,0.03364127
458.1291,Nullreference,0.03574855
458.1403,Nullreference,0.0475685
458.1514,Nullreference,0.0560792
458.1623,Nullreference,0.06174975
458.1736,Nullreference,0.06795614
458.1846,Nullreference,0.06752381
458.1957,Nullreference,0.06251092
458.2067,Nullreference,0.06246096
458.2179,Nullreference,0.04900146
458.229,Nullreference,0.04237333
458.2401,Nullreference,0.03694478
458.2513,Nullreference,0.0369361
458.2623,Nullreference,0.03734405
458.2735,Nullreference,0.02895915
458.2848,Nullreference,0.03006284
458.296,Nullreference,0.03327728
458.3071,Nullreference,0.03815097
458.3183,Nullreference,0.03305461
458.3298,Nullreference,0.02779844
458.3409,Nullreference,0.0235466
458.3522,Nullreference,0.0194747
458.3636,Nullreference,0.01996488
458.3747,Nullreference,0.01933162
458.3861,Nullreference,0.02083481
458.3973,Nullreference,0.02658283
458.4084,Nullreference,0.03574344
458.4198,Nullreference,0.04255433
458.431,Nullreference,0.04809108
458.4424,Nullreference,0.04831649
458.4537,Nullreference,0.04904755
458.465,Nullreference,0.04371448
458.4757,Nullreference,0.03440465
458.487,Nullreference,0.0273717
458.498,Nullreference,0.03119741
458.5092,Nullreference,0.03114104
458.5203,Nullreference,0.03115587
458.5314,Nullreference,0.02918133
458.5425,Nullreference,0.02822233
458.5536,Nullreference,0.03321207
458.5646,Nullreference,0.03518216
458.5758,Nullreference,0.0398189
458.5869,Nullreference,0.04920174
458.5981,Nullreference,0.05407679
458.6092,Nullreference,0.05948842
458.6205,Nullreference,0.06481454
458.6314,Nullreference,0.07472207
458.6424,Nullreference,0.08578496
458.6543,Nullreference,0.08683807
458.6652,Nullreference,0.0957593
458.6761,Nullreference,0.1002222
458.687,Nullreference,0.1047787
458.6982,Nullreference,0.1066639
458.7091,Nullreference,0.1239909
458.7202,Nullreference,0.1276812
458.7315,Nullreference,0.132453
458.7426,Nullreference,0.1383699
458.7536,Nullreference,0.1390116
458.7647,Nullreference,0.1381957
458.776,Nullreference,0.1427558
458.7869,Nullreference,0.1533091
458.798,Nullreference,0.1630209
458.8091,Nullreference,0.180191
458.8202,Nullreference,0.188294
458.8313,Nullreference,0.1859988
458.8424,Nullreference,0.1815313
458.8536,Nullreference,0.173344
458.8647,Nullreference,0.1664215
458.8758,Nullreference,0.1657627
458.8869,Nullreference,0.1651666
458.8979,Nullreference,0.179554
458.9093,Nullreference,0.1947064
458.9202,Nullreference,0.2142099
458.9314,Nullreference,0.2344678
458.9423,Nullreference,0.2584726
458.9536,Nullreference,0.2895451
458.9646,Nullreference,0.3143011
458.9758,Nullreference,0.356968
458.9867,Nullreference,0.4061334
458.9978,Nullreference,0.4619499
459.0091,Nullreference,0.5135531
459.0202,Nullreference,0.5718883
459.0314,Nullreference,0.618006
459.0424,Nullreference,0.657676
459.0537,Nullreference,0.6952536
459.0645,Nullreference,0.7468128
459.0757,Nullreference,0.7904969
459.0867,Nullreference,0.8319408
459.0978,Nullreference,0.8663587
459.1091,Nullreference,0.9098731
459.12,Nullreference,0.9484044
459.1311,Nullreference,0.9699338
459.1422,Nullreference,0.9820817
459.1535,Nullreference,0.9773862
459.1648,Nullreference,0.9754931
459.1755,Nullreference,0.9809142
459.1868,Nullreference,0.9842688
459.1979,Nullreference,0.9976957
459.2088,Nullreference,1.002291
459.22,Nullreference,0.9975765
459.2312,Nullreference,0.989483
459.2422,Nullreference,0.9678103
459.2536,Nullreference,0.9414702
459.2645,Nullreference,0.8922141
459.2755,Nullreference,0.8452501
459.2866,Nullreference,0.7919049
459.2977,Nullreference,0.7312247
459.3091,Nullreference,0.6843654
459.3199,Nullreference,0.6401687
459.3311,Nullreference,0.5998101
459.3422,Nullreference,0.5582169
459.3535,Nullreference,0.5199047
459.3645,Nullreference,0.4905609
459.3757,Nullreference,0.4647134
459.3866,Nullreference,0.4390145
459.3979,Nullreference,0.4203503
459.4088,Nullreference,0.4011355
459.42,Nullreference,0.3894998
459.4311,Nullreference,0.3716196
459.4421,Nullreference,0.3662264
459.4534,Nullreference,0.3617934
459.4643,Nullreference,0.3644677
459.477,Nullreference,0.3637554
459.4881,Nullreference,0.3762794
459.499,Nullreference,0.3849233
459.5094,Nullreference,0.3945575
459.5204,Nullreference,0.3988188
459.5317,Nullreference,0.3966806
459.5428,Nullreference,0.3961852
459.554,Nullreference,0.4010693
459.5651,Nullreference,0.4057438
459.576,Nullreference,0.4210601
459.5871,Nullreference,0.4255579
459.5982,Nullreference,0.4330122
459.6093,Nullreference,0.4392038
459.6205,Nullreference,0.4446408
459.6315,Nullreference,0.4447627
459.6469,Nullreference,0.4533272
459.6539,Nullreference,0.4566215
459.662,Nullreference,0.4537786
459.6731,Nullreference,0.4613978
459.6842,Nullreference,0.4665743
459.6953,Nullreference,0.4787441
459.7064,Nullreference,0.5016548
459.7173,Nullreference,0.5244249
459.7285,Nullreference,0.5467578
459.7396,Nullreference,0.581711
459.7507,Nullreference,0.604041
459.7618,Nullreference,0.6080271
459.773,Nullreference,0.5952331
459.7842,Nullreference,0.5704716
459.7953,Nullreference,0.5311784
459.8063,Nullreference,0.5006447
459.8175,Nullreference,0.462765
459.8286,Nullreference,0.4347688
459.8396,Nullreference,0.4081743
459.8506,Nullreference,0.3715422
459.862,Nullreference,0.3400028
459.8729,Nullreference,0.2964176
459.8839,Nullreference,0.2616567
459.8951,Nullreference,0.2173904
459.9062,Nullreference,0.1819972
459.9173,Nullreference,0.153675
459.9284,Collider_Roger_State_action,0.1363769
459.9396,Collider_Roger_State_action,0.1302925
459.9507,Collider_Roger_State_action,0.1392294
459.9617,Collider_Roger_State_action,0.1530757
459.9728,Collider_Roger_State_action,0.1651561
459.984,Collider_Roger_State_action,0.1857211
459.9951,Collider_Roger_State_action,0.2074954
460.0063,Collider_Roger_State_action,0.2430114
460.0175,Collider_Roger_State_action,0.2894518
460.029,Collider_Roger_State_action,0.3465323
460.0403,Collider_Roger_State_action,0.4004017
460.0514,Collider_Roger_State_action,0.4378335
460.0628,Collider_Roger_State_action,0.4759121
460.074,Collider_Roger_State_action,0.5032111
460.0853,Collider_Roger_State_action,0.5209613
460.0968,Collider_Roger_State_action,0.5336809
460.1081,Collider_Roger_State_action,0.5485808
460.1193,Collider_Roger_State_action,0.5726542
460.1306,Collider_Roger_State_action,0.5863215
460.1418,Collider_Roger_State_action,0.5982129
460.1531,Collider_Roger_State_action,0.5932469
460.1642,Collider_Roger_State_action,0.5895244
460.1755,Collider_Roger_State_action,0.5762933
460.1867,Collider_Roger_State_action,0.5667495
460.1979,Collider_Roger_State_action,0.560944
460.209,Collider_Roger_State_action,0.565662
460.2202,Collider_Roger_State_action,0.5778976
460.2313,Collider_Roger_State_action,0.5888889
460.2425,Collider_Roger_State_action,0.6122243
460.2537,Collider_Roger_State_action,0.631291
460.2646,Collider_Roger_State_action,0.649351
460.2757,Collider_Roger_State_action,0.6696959
460.2867,Collider_Roger_State_action,0.6918919
460.2979,Collider_Roger_State_action,0.7179918
460.309,Collider_Roger_State_action,0.7451598
460.3203,Collider_Roger_State_action,0.7614611
460.3315,Collider_Roger_State_action,0.7752445
460.3424,Collider_Roger_State_action,0.7805643
460.3534,Collider_Roger_State_action,0.7722444
460.3647,Collider_Roger_State_action,0.7588388
460.3754,Collider_Roger_State_action,0.737648
460.3867,Collider_Roger_State_action,0.712733
460.3979,Collider_Roger_State_action,0.679626
460.4089,Collider_Roger_State_action,0.642539
460.42,Collider_Roger_State_action,0.600386
460.4311,Collider_Roger_State_action,0.5664842
460.4424,Collider_Roger_State_action,0.5220768
460.4533,Collider_Roger_State_action,0.4935169
460.4644,Collider_Roger_State_action,0.4470376
460.4756,Collider_Roger_State_action,0.4152272
460.4867,Collider_Roger_State_action,0.3825403
460.4978,Collider_Roger_State_action,0.350316
460.5091,Collider_Roger_State_action,0.3269135
460.52,Collider_Roger_State_action,0.3036118
460.531,Collider_Roger_State_action,0.2813891
460.5424,Collider_Roger_State_action,0.262215
460.5533,Collider_Roger_State_action,0.2527939
460.5648,Collider_Roger_State_action,0.2415155
460.5758,Collider_Roger_State_action,0.2328284
460.5867,Collider_Roger_State_action,0.2377929
460.5977,Collider_Roger_State_action,0.2452909
460.6088,Collider_Roger_State_action,0.2502225
460.6199,Collider_Roger_State_action,0.2469642
460.631,Collider_Roger_State_action,0.2369083
460.6422,Collider_Roger_State_action,0.2283331
460.6534,Collider_Roger_State_action,0.2165799
460.6643,Collider_Roger_State_action,0.1971563
460.6754,Collider_Roger_State_action,0.1812618
460.687,Collider_Roger_State_action,0.1591199
460.6976,Collider_Roger_State_action,0.1405924
460.7088,Collider_Roger_State_action,0.1249692
460.7198,Collider_Roger_State_action,0.1219989
460.731,Collider_Roger_State_action,0.1283626
460.742,Collider_Roger_State_action,0.1348724
460.7531,Collider_Roger_State_action,0.1419139
460.7644,Collider_Roger_State_action,0.1568036
460.7754,Collider_Roger_State_action,0.1624142
460.7866,Collider_Roger_State_action,0.1789112
460.7976,Collider_Roger_State_action,0.1954947
460.8086,Collider_Roger_State_action,0.2202221
460.8197,Collider_Roger_State_action,0.2426637
460.8309,Collider_Roger_State_action,0.2845788
460.8459,Collider_Roger_State_action,0.33853
460.8575,Collider_Roger_State_action,0.3975582
460.8692,Collider_Roger_State_action,0.4743147
460.8771,Collider_Roger_State_action,0.5317135
460.8855,Collider_Roger_State_action,0.5801346
460.897,Collider_Roger_State_action,0.6259165
460.9077,Collider_Roger_State_action,0.6425085
460.9189,Collider_Roger_State_action,0.6576223
460.9298,Collider_Roger_State_action,0.6509736
460.9411,Collider_Roger_State_action,0.640971
460.9522,Collider_Roger_State_action,0.6301444
460.9632,Collider_Roger_State_action,0.6178467
460.9744,Collider_Roger_State_action,0.6025127
460.9854,Collider_Roger_State_action,0.5832154
460.9967,Collider_Roger_State_action,0.5697503
461.0078,Collider_Roger_State_action,0.5545269
461.0188,Collider_Roger_State_action,0.5355735
461.0298,Collider_Roger_State_action,0.5177225
461.0409,Collider_Roger_State_action,0.4955186
461.0521,Collider_Roger_State_action,0.4720709
461.0631,Collider_Roger_State_action,0.462307
461.0743,Collider_Roger_State_action,0.4576608
461.0854,Collider_Roger_State_action,0.4601183
461.0964,Collider_Roger_State_action,0.4552652
461.1075,Collider_Roger_State_action,0.4469423
461.1187,Collider_Roger_State_action,0.4362383
461.1298,Collider_Roger_State_action,0.423405
461.1408,Collider_Roger_State_action,0.4186681
461.152,Collider_Roger_State_action,0.4049038
461.1632,Collider_Roger_State_action,0.3889786
461.1742,Collider_Roger_State_action,0.3718902
461.1852,Collider_Roger_State_action,0.343875
461.1964,Collider_Roger_State_action,0.3055776
461.2076,Collider_Roger_State_action,0.2748493
461.2187,Collider_Roger_State_action,0.2371383
461.2298,Collider_Roger_State_action,0.2052382
461.2411,Collider_Roger_State_action,0.170975
461.2523,Collider_Roger_State_action,0.1521934
461.2635,Collider_Roger_State_action,0.1321329
461.2747,Collider_Roger_State_action,0.1213951
461.2863,Collider_Roger_State_action,0.1153243
461.2971,Collider_Roger_State_action,0.1099218
461.3083,Collider_Roger_State_action,0.1071371
461.3195,Collider_Roger_State_action,0.1025561
461.3307,Collider_Roger_State_action,0.1005545
461.3418,Collider_Roger_State_action,0.1056928
461.3529,Collider_Roger_State_action,0.1128023
461.3643,Collider_Roger_State_action,0.12245
461.3751,Collider_Roger_State_action,0.123222
461.3862,Collider_Roger_State_action,0.1326086
461.3972,Collider_Roger_State_action,0.1391997
461.4086,Collider_Roger_State_action,0.1534243
461.4194,Collider_Roger_State_action,0.1570161
461.4304,Collider_Roger_State_action,0.1609954
461.4417,Collider_Roger_State_action,0.1671932
461.4529,Collider_Roger_State_action,0.1618784
461.4637,Collider_Roger_State_action,0.1553891
461.4751,Collider_Roger_State_action,0.147607
461.4861,Collider_Roger_State_action,0.1428239
461.4972,Collider_Roger_State_action,0.1362812
461.5082,Collider_Roger_State_action,0.1287709
461.5193,Collider_Roger_State_action,0.1217925
461.5305,Collider_Roger_State_action,0.116382
461.5416,Collider_Roger_State_action,0.1133735
461.5527,Collider_Roger_State_action,0.1140468
461.5638,Collider_Roger_State_action,0.117301
461.5748,Collider_Roger_State_action,0.1248894
461.5862,Collider_Roger_State_action,0.132614
461.5971,Collider_Roger_State_action,0.1333507
461.6084,Collider_Roger_State_action,0.1375458
461.6194,Collider_Roger_State_action,0.1403651
461.6304,Collider_Roger_State_action,0.1402877
461.6417,Collider_Roger_State_action,0.1377247
461.6528,Collider_Roger_State_action,0.1386758
461.6639,Collider_Roger_State_action,0.1328278
461.6748,Collider_Roger_State_action,0.1136397
461.686,Collider_Roger_State_action,0.09387343
461.6973,Collider_Roger_State_action,0.0768891
461.7082,Collider_Roger_State_action,0.05250584
461.7194,Collider_Roger_State_action,0.03779674
461.7303,Collider_Roger_State_action,0.04049697
461.7417,Collider_Roger_State_action,0.06140734
461.7526,Collider_Roger_State_action,0.0807508
461.7639,Collider_Roger_State_action,0.09812093
461.7748,Collider_Roger_State_action,0.1173149
461.7861,Collider_Roger_State_action,0.1291427
461.7972,Collider_Roger_State_action,0.1425772
461.8081,Collider_Roger_State_action,0.1467545
461.8192,Collider_Roger_State_action,0.1485328
461.8304,Collider_Roger_State_action,0.1438983
461.8416,Collider_Roger_State_action,0.1288429
461.8525,Collider_Roger_State_action,0.1210326
461.8637,Collider_Roger_State_action,0.1149103
461.8749,Collider_Roger_State_action,0.1133532
461.8862,Collider_Roger_State_action,0.1191484
461.8969,Collider_Roger_State_action,0.1190041
461.908,Collider_Roger_State_action,0.1154262
461.9193,Collider_Roger_State_action,0.1182983
461.9303,Collider_Roger_State_action,0.1257917
461.9413,Collider_Roger_State_action,0.1291289
461.9525,Collider_Roger_State_action,0.1353807
461.9636,Collider_Roger_State_action,0.1264226
461.975,Collider_Roger_State_action,0.1266892
461.9858,Collider_Roger_State_action,0.1145674
461.997,Collider_Roger_State_action,0.1127253
462.0079,Collider_Roger_State_action,0.1101006
462.019,Collider_Roger_State_action,0.1006083
462.0302,Collider_Roger_State_action,0.09867608
462.0413,Collider_Roger_State_action,0.08877032
462.0525,Collider_Roger_State_action,0.08283577
462.0634,Collider_Roger_State_action,0.07472955
462.0746,Collider_Roger_State_action,0.05920168
462.0857,Collider_Roger_State_action,0.0564108
462.0967,Collider_Roger_State_action,0.04390611
462.1079,Collider_Roger_State_action,0.03987614
462.119,Collider_Roger_State_action,0.02988138
462.1302,Collider_Roger_State_action,0.03154244
462.1417,Collider_Roger_State_action,0.02826738
462.1524,Collider_Roger_State_action,0.04238786
462.1634,Collider_Roger_State_action,0.05704843
462.1748,Collider_Roger_State_action,0.07718923
462.1857,Collider_Roger_State_action,0.09832524
462.1968,Collider_Roger_State_action,0.1127609
462.2077,Collider_Roger_State_action,0.1208834
462.2189,Collider_Roger_State_action,0.1339803
462.23,Collider_Roger_State_action,0.1399596
462.2413,Collider_Roger_State_action,0.1542292
462.2525,Collider_Roger_State_action,0.1687918
462.2633,Collider_Roger_State_action,0.1792845
462.2745,Collider_Roger_State_action,0.1891444
462.2856,Collider_Roger_State_action,0.2013761
462.2967,Collider_Roger_State_action,0.2112948
462.3078,Collider_Roger_State_action,0.2131949
462.319,Collider_Roger_State_action,0.2166299
462.33,Collider_Roger_State_action,0.2173362
462.3412,Collider_Roger_State_action,0.2130707
462.3523,Collider_Roger_State_action,0.2126516
462.3634,Collider_Roger_State_action,0.2154202
462.3745,Collider_Roger_State_action,0.2106216
462.3856,Collider_Roger_State_action,0.2079252
462.3968,Collider_Roger_State_action,0.2048993
462.4077,Collider_Roger_State_action,0.202631
462.4188,Collider_Roger_State_action,0.1990725
462.43,Collider_Roger_State_action,0.1965764
462.4411,Collider_Roger_State_action,0.1934585
462.4522,Collider_Roger_State_action,0.1861758
462.4636,Collider_Roger_State_action,0.1866472
462.4744,Collider_Roger_State_action,0.1834013
462.4854,Collider_Roger_State_action,0.1801181
462.4967,Collider_Roger_State_action,0.1745798
462.5077,Collider_Roger_State_action,0.1759516
462.5188,Collider_Roger_State_action,0.1715266
462.53,Collider_Roger_State_action,0.169979
462.5412,Collider_Roger_State_action,0.161321
462.5521,Collider_Roger_State_action,0.1555051
462.5634,Collider_Roger_State_action,0.1521116
462.5746,Collider_Roger_State_action,0.1437759
462.5855,Collider_Roger_State_action,0.1424116
462.5967,Collider_Roger_State_action,0.1409567
462.6079,Collider_Roger_State_action,0.1339203
462.6189,Collider_Roger_State_action,0.1368533
462.6299,Collider_Roger_State_action,0.1370136
462.641,Collider_Roger_State_action,0.1293622
462.6523,Collider_Roger_State_action,0.1324179
462.6635,Collider_Roger_State_action,0.129265
462.6745,Collider_Roger_State_action,0.1272787
462.6856,Collider_Roger_State_action,0.1261452
462.6965,Collider_Roger_State_action,0.1200069
462.7077,Collider_Roger_State_action,0.1095152
462.7188,Collider_Roger_State_action,0.1035462
462.73,Collider_Roger_State_action,0.09073267
462.741,Collider_Roger_State_action,0.08597811
462.7523,Collider_Roger_State_action,0.07681257
462.7633,Collider_Roger_State_action,0.07065891
462.7744,Collider_Roger_State_action,0.06963923
462.7855,Collider_Roger_State_action,0.07392155
462.7964,Collider_Roger_State_action,0.07695764
462.8076,Collider_Roger_State_action,0.07963858
462.8187,Collider_Roger_State_action,0.08498125
462.8299,Collider_Roger_State_action,0.08862328
462.8408,Collider_Roger_State_action,0.09320707
462.8519,Collider_Roger_State_action,0.1002281
462.8638,Collider_Roger_State_action,0.1001575
462.8742,Collider_Roger_State_action,0.1017955
462.8856,Collider_Roger_State_action,0.1028498
462.8969,Collider_Roger_State_action,0.1084362
462.9077,Collider_Roger_State_action,0.1052871
462.9186,Collider_Roger_State_action,0.1125087
462.9298,Collider_Roger_State_action,0.1125149
462.9409,Collider_Roger_State_action,0.1145583
462.952,Collider_Roger_State_action,0.1171377
462.9635,Collider_Roger_State_action,0.1201293
462.9741,Collider_Roger_State_action,0.116594
462.9855,Collider_Roger_State_action,0.121726
462.9963,Collider_Roger_State_action,0.1263409
463.0075,Collider_Roger_State_action,0.1284366
463.0189,Collider_Roger_State_action,0.1399494
463.0297,Collider_Roger_State_action,0.1490732
463.0411,Collider_Roger_State_action,0.1639953
463.0519,Collider_Roger_State_action,0.1697664
463.0632,Collider_Roger_State_action,0.1853152
463.0742,Collider_Roger_State_action,0.1971005
463.0852,Collider_Roger_State_action,0.2106579
463.0962,Collider_Roger_State_action,0.2209465
463.1075,Collider_Roger_State_action,0.2278192
463.1184,Collider_Roger_State_action,0.230361
463.1297,Collider_Roger_State_action,0.2235698
463.1408,Collider_Roger_State_action,0.2136576
463.1518,Collider_Roger_State_action,0.2041913
463.1631,Collider_Roger_State_action,0.1889146
463.1741,Collider_Roger_State_action,0.1729587
463.1852,Collider_Roger_State_action,0.1660518
463.1963,Collider_Roger_State_action,0.1527703
463.2072,Collider_Roger_State_action,0.1404491
463.2187,Collider_Roger_State_action,0.1276341
463.2296,Collider_Roger_State_action,0.1149432
463.2407,Collider_Roger_State_action,0.1070257
463.2517,Collider_Roger_State_action,0.09441279
463.2628,Collider_Roger_State_action,0.0876566
463.2741,Collider_Roger_State_action,0.07610114
463.2851,Collider_Roger_State_action,0.07053798
463.2962,Collider_Roger_State_action,0.06589238
463.3074,Collider_Roger_State_action,0.06107506
463.3186,Collider_Roger_State_action,0.05466089
463.3299,Collider_Roger_State_action,0.05375081
463.3407,Collider_Roger_State_action,0.04888623
463.3519,Collider_Roger_State_action,0.04327954
463.3629,Collider_Roger_State_action,0.0476188
463.3739,Collider_Roger_State_action,0.04058179
463.385,Collider_Roger_State_action,0.04529984
463.3962,Collider_Roger_State_action,0.04916117
463.4073,Collider_Roger_State_action,0.05672208
463.4184,Collider_Roger_State_action,0.05910492
463.4294,Collider_Roger_State_action,0.0589482
463.4407,Collider_Roger_State_action,0.06362127
463.4518,Collider_Roger_State_action,0.06938951
463.463,Collider_Roger_State_action,0.07174853
463.4738,Collider_Roger_State_action,0.07847685
463.4852,Collider_Roger_State_action,0.07562704
463.4962,Collider_Roger_State_action,0.07753297
463.5071,Collider_Roger_State_action,0.0810868
463.5184,Collider_Roger_State_action,0.08297828
463.5294,Collider_Roger_State_action,0.0857381
463.5405,Collider_Roger_State_action,0.08905836
463.5515,Collider_Roger_State_action,0.09525519
463.5627,Collider_Roger_State_action,0.1014509
463.574,Collider_Roger_State_action,0.1066122
463.5851,Collider_Roger_State_action,0.1146724
463.596,Collider_Roger_State_action,0.1224312
463.6072,Collider_Roger_State_action,0.1308276
463.6183,Collider_Roger_State_action,0.1408733
463.6296,Collider_Roger_State_action,0.1412859
463.6405,Collider_Roger_State_action,0.1458138
463.6516,Collider_Roger_State_action,0.1506598
463.6628,Collider_Roger_State_action,0.1586432
463.6737,Collider_Roger_State_action,0.1612333
463.6849,Collider_Roger_State_action,0.1690636
463.6963,Collider_Roger_State_action,0.1689186
463.7071,Collider_Roger_State_action,0.1703953
463.7185,Collider_Roger_State_action,0.1662186
463.7293,Collider_Roger_State_action,0.1611231
463.7404,Collider_Roger_State_action,0.1548781
463.7516,Collider_Roger_State_action,0.1514891
463.7626,Collider_Roger_State_action,0.1392746
463.7739,Collider_Roger_State_action,0.1344658
463.7848,Collider_Roger_State_action,0.1268576
463.796,Collider_Roger_State_action,0.1151065
463.8071,Collider_Roger_State_action,0.1009111
463.8182,Collider_Roger_State_action,0.09326687
463.8293,Collider_Roger_State_action,0.07885924
463.8403,Collider_Roger_State_action,0.06421211
463.8514,Collider_Roger_State_action,0.06171509
463.8626,Collider_Roger_State_action,0.04907162
463.8737,Collider_Roger_State_action,0.04538175
463.8847,Collider_Roger_State_action,0.03461147
463.896,Collider_Roger_State_action,0.03665843
463.9071,Collider_Roger_State_action,0.03367089
463.9181,Collider_Roger_State_action,0.03054006
463.9297,Collider_Roger_State_action,0.03062869
463.9404,Collider_Roger_State_action,0.02615853
463.9514,Collider_Roger_State_action,0.0267916
463.9625,Collider_Roger_State_action,0.01689336
463.9738,Collider_Roger_State_action,0.01599688
463.9847,Collider_Roger_State_action,0.01255993
463.9958,Collider_Roger_State_action,0.005439392
464.0069,Collider_Roger_State_action,0.007685913
464.018,Collider_Roger_State_action,0.007536138
464.0292,Collider_Roger_State_action,0.01172471
464.0403,Collider_Roger_State_action,0.01711602
464.0519,Collider_Roger_State_action,0.01803204
464.0624,Collider_Roger_State_action,0.02349349
464.0737,Collider_Roger_State_action,0.02140239
464.0847,Collider_Roger_State_action,0.02583463
464.0959,Collider_Roger_State_action,0.03174623
464.1068,Collider_Roger_State_action,0.0370191
464.1176,Nullreference,0.03987862
464.1288,Nullreference,0.04201072
464.1399,Nullreference,0.04302458
464.1512,Nullreference,0.04263927
464.1622,Nullreference,0.04420881
464.1733,Nullreference,0.04039846
464.1843,Nullreference,0.03719377
464.1955,Nullreference,0.03621576
464.2067,Nullreference,0.03834984
464.2177,Nullreference,0.04046296
464.2287,Nullreference,0.04272115
464.24,Nullreference,0.04421826
464.2509,Nullreference,0.05445912
464.262,Nullreference,0.05354066
464.2731,Nullreference,0.05848179
464.2845,Nullreference,0.05746138
464.2954,Nullreference,0.05876645
464.3072,Nullreference,0.05527425
464.3176,Nullreference,0.05763561
464.3288,Nullreference,0.05575438
464.3397,Nullreference,0.05591966
464.3507,Nullreference,0.05276293
464.3619,Nullreference,0.05345232
464.3731,Nullreference,0.05793948
464.3841,Nullreference,0.07005356
464.3952,Nullreference,0.08419719
464.4066,Nullreference,0.103381
464.4176,Nullreference,0.1218084
464.4286,Nullreference,0.140551
464.4398,Nullreference,0.161318
464.4508,Nullreference,0.1871063
464.4618,Nullreference,0.2106369
464.473,Nullreference,0.2333024
464.4841,Nullreference,0.2567834
464.4951,Nullreference,0.2878693
464.5062,Nullreference,0.3205371
464.5175,Nullreference,0.3736534
464.5286,Nullreference,0.4409751
464.5396,Nullreference,0.5081264
464.5506,Nullreference,0.6034131
464.5619,Nullreference,0.7113635
464.5728,Nullreference,0.83942
464.5842,Nullreference,0.9548657
464.595,Nullreference,1.080261
464.6063,Nullreference,1.18944
464.6175,Nullreference,1.276597
464.629,Nullreference,1.355478
464.6395,Nullreference,1.407242
464.6507,Nullreference,1.433188
464.6618,Nullreference,1.469789
464.6731,Nullreference,1.495669
464.684,Nullreference,1.501206
464.6951,Nullreference,1.491108
464.7063,Nullreference,1.470616
464.7175,Nullreference,1.44743
464.7291,Nullreference,1.421161
464.7398,Nullreference,1.402177
464.7509,Nullreference,1.389899
464.762,Nullreference,1.357721
464.7731,Nullreference,1.311755
464.7842,Nullreference,1.279362
464.7953,Nullreference,1.238474
464.8066,Nullreference,1.202992
464.8174,Nullreference,1.158737
464.8287,Nullreference,1.125587
464.8397,Nullreference,1.081931
464.8509,Nullreference,1.039254
464.8623,Nullreference,1.004495
464.8731,Nullreference,0.9602447
464.8841,Nullreference,0.9266188
464.8953,Nullreference,0.8943205
464.9066,Nullreference,0.8633916
464.9176,Nullreference,0.8350815
464.9285,Nullreference,0.8100856
464.9398,Nullreference,0.791528
464.9508,Nullreference,0.7712024
464.962,Nullreference,0.7608156
464.9731,Nullreference,0.7552342
464.9843,Nullreference,0.7499102
464.9953,Nullreference,0.7533216
465.0063,Nullreference,0.7547405
465.0174,Nullreference,0.7580189
465.0286,Nullreference,0.7666987
465.0396,Nullreference,0.7662811
465.0507,Nullreference,0.7714769
465.0619,Nullreference,0.7777115
465.073,Nullreference,0.7832215
465.084,Nullreference,0.7793536
465.0951,Nullreference,0.7743321
465.1063,Nullreference,0.7708703
465.1174,Nullreference,0.7685511
465.1285,Nullreference,0.7645677
465.1396,Nullreference,0.750312
465.1506,Nullreference,0.741816
465.1618,Nullreference,0.7255515
465.173,Nullreference,0.7114258
465.1841,Nullreference,0.6950825
465.1952,Nullreference,0.6780125
465.2062,Nullreference,0.6610904
465.2175,Nullreference,0.6459967
465.2285,Nullreference,0.6263976
465.2395,Nullreference,0.6086082
465.2506,Nullreference,0.5895827
465.2618,Nullreference,0.585094
465.2729,Nullreference,0.5642477
465.284,Nullreference,0.5506014
465.2951,Nullreference,0.5300172
465.3062,Nullreference,0.5151217
465.3174,Nullreference,0.4915661
465.3284,Nullreference,0.4780791
465.3394,Collider_Roger_Body,0.4620025
465.3505,Nullreference,0.4503931
465.3616,Collider_Roger_Body,0.4296663
465.3729,Nullreference,0.4135369
465.3839,Collider_Roger_Body,0.3968096
465.395,Nullreference,0.3757265
465.4061,Nullreference,0.3626565
465.4172,Nullreference,0.3464212
465.4283,Nullreference,0.327491
465.4395,Nullreference,0.3258023
465.4508,Nullreference,0.3194708
465.4623,Nullreference,0.3145848
465.4729,Nullreference,0.3097538
465.4838,Nullreference,0.3110718
465.4949,Nullreference,0.3069209
465.506,Nullreference,0.3046047
465.5172,Nullreference,0.2947224
465.5282,Nullreference,0.2887102
465.5395,Nullreference,0.2827767
465.5505,Nullreference,0.2834068
465.5619,Nullreference,0.2823265
465.5727,Nullreference,0.2760266
465.5836,Nullreference,0.2720292
465.595,Nullreference,0.2629194
465.6061,Nullreference,0.2647978
465.6175,Nullreference,0.2847041
465.6283,Nullreference,0.3062813
465.6394,Nullreference,0.3357381
465.6504,Nullreference,0.3712397
465.6615,Nullreference,0.4121558
465.6726,Nullreference,0.4518755
465.6837,Nullreference,0.5019415
465.6948,Nullreference,0.5519592
465.7059,Nullreference,0.6168979
465.7172,Nullreference,0.6896265
465.7281,Nullreference,0.7540666
465.7394,Nullreference,0.8136313
465.7505,Nullreference,0.8641199
465.7614,Nullreference,0.8927112
465.7727,Nullreference,0.9425394
465.7836,Nullreference,0.998965
465.7948,Nullreference,1.057927
465.806,Nullreference,1.141599
465.817,Nullreference,1.222501
465.8281,Nullreference,1.317944
465.8392,Nullreference,1.408871
465.8504,Nullreference,1.481026
465.8614,Nullreference,1.54259
465.8726,Nullreference,1.583431
465.8835,Nullreference,1.618034
465.8947,Nullreference,1.650977
465.9059,Nullreference,1.693705
465.9169,Nullreference,1.724864
465.9279,Nullreference,1.75901
465.9392,Nullreference,1.794823
465.9502,Nullreference,1.826415
465.9614,Nullreference,1.860866
465.9726,Nullreference,1.885133
465.9836,Nullreference,1.898578
465.9947,Nullreference,1.890941
466.0058,Nullreference,1.878403
466.0167,Nullreference,1.868702
466.0279,Nullreference,1.859892
466.0389,Nullreference,1.856702
466.0502,Nullreference,1.854844
466.0615,Nullreference,1.852731
466.0727,Nullreference,1.845099
466.0834,Nullreference,1.82356
466.0946,Nullreference,1.795649
466.1057,Nullreference,1.749551
466.1169,Nullreference,1.715037
466.1278,Nullreference,1.66453
466.1389,Nullreference,1.613265
466.15,Nullreference,1.577946
466.1611,Nullreference,1.535066
466.1723,Nullreference,1.495105
466.1833,Nullreference,1.448833
466.1943,Nullreference,1.397398
466.2057,Nullreference,1.363547
466.2165,Nullreference,1.32528
466.2276,Nullreference,1.29562
466.2386,Nullreference,1.265699
466.2498,Nullreference,1.247477
466.2609,Nullreference,1.235325
466.2723,Nullreference,1.22865
466.2831,Nullreference,1.232528
466.2941,Nullreference,1.234679
466.3053,Nullreference,1.227682
466.3164,Nullreference,1.22122
466.3276,Nullreference,1.207609
466.3387,Nullreference,1.193384
466.3497,Nullreference,1.179116
466.3608,Nullreference,1.149942
466.3723,Nullreference,1.119653
466.3831,Nullreference,1.073462
466.3942,Nullreference,1.031625
466.4055,Nullreference,0.9773178
466.4165,Nullreference,0.9065994
466.4276,Nullreference,0.8512355
466.4387,Nullreference,0.7757068
466.4496,Nullreference,0.7151662
466.4608,Nullreference,0.6428016
466.472,Nullreference,0.5724546
466.483,Nullreference,0.5082226
466.4941,Nullreference,0.4387381
466.5052,Nullreference,0.3761634
466.5164,Nullreference,0.3247513
466.5275,Nullreference,0.2655091
466.5386,Nullreference,0.2216545
466.5497,Nullreference,0.1686622
466.5608,Nullreference,0.1271507
466.5719,Nullreference,0.08340853
466.5829,Nullreference,0.05518602
466.594,Nullreference,0.06095233
466.6053,Nullreference,0.07717492
466.6165,Nullreference,0.0989498
466.6275,Nullreference,0.122187
466.6385,Nullreference,0.1408565
466.6496,Nullreference,0.1547107
466.6608,Nullreference,0.1745082
466.6718,Nullreference,0.1887494
466.6828,Nullreference,0.2064812
466.6943,Nullreference,0.2176234
466.705,Nullreference,0.2289162
466.7165,Nullreference,0.2338392
466.7273,Nullreference,0.2352288
466.7385,Nullreference,0.2334765
466.7495,Nullreference,0.2307304
466.7607,Nullreference,0.2279628
466.7718,Nullreference,0.2221866
466.7828,Nullreference,0.2126169
466.7939,Nullreference,0.2046701
466.8051,Nullreference,0.1937896
466.8164,Nullreference,0.1809948
466.8274,Nullreference,0.1673516
466.8383,Nullreference,0.1519251
466.8496,Nullreference,0.1365043
466.8607,Nullreference,0.1326046
466.8717,Nullreference,0.1289202
466.883,Nullreference,0.1331129
466.894,Nullreference,0.1329611
466.905,Nullreference,0.1302912
466.9161,Nullreference,0.1373388
466.9273,Nullreference,0.1350644
466.9383,Nullreference,0.1379814
466.9495,Nullreference,0.1470608
466.9605,Nullreference,0.1431738
466.9718,Nullreference,0.1390375
466.9827,Nullreference,0.1450526
466.9938,Nullreference,0.1449887
467.005,Nullreference,0.1495372
467.016,Nullreference,0.1501487
467.0273,Nullreference,0.1488017
467.0384,Nullreference,0.145942
467.0494,Nullreference,0.1418867
467.0605,Nullreference,0.1385334
467.0718,Nullreference,0.1328804
467.0826,Nullreference,0.1338306
467.0939,Nullreference,0.1327778
467.1049,Nullreference,0.1283365
467.1161,Nullreference,0.1242887
467.1273,Nullreference,0.1217849
467.1388,Nullreference,0.1139172
467.1493,Nullreference,0.10883
467.1605,Nullreference,0.1059735
467.1715,Nullreference,0.1018742
467.1826,Nullreference,0.09315342
467.1938,Nullreference,0.08859393
467.2048,Nullreference,0.0866669
467.2159,Nullreference,0.08145121
467.2271,Nullreference,0.08080481
467.2382,Nullreference,0.07470118
467.2493,Nullreference,0.07378266
467.2605,Nullreference,0.07030687
467.2715,Nullreference,0.06848056
467.2826,Nullreference,0.07153253
467.2939,Nullreference,0.06217765
467.3047,Nullreference,0.05753873
467.316,Nullreference,0.05617703
467.3271,Nullreference,0.05335426
467.3381,Nullreference,0.04722179
467.3494,Nullreference,0.04864854
467.3603,Nullreference,0.04768968
467.3716,Nullreference,0.04597242
467.3825,Nullreference,0.05108819
467.3937,Nullreference,0.05931683
467.4048,Nullreference,0.06121393
467.416,Nullreference,0.06171435
467.427,Nullreference,0.06550805
467.4381,Nullreference,0.07087608
467.4493,Nullreference,0.06759141
467.4604,Nullreference,0.07472333
467.4716,Nullreference,0.07439084
467.4825,Nullreference,0.0784201
467.494,Nullreference,0.07833419
467.5046,Nullreference,0.0799418
467.5158,Nullreference,0.08568814
467.5269,Nullreference,0.09402873
467.5379,Nullreference,0.09997141
467.549,Nullreference,0.1071819
467.5604,Nullreference,0.1073722
467.5715,Nullreference,0.1173747
467.5825,Nullreference,0.1139745
467.5936,Nullreference,0.1166531
467.6047,Nullreference,0.1115411
467.6158,Nullreference,0.1150453
467.6269,Nullreference,0.1106225
467.6378,Nullreference,0.1146074
467.6494,Nullreference,0.111219
467.6602,Nullreference,0.1123312
467.6715,Nullreference,0.1091769
467.6824,Nullreference,0.10377
467.6934,Nullreference,0.09918436
467.7047,Nullreference,0.09605348
467.7157,Nullreference,0.08937997
467.7268,Nullreference,0.08623262
467.7379,Nullreference,0.08237108
467.749,Nullreference,0.08416361
467.7601,Nullreference,0.08172861
467.7713,Nullreference,0.08145861
467.7824,Nullreference,0.08406125
467.7935,Nullreference,0.08798068
467.8046,Nullreference,0.09907634
467.8157,Nullreference,0.100108
467.8268,Nullreference,0.1128975
467.8379,Nullreference,0.1214869
467.8497,Nullreference,0.1223921
467.86,Nullreference,0.122217
467.8713,Nullreference,0.1124244
467.8824,Nullreference,0.1040806
467.8937,Nullreference,0.09207997
467.9045,Nullreference,0.07531971
467.9157,Nullreference,0.06021811
467.9268,Nullreference,0.04958257
467.9379,Nullreference,0.04335208
467.9489,Nullreference,0.04023097
467.9601,Nullreference,0.03926148
467.9712,Nullreference,0.04561063
467.9823,Nullreference,0.03617736
467.9935,Nullreference,0.03598392
468.0045,Nullreference,0.03240236
468.0156,Nullreference,0.0260188
468.0266,Nullreference,0.01937248
468.0378,Nullreference,0.0187238
468.049,Nullreference,0.02135987
468.06,Nullreference,0.02432469
468.0712,Nullreference,0.0200552
468.0822,Nullreference,0.02514645
468.0934,Nullreference,0.02669135
468.1045,Nullreference,0.0311012
468.1156,Nullreference,0.03612699
468.1267,Nullreference,0.0410429
468.1378,Nullreference,0.04435804
468.1489,Nullreference,0.0372253
468.16,Nullreference,0.04170302
468.1712,Nullreference,0.03610986
468.1822,Nullreference,0.03057493
468.1934,Nullreference,0.03385505
468.2044,Nullreference,0.03611386
468.2155,Nullreference,0.03644468
468.2267,Nullreference,0.03744187
468.2381,Nullreference,0.04110352
468.2489,Nullreference,0.04381637
468.26,Nullreference,0.04360896
468.2711,Nullreference,0.04605446
468.2821,Nullreference,0.04896554
468.2933,Nullreference,0.05051351
468.3047,Nullreference,0.04393227
468.3155,Nullreference,0.04290017
468.3266,Nullreference,0.04251697
468.3377,Nullreference,0.04305402
468.3488,Nullreference,0.04246041
468.3599,Nullreference,0.04134307
468.3713,Nullreference,0.0400567
468.3822,Nullreference,0.0329143
468.3932,Nullreference,0.03153706
468.4044,Nullreference,0.03030986
468.4156,Nullreference,0.02980061
468.4265,Nullreference,0.03193498
468.4376,Nullreference,0.03258834
468.4487,Nullreference,0.03668461
468.46,Nullreference,0.0392279
468.4713,Nullreference,0.04285397
468.482,Nullreference,0.04374127
468.4932,Nullreference,0.04599074
468.5043,Nullreference,0.04317968
468.5154,Nullreference,0.05354399
468.5266,Nullreference,0.05486649
468.5376,Nullreference,0.05561474
468.5489,Nullreference,0.05485488
468.5599,Nullreference,0.05787805
468.5709,Nullreference,0.05761348
468.5822,Nullreference,0.05393291
468.5933,Nullreference,0.05154125
468.6042,Nullreference,0.049609
468.6156,Nullreference,0.04480483
468.6266,Nullreference,0.04210877
468.6375,Nullreference,0.03709879
468.6486,Nullreference,0.03827822
468.6603,Nullreference,0.04234615
468.6711,Nullreference,0.04550155
468.6822,Nullreference,0.04889458
468.6935,Nullreference,0.04946392
468.7042,Nullreference,0.04611058
468.7154,Nullreference,0.05406844
468.7265,Nullreference,0.05267094
468.7374,Nullreference,0.0568775
468.7487,Nullreference,0.05865711
468.7597,Nullreference,0.06045161
468.7709,Nullreference,0.06429902
468.782,Nullreference,0.06595805
468.7931,Nullreference,0.06231879
468.8041,Nullreference,0.06446527
468.8153,Nullreference,0.06142996
468.8264,Nullreference,0.05953588
468.8375,Nullreference,0.06485015
468.8485,Nullreference,0.06360598
468.8596,Nullreference,0.06383616
468.8708,Nullreference,0.06253682
468.8818,Nullreference,0.06486325
468.8929,Nullreference,0.07360464
468.904,Nullreference,0.07249122
468.9154,Nullreference,0.07777567
468.9265,Nullreference,0.07898442
468.9374,Nullreference,0.08272392
468.9485,Nullreference,0.07604654
468.9596,Nullreference,0.07536139
468.9708,Nullreference,0.0742893
468.9818,Nullreference,0.07164701
468.993,Nullreference,0.06760244
469.0049,Nullreference,0.06738695
469.0151,Nullreference,0.06096084
469.0262,Nullreference,0.0521997
469.0373,Nullreference,0.04985899
469.0485,Nullreference,0.04661901
469.0597,Nullreference,0.04393471
469.0706,Nullreference,0.03411087
469.0818,Nullreference,0.0273631
469.0929,Nullreference,0.02422281
469.1042,Nullreference,0.01982789
469.1151,Nullreference,0.01261566
469.1263,Nullreference,0.009730661
469.1372,Nullreference,0.007624109
469.1484,Nullreference,0.008059679
469.1598,Nullreference,0.003004116
469.1706,Nullreference,0.006739
469.1818,Nullreference,0.006303153
469.1929,Nullreference,0.007309115
469.2039,Nullreference,0.01243627
469.2151,Nullreference,0.01477077
469.2263,Nullreference,0.01154695
469.2372,Nullreference,0.01228992
469.2484,Nullreference,0.0128653
469.2593,Nullreference,0.02268733
469.2706,Nullreference,0.01666021
469.2817,Nullreference,0.01374205
469.2928,Nullreference,0.02011656
469.3038,Nullreference,0.02286797
469.315,Nullreference,0.01699557
469.3264,Nullreference,0.01514748
469.3372,Nullreference,0.01915242
469.3483,Nullreference,0.02122391
469.3594,Nullreference,0.02333544
469.3705,Nullreference,0.02178997
469.3816,Nullreference,0.01614569
469.3927,Nullreference,0.01528557
469.4037,Nullreference,0.01954261
469.4151,Nullreference,0.02015141
469.426,Nullreference,0.01979981
469.4371,Nullreference,0.023175
469.4482,Nullreference,0.03049923
469.4593,Nullreference,0.03202149
469.4705,Nullreference,0.03453443
469.4818,Nullreference,0.03590915
469.4929,Nullreference,0.03555574
469.5038,Nullreference,0.0317283
469.5149,Nullreference,0.03572045
469.526,Nullreference,0.04047134
469.5372,Nullreference,0.04062175
469.5482,Nullreference,0.04728332
469.5595,Nullreference,0.04384538
469.5704,Nullreference,0.0358714
469.5816,Nullreference,0.04145724
469.5927,Nullreference,0.03988193
469.6038,Nullreference,0.0417814
469.6148,Nullreference,0.04102724
469.6261,Nullreference,0.04565159
469.6371,Nullreference,0.04299338
469.6489,Collider_Roger_Body,0.04832773
469.6593,Collider_Roger_Body,0.04613819
469.6704,Collider_Roger_Body,0.05354076
469.6816,Collider_Roger_Body,0.05279554
469.6926,Collider_Roger_Body,0.05369598
469.7037,Collider_Roger_Body,0.05666154
469.7148,Collider_Roger_Body,0.05797501
469.7261,Collider_Roger_Body,0.05995809
469.737,Collider_Roger_Body,0.05563313
469.7481,Collider_Roger_Body,0.05229769
469.7594,Collider_Roger_Body,0.05241607
469.7704,Collider_Roger_Body,0.04405538
469.7816,Collider_Roger_Body,0.03921528
469.7937,Collider_Roger_Body,0.03627605
469.8039,Collider_Roger_Body,0.03310908
469.8148,Collider_Roger_Body,0.02537502
469.826,Nullreference,0.01795042
469.837,Nullreference,0.01528704
469.8482,Nullreference,0.00735883
469.8593,Nullreference,0.01154177
469.8703,Nullreference,0.01013593
469.8816,Nullreference,0.01147508
469.8927,Nullreference,0.008687737
469.9037,Nullreference,0.008758241
469.9148,Nullreference,0.01382366
469.9261,Nullreference,0.01745717
469.937,Nullreference,0.01727435
469.9481,Nullreference,0.02243534
469.9596,Nullreference,0.02888
469.9705,Nullreference,0.03625135
469.9815,Nullreference,0.03937477
469.993,Nullreference,0.03911513
470.0036,Collider_Roger_Body,0.03666846
470.0148,Collider_Roger_Body,0.03278935
470.0258,Collider_Roger_Body,0.02290126
470.037,Collider_Roger_Body,0.01674498
470.0481,Collider_Roger_Body,0.0121367
470.0594,Collider_Roger_Body,0.01364271
470.0703,Collider_Roger_Body,0.02291753
470.0817,Collider_Roger_Body,0.02743269
470.0925,Collider_Roger_Body,0.02960283
470.1037,Collider_Roger_Body,0.03169329
470.1148,Collider_Roger_Body,0.03102864
470.126,Collider_Roger_Body,0.03207203
470.1369,Collider_Roger_Body,0.0356123
470.148,Collider_Roger_Body,0.03691153
470.1594,Collider_Roger_Body,0.04622797
470.1703,Collider_Roger_Body,0.05126003
470.1814,Collider_Roger_Body,0.05441724
470.1925,Collider_Roger_Body,0.05507453
470.2036,Collider_Roger_Body,0.05934902
470.2147,Nullreference,0.05812785
470.2259,Nullreference,0.05806362
470.237,Collider_Roger_State_action,0.06137371
470.2481,Collider_Roger_State_action,0.06634969
470.2595,Collider_Roger_State_action,0.06610864
470.2703,Collider_Roger_State_action,0.07134017
470.2814,Collider_Roger_State_action,0.07549951
470.2927,Collider_Roger_State_action,0.08796615
470.3037,Collider_Roger_State_action,0.09525616
470.3146,Collider_Roger_State_action,0.1019004
470.326,Collider_Roger_State_action,0.1093679
470.337,Collider_Roger_State_action,0.1135604
470.348,Collider_Roger_State_action,0.1158916
470.3591,Collider_Roger_State_action,0.1201572
470.3701,Collider_Roger_State_action,0.1206383
470.3813,Collider_Roger_State_action,0.1177515
470.3925,Collider_Roger_State_action,0.116075
470.4035,Collider_Roger_State_action,0.113631
470.4145,Collider_Roger_State_action,0.1081524
470.4258,Collider_Roger_State_action,0.108276
470.4368,Collider_Roger_State_action,0.1018648
470.448,Collider_Roger_State_action,0.1025851
470.4591,Collider_Roger_State_action,0.09960052
470.4704,Collider_Roger_State_action,0.1075294
470.4814,Collider_Roger_State_action,0.1019207
470.4925,Collider_Roger_State_action,0.1060806
470.5039,Collider_Roger_State_action,0.1034242
470.5147,Collider_Roger_State_action,0.1102787
470.5258,Collider_Roger_State_action,0.1108169
470.5368,Collider_Roger_State_action,0.1168106
470.5478,Collider_Roger_State_action,0.1162497
470.5589,Collider_Roger_State_action,0.1183821
470.5699,Collider_Roger_State_action,0.1186686
470.5813,Collider_Roger_State_action,0.1082918
470.5928,Collider_Roger_State_action,0.1009961
470.6035,Collider_Roger_State_action,0.0989471
470.6145,Collider_Roger_State_action,0.09502468
470.6256,Collider_Roger_State_action,0.0938804
470.6367,Collider_Roger_State_action,0.09433155
470.648,Collider_Roger_State_action,0.08792901
470.6591,Collider_Roger_State_action,0.08409399
470.6701,Collider_Roger_State_action,0.08477992
470.6814,Collider_Roger_State_action,0.07597055
470.6923,Collider_Roger_State_action,0.07009828
470.7034,Collider_Roger_State_action,0.0677365
470.7146,Collider_Roger_State_action,0.07006507
470.726,Collider_Roger_State_action,0.06214394
470.7369,Collider_Roger_State_action,0.06279323
470.7478,Collider_Roger_State_action,0.06099592
470.759,Collider_Roger_State_action,0.06158378
470.77,Collider_Roger_State_action,0.07482228
470.7811,Collider_Roger_State_action,0.1055257
470.7923,Collider_Roger_State_action,0.1429942
470.8033,Collider_Roger_State_action,0.1855074
470.8145,Collider_Roger_State_action,0.220537
470.8258,Collider_Roger_State_action,0.2631685
470.8365,Collider_Roger_State_action,0.3077687
470.8477,Collider_Roger_State_action,0.3639947
470.8588,Collider_Roger_State_action,0.4064766
470.8699,Collider_Roger_State_action,0.4464008
470.8812,Collider_Roger_State_action,0.4842921
470.8923,Collider_Roger_State_action,0.5158623
470.9036,Collider_Roger_State_action,0.5433452
470.9148,Collider_Roger_State_action,0.559995
470.9255,Collider_Roger_State_action,0.5802532
470.937,Collider_Roger_State_action,0.5926268
470.9479,Collider_Roger_State_action,0.6016873
470.9589,Collider_Roger_State_action,0.602836
470.97,Collider_Roger_State_action,0.6009377
470.981,Collider_Roger_State_action,0.5999023
470.9923,Collider_Roger_State_action,0.5950249
471.0035,Collider_Roger_State_action,0.5943934
471.0145,Collider_Roger_State_action,0.5848508
471.0256,Collider_Roger_State_action,0.582465
471.0368,Collider_Roger_State_action,0.5795434
471.0478,Collider_Roger_State_action,0.5747228
471.059,Collider_Roger_State_action,0.5692514
471.0701,Collider_Roger_State_action,0.5641543
471.0811,Collider_Roger_State_action,0.5569357
471.0923,Collider_Roger_State_action,0.5549972
471.1034,Collider_Roger_State_action,0.5378157
471.1144,Collider_Roger_State_action,0.5324064
471.1256,Collider_Roger_State_action,0.5140985
471.1366,Collider_Roger_State_action,0.5078263
471.1479,Collider_Roger_State_action,0.4983239
471.159,Collider_Roger_State_action,0.4913621
471.1703,Collider_Roger_State_action,0.478341
471.1814,Collider_Roger_State_action,0.4682538
471.1926,Collider_Roger_State_action,0.4533771
471.2035,Collider_Roger_State_action,0.4373869
471.2145,Collider_Roger_State_action,0.4220773
471.2256,Collider_Roger_State_action,0.3978953
471.2366,Collider_Roger_State_action,0.3769711
471.2479,Collider_Roger_State_action,0.3536375
471.2589,Collider_Roger_State_action,0.3318224
471.27,Collider_Roger_State_action,0.3129027
471.2813,Collider_Roger_State_action,0.2977509
471.2923,Collider_Roger_State_action,0.2757854
471.3033,Collider_Roger_State_action,0.2576787
471.3147,Collider_Roger_State_action,0.236495
471.3256,Collider_Roger_State_action,0.2241636
471.3366,Collider_Roger_State_action,0.2056389
471.3478,Collider_Roger_State_action,0.1914741
471.3589,Collider_Roger_State_action,0.1775307
471.3701,Collider_Roger_State_action,0.1606834
471.3813,Collider_Roger_State_action,0.1455294
471.3924,Collider_Roger_State_action,0.1348763
471.4034,Collider_Roger_State_action,0.121883
471.4144,Collider_Roger_State_action,0.1134736
471.4257,Collider_Roger_State_action,0.1032897
471.4366,Collider_Roger_State_action,0.09152259
471.4478,Collider_Roger_State_action,0.08033147
471.459,Collider_Roger_State_action,0.07545836
471.47,Collider_Roger_State_action,0.06937679
471.4814,Collider_Roger_State_action,0.068004
471.4923,Collider_Roger_State_action,0.06600743
471.5032,Collider_Roger_State_action,0.06322287
471.5145,Collider_Roger_State_action,0.05637487
471.5257,Collider_Roger_State_action,0.04958107
471.5366,Collider_Roger_State_action,0.04270308
471.5477,Collider_Roger_State_action,0.04202509
471.5599,Collider_Roger_State_action,0.04659431
471.5713,Collider_Roger_State_action,0.0463371
471.5828,Collider_Roger_State_action,0.05130331
471.5931,Collider_Roger_State_action,0.05127988
471.6045,Collider_Roger_State_action,0.05641444
471.6152,Collider_Roger_State_action,0.05391001
471.6266,Collider_Roger_State_action,0.05857274
471.6376,Collider_Roger_State_action,0.06612658
471.6485,Collider_Roger_State_action,0.07018752
471.6598,Collider_Roger_State_action,0.07923612
471.6711,Collider_Roger_State_action,0.08817242
471.6825,Nullreference,0.09336708
471.693,Nullreference,0.1014223
471.7043,Nullreference,0.1068849
471.7151,Nullreference,0.1048397
471.7263,Nullreference,0.1123219
471.738,Nullreference,0.1148594
471.7485,Nullreference,0.1169108
471.7595,Nullreference,0.1207963
471.7707,Nullreference,0.1278595
471.7823,Nullreference,0.1314138
471.7929,Nullreference,0.1359016
471.8055,Nullreference,0.1495378
471.8151,Nullreference,0.1558372
471.8257,Nullreference,0.1622567
471.8366,Nullreference,0.166884
471.8478,Nullreference,0.1728541
471.859,Nullreference,0.1781296
471.87,Nullreference,0.1879474
471.881,Nullreference,0.1984818
471.8926,Nullreference,0.2112883
471.9033,Nullreference,0.2236802
471.9142,Nullreference,0.2362574
471.9255,Nullreference,0.2490764
471.9364,Nullreference,0.2633507
471.9475,Nullreference,0.282738
471.9589,Nullreference,0.2866691
471.9698,Nullreference,0.2996432
471.9817,Nullreference,0.3038543
471.9923,Nullreference,0.312398
472.0032,Nullreference,0.3184778
472.0145,Nullreference,0.3253011
472.0258,Nullreference,0.328218
472.0366,Nullreference,0.3348248
472.0476,Nullreference,0.338989
472.0588,Nullreference,0.3416969
472.0697,Nullreference,0.343636
472.0808,Nullreference,0.351501
472.092,Nullreference,0.3465002
472.1031,Nullreference,0.3480712
472.1141,Nullreference,0.3485947
472.1252,Nullreference,0.346272
472.1364,Nullreference,0.3475738
472.1474,Nullreference,0.343823
472.1585,Nullreference,0.3409956
472.1697,Nullreference,0.338956
472.1812,Nullreference,0.3365972
472.192,Nullreference,0.333376
472.2034,Nullreference,0.333101
472.2145,Nullreference,0.3302494
472.2258,Nullreference,0.3340943
472.2371,Nullreference,0.3334249
472.2481,Nullreference,0.3363482
472.2593,Nullreference,0.3287831
472.2704,Nullreference,0.3288865
472.2815,Nullreference,0.3174878
472.2927,Nullreference,0.3132559
472.3039,Nullreference,0.3021706
472.3148,Nullreference,0.2946089
472.326,Nullreference,0.291153
472.3373,Nullreference,0.2892674
472.3484,Nullreference,0.2931586
472.3591,Nullreference,0.3086054
472.3704,Nullreference,0.3260899
472.3813,Nullreference,0.3457578
472.3923,Nullreference,0.3711672
472.4034,Nullreference,0.3987929
472.4146,Nullreference,0.42013
472.4257,Nullreference,0.4351656
472.4368,Nullreference,0.4430144
472.4479,Nullreference,0.4508995
472.459,Nullreference,0.4582017
472.47,Nullreference,0.4580707
472.4813,Nullreference,0.4537267
472.4926,Nullreference,0.4436512
472.504,Nullreference,0.4240442
472.5147,Nullreference,0.4058837
472.5265,Nullreference,0.3870421
472.537,Nullreference,0.3742156
472.5482,Nullreference,0.3721161
472.5592,Nullreference,0.3740059
472.5703,Nullreference,0.380087
472.5814,Nullreference,0.3907811
472.5925,Nullreference,0.4015853
472.6039,Nullreference,0.4072195
472.6147,Nullreference,0.4034719
472.6261,Nullreference,0.4079413
472.637,Nullreference,0.4088581
472.648,Nullreference,0.4154653
472.6593,Nullreference,0.4133242
472.6707,Nullreference,0.4153296
472.6815,Nullreference,0.4242681
472.6931,Nullreference,0.4381125
472.7037,Nullreference,0.4518137
472.7148,Nullreference,0.4743319
472.7257,Nullreference,0.4915303
472.7369,Nullreference,0.5115902
472.7479,Nullreference,0.5249282
472.7591,Nullreference,0.5347257
472.77,Nullreference,0.5487545
472.7814,Nullreference,0.5602731
472.7927,Nullreference,0.5810108
472.8034,Nullreference,0.5990988
472.8148,Nullreference,0.6282495
472.8256,Nullreference,0.6546131
472.8367,Nullreference,0.6835368
472.8478,Nullreference,0.7038115
472.8589,Collider_Roger_Body,0.727752
472.87,Nullreference,0.7376926
472.8811,Nullreference,0.7517553
472.8922,Nullreference,0.7558064
472.9034,Nullreference,0.7607839
472.9146,Nullreference,0.7596357
472.9256,Nullreference,0.7520131
472.9367,Nullreference,0.7509621
472.9478,Nullreference,0.7437114
472.9589,Nullreference,0.7357023
472.97,Nullreference,0.7336754
472.9811,Nullreference,0.72926
472.9922,Nullreference,0.7231919
473.0032,Nullreference,0.7177854
473.0146,Nullreference,0.7064987
473.0255,Nullreference,0.6977925
473.0369,Nullreference,0.6746716
473.0478,Nullreference,0.6663494
473.0589,Nullreference,0.6493987
473.0699,Nullreference,0.6393396
473.0811,Nullreference,0.6225125
473.0921,Nullreference,0.6148231
473.1035,Nullreference,0.6065946
473.115,Nullreference,0.6007873
473.1254,Nullreference,0.5871954
473.1367,Nullreference,0.5763701
473.148,Nullreference,0.5432411
473.1591,Nullreference,0.5020088
473.1698,Nullreference,0.4442442
473.1811,Nullreference,0.3720709
473.1922,Nullreference,0.3003257
473.2032,Nullreference,0.2511472
473.2145,Nullreference,0.2021659
473.2256,Nullreference,0.1712227
473.2365,Collider_Roger_Body,0.1431973
473.2478,Collider_Roger_Body,0.1214147
473.2587,Collider_Roger_Body,0.1162046
473.2697,Collider_Roger_Body,0.1144368
473.2809,Collider_Roger_Body,0.112637
473.2919,Collider_Roger_Body,0.1194262
473.3031,Collider_Roger_Body,0.1316338
473.3145,Collider_Roger_Body,0.1571529
473.3253,Collider_Roger_Body,0.179174
473.3365,Collider_Roger_Body,0.2113874
473.3476,Collider_Roger_Body,0.2422023
473.3586,Collider_Roger_Body,0.2735712
473.37,Collider_Roger_Body,0.2964245
473.3808,Collider_Roger_Body,0.3137568
473.3921,Collider_Roger_Body,0.3364836
473.4031,Collider_Roger_Body,0.3474012
473.4142,Collider_Roger_Body,0.3709823
473.4252,Collider_Roger_Body,0.382021
473.4366,Collider_Roger_Body,0.4007772
473.4476,Collider_Roger_Body,0.4102105
473.4587,Collider_Roger_Body,0.4191297
473.4698,Collider_Roger_Body,0.4229459
473.4813,Collider_Roger_Body,0.4380006
473.4919,Collider_Roger_Body,0.4437771
473.5031,Collider_Roger_Body,0.4547241
473.5143,Collider_Roger_Body,0.4593354
473.5253,Collider_Roger_Body,0.4629295
473.5364,Collider_Roger_Body,0.4589894
473.5479,Collider_Roger_Body,0.4560061
473.5587,Collider_Roger_Body,0.4465269
473.5697,Collider_Roger_Body,0.436456
473.5807,Collider_Roger_Body,0.430998
473.5918,Nullreference,0.4235264
473.6031,Nullreference,0.422518
473.6142,Nullreference,0.4192702
473.6256,Nullreference,0.4157989
473.6364,Nullreference,0.413793
473.648,Nullreference,0.4148714
473.6585,Collider_Roger_Body,0.4174981
473.6696,Collider_Roger_Body,0.4274819
473.6808,Nullreference,0.4364969
473.6919,Nullreference,0.4459236
473.703,Nullreference,0.4525361
473.7142,Nullreference,0.453517
473.7253,Nullreference,0.4491653
473.7364,Nullreference,0.4335735
473.7477,Nullreference,0.4256978
473.7587,Nullreference,0.4140065
473.7696,Nullreference,0.4023224
473.7811,Nullreference,0.394434
473.792,Nullreference,0.3908534
473.8033,Nullreference,0.3918556
473.8141,Nullreference,0.3926219
473.8254,Nullreference,0.3965172
473.8364,Nullreference,0.393472
473.8473,Nullreference,0.380818
473.8586,Nullreference,0.3644021
473.8698,Nullreference,0.3435887
473.8808,Nullreference,0.3257469
473.8919,Nullreference,0.3235964
473.9032,Nullreference,0.3172217
473.9141,Nullreference,0.3237776
473.9252,Nullreference,0.3386863
473.9366,Nullreference,0.3669317
473.9474,Nullreference,0.402205
473.9584,Nullreference,0.4534704
473.9695,Nullreference,0.5172809
473.9805,Nullreference,0.5672916
473.9918,Nullreference,0.6269581
474.003,Collider_Roger_Body,0.6748719
474.014,Collider_Roger_Body,0.7337925
474.0251,Collider_Roger_Body,0.7931966
474.0362,Collider_Roger_Body,0.839164
474.0471,Collider_Roger_Body,0.8961451
474.0585,Collider_Roger_Body,0.9246867
474.0702,Collider_Roger_Body,0.9337444
474.0808,Collider_Roger_Body,0.9233872
474.0918,Collider_Roger_Body,0.9027811
474.103,Collider_Roger_Body,0.8735565
474.1138,Collider_Roger_Body,0.8444086
474.125,Collider_Roger_Body,0.8309482
474.136,Collider_Roger_Body,0.818212
474.1471,Collider_Roger_Body,0.8075055
474.1586,Nullreference,0.7972212
474.17,Collider_Roger_Body,0.7875824
474.1808,Collider_Roger_Body,0.7789069
474.1916,Collider_Roger_Body,0.788785
474.2027,Collider_Roger_Body,0.796066
474.2137,Collider_Roger_Body,0.7987934
474.2249,Collider_Roger_Body,0.7921055
474.2358,Collider_Roger_Body,0.8001817
474.247,Collider_Roger_Body,0.8299036
474.2582,Collider_Roger_Body,0.8461636
474.2694,Collider_Roger_Body,0.8163059
474.2807,Collider_Roger_Body,0.7556811
474.2917,Collider_Roger_Body,0.6570363
474.3026,Collider_Roger_Body,0.5571067
474.314,Collider_Roger_Body,0.4648468
474.325,Nullreference,0.3595904
474.336,Nullreference,0.2753187
474.3472,Nullreference,0.206187
474.3582,Nullreference,0.1570908
474.3694,Nullreference,0.1243509
474.3803,Nullreference,0.1094416
474.3915,Nullreference,0.09155676
474.4026,Nullreference,0.08797348
474.4137,Nullreference,0.1093405
474.4248,Nullreference,0.1365053
474.4358,Nullreference,0.1619847
474.4479,Collider_Roger_Body,0.1799354
474.458,Collider_Roger_Body,0.1797455
474.4693,Collider_Roger_Body,0.165281
474.4803,Collider_Roger_Body,0.1476585
474.4915,Collider_Roger_Body,0.1275387
474.5027,Collider_Roger_Body,0.1233026
474.5136,Collider_Roger_Body,0.1141313
474.5247,Collider_Roger_Body,0.1119901
474.536,Collider_Roger_Body,0.1188991
474.547,Collider_Roger_Body,0.1204603
474.558,Collider_Roger_Body,0.123609
474.5696,Collider_Roger_Body,0.1265385
474.5804,Collider_Roger_Body,0.1215912
474.5915,Collider_Roger_Body,0.1144026
474.6024,Collider_Roger_Body,0.1071004
474.6136,Collider_Roger_Body,0.09588271
474.6247,Collider_Roger_Body,0.09367551
474.6358,Collider_Roger_Body,0.09299914
474.647,Collider_Roger_Body,0.08708832
474.6581,Collider_Roger_Body,0.08126793
474.6691,Collider_Roger_Body,0.07906544
474.6805,Collider_Roger_Body,0.07740363
474.6915,Collider_Roger_Body,0.07516436
474.7025,Collider_Roger_Body,0.07792688
474.7135,Collider_Roger_Body,0.08733977
474.7247,Collider_Roger_Body,0.09872386
474.736,Collider_Roger_Body,0.110659
474.7472,Nullreference,0.1252915
474.7581,Nullreference,0.1433892
474.7691,Nullreference,0.1584028
474.7802,Nullreference,0.1771003
474.7917,Nullreference,0.1867924
474.8024,Nullreference,0.1924243
474.8136,Nullreference,0.199029
474.825,Nullreference,0.204551
474.8361,Nullreference,0.2071449
474.8474,Nullreference,0.2094042
474.858,Nullreference,0.2138525
474.869,Nullreference,0.2160767
474.8802,Nullreference,0.2111978
474.8913,Nullreference,0.2010224
474.9023,Nullreference,0.1793954
474.9136,Nullreference,0.1539481
474.9246,Nullreference,0.127982
474.9359,Nullreference,0.1084036
474.9468,Nullreference,0.09187966
474.9579,Nullreference,0.07186578
474.969,Nullreference,0.05975906
474.9805,Nullreference,0.04850345
474.9919,Nullreference,0.04095173
475.0023,Nullreference,0.0288588
475.0134,Nullreference,0.01628315
475.0247,Nullreference,0.01748217
475.0356,Nullreference,0.02194219
475.0469,Nullreference,0.02663887
475.0579,Nullreference,0.03233086
475.0688,Nullreference,0.02886634
475.0804,Nullreference,0.03411337
475.0911,Nullreference,0.03429271
475.1023,Nullreference,0.03907843
475.1133,Nullreference,0.03987101
475.1246,Nullreference,0.03467106
475.1355,Nullreference,0.03627587
475.1467,Nullreference,0.0399987
475.1577,Nullreference,0.04951064
475.169,Nullreference,0.06850486
475.1798,Nullreference,0.09074017
475.1912,Nullreference,0.1189704
475.2022,Nullreference,0.1416061
475.2134,Nullreference,0.1717203
475.2243,Nullreference,0.2012457
475.2354,Nullreference,0.2446743
475.2465,Nullreference,0.2826923
475.2577,Nullreference,0.3449574
475.269,Nullreference,0.3963416
475.2801,Collider_Roger_Body,0.4437629
475.2911,Collider_Roger_Body,0.4807134
475.3021,Collider_Roger_Body,0.5253599
475.3133,Collider_Roger_Body,0.5484945
475.3245,Collider_Roger_Body,0.5716577
475.3354,Collider_Roger_Body,0.5934544
475.3465,Collider_Roger_Body,0.6348809
475.3575,Collider_Roger_Body,0.6775208
475.3686,Collider_Roger_Body,0.7184672
475.38,Collider_Roger_Body,0.7716618
475.3911,Collider_Roger_Body,0.8023816
475.4022,Collider_Roger_Body,0.8369862
475.4132,Collider_Roger_Body,0.8526739
475.4243,Collider_Roger_Body,0.8762905
475.4353,Collider_Roger_Body,0.9004475
475.4464,Collider_Roger_Body,0.9170203
475.4575,Collider_Roger_Body,0.9267429
475.4686,Collider_Roger_Body,0.9250102
475.4803,Collider_Roger_Body,0.910491
475.4907,Collider_Roger_Body,0.8894317
475.5018,Collider_Roger_Body,0.8770506
475.513,Collider_Roger_Body,0.8620085
475.5241,Collider_Roger_Body,0.8512887
475.5351,Collider_Roger_Body,0.8261572
475.5464,Collider_Roger_Body,0.8064766
475.5574,Collider_Roger_Body,0.7727305
475.5687,Collider_Roger_Body,0.7347403
475.5799,Collider_Roger_Body,0.6942099
475.591,Collider_Roger_Body,0.6571383
475.6023,Collider_Roger_Body,0.608758
475.6133,Collider_Roger_Body,0.5715171
475.6243,Collider_Roger_Body,0.5262097
475.6354,Collider_Roger_Body,0.4827475
475.6465,Collider_Roger_Body,0.4395576
475.6577,Collider_Roger_Body,0.3831378
475.6686,Collider_Roger_Body,0.3413441
475.6798,Collider_Roger_Body,0.2918647
475.6909,Collider_Roger_Body,0.2508281
475.7022,Collider_Roger_Body,0.2086766
475.7135,Collider_Roger_Body,0.1792844
475.7242,Collider_Roger_Body,0.1618116
475.7353,Collider_Roger_Body,0.155987
475.7464,Collider_Roger_Body,0.1617856
475.7574,Collider_Roger_Body,0.1710437
475.7685,Collider_Roger_Body,0.1800329
475.7798,Collider_Roger_Body,0.1876385
475.791,Collider_Roger_Body,0.194818
475.802,Collider_Roger_Body,0.2037887
475.813,Collider_Roger_Body,0.2121894
475.8241,Collider_Roger_Body,0.2226367
475.8357,Collider_Roger_Body,0.2262591
475.8468,Collider_Roger_Body,0.2346639
475.8576,Collider_Roger_Body,0.246263
475.8686,Collider_Roger_Body,0.2563537
475.8796,Collider_Roger_Body,0.2623695
475.8912,Collider_Roger_Body,0.2657594
475.9017,Collider_Roger_Body,0.2666452
475.9129,Collider_Roger_Body,0.2634887
475.9239,Collider_Roger_Body,0.2567209
475.935,Collider_Roger_Body,0.2488061
475.946,Nullreference,0.2414112
475.9573,Nullreference,0.2261236
475.9684,Collider_Roger_Body,0.2121697
475.9799,Collider_Roger_Body,0.194978
475.9906,Collider_Roger_Body,0.1748564
476.0016,Collider_Roger_Body,0.1636458
476.0126,Collider_Roger_Body,0.1478478
476.0238,Collider_Roger_Body,0.136157
476.035,Collider_Roger_Body,0.1320335
476.0467,Collider_Roger_Body,0.1223714
476.0579,Collider_Roger_Body,0.1227726
476.0683,Collider_Roger_Body,0.1267367
476.0793,Collider_Roger_Body,0.1295311
476.0905,Collider_Roger_Body,0.1300168
476.1015,Collider_Roger_Body,0.1361023
476.1126,Collider_Roger_Body,0.1486279
476.1238,Collider_Roger_Body,0.1608871
476.135,Collider_Roger_Body,0.1651278
476.146,Collider_Roger_Body,0.1709106
476.1571,Collider_Roger_Body,0.1697159
476.1682,Collider_Roger_Body,0.1648946
476.1794,Collider_Roger_Body,0.1511252
476.1904,Collider_Roger_Body,0.1326768
476.2011,Nullreference,0.1098159
476.2122,Nullreference,0.09262539
476.2234,Nullreference,0.06928761
476.2346,Nullreference,0.0474254
476.2457,Nullreference,0.05094546
476.2569,Nullreference,0.06388282
476.2679,Nullreference,0.07693733
476.2789,Nullreference,0.09268557
476.2901,Nullreference,0.09953198
476.3012,Nullreference,0.101131
476.3123,Nullreference,0.100594
476.3234,Nullreference,0.09103351
476.3347,Nullreference,0.07609478
476.3455,Nullreference,0.06765192
476.3567,Nullreference,0.05385502
476.3678,Nullreference,0.05745038
476.3789,Nullreference,0.06526884
476.39,Nullreference,0.08025084
476.4012,Nullreference,0.08948278
476.4122,Nullreference,0.1030872
476.4234,Nullreference,0.1113275
476.4344,Nullreference,0.1161879
476.446,Nullreference,0.1156409
476.4568,Nullreference,0.1235049
476.4678,Nullreference,0.1265286
476.4789,Nullreference,0.1286867
476.4902,Nullreference,0.1402593
476.5011,Nullreference,0.1572867
476.5121,Nullreference,0.1742916
476.5234,Nullreference,0.187898
476.5345,Nullreference,0.2033805
476.5454,Nullreference,0.217196
476.5567,Nullreference,0.2275434
476.5677,Nullreference,0.237525
476.5788,Nullreference,0.2548737
476.59,Nullreference,0.2693741
476.601,Nullreference,0.2937737
476.6123,Nullreference,0.3264278
476.6233,Nullreference,0.3521074
476.6343,Nullreference,0.3930404
476.6455,Nullreference,0.4407525
476.6565,Nullreference,0.4806374
476.6677,Nullreference,0.5413954
476.6787,Nullreference,0.5945882
476.6898,Nullreference,0.6508609
476.7041,Nullreference,0.6989735
476.7126,Nullreference,0.7589296
476.7232,Nullreference,0.8081975
476.7343,Nullreference,0.8552155
476.7455,Nullreference,0.8960763
476.7567,Nullreference,0.934315
476.7681,Nullreference,0.9598725
476.7789,Nullreference,0.9838053
476.79,Nullreference,1.00656
476.8012,Nullreference,1.021274
476.812,Nullreference,1.034475
476.8233,Nullreference,1.038645
476.8343,Nullreference,1.041478
476.8453,Nullreference,1.033302
476.8567,Nullreference,1.02354
476.8676,Nullreference,1.018744
476.8788,Nullreference,1.006787
476.8899,Nullreference,0.9983996
476.9011,Nullreference,0.992494
476.9122,Nullreference,0.9896824
476.9231,Nullreference,0.9931133
476.9343,Nullreference,0.9926183
476.9454,Nullreference,0.9983621
476.9566,Nullreference,0.9988586
476.9677,Nullreference,1.008552
476.9793,Nullreference,1.010582
476.9899,Nullreference,1.024724
477.0015,Nullreference,1.033111
477.0122,Nullreference,1.042108
477.0233,Nullreference,1.056664
477.0343,Nullreference,1.068218
477.0454,Nullreference,1.086086
477.0565,Nullreference,1.096885
477.0676,Nullreference,1.104635
477.0788,Nullreference,1.117453
477.0898,Nullreference,1.125743
477.101,Nullreference,1.132668
477.1121,Nullreference,1.140399
477.123,Nullreference,1.143274
477.134,Nullreference,1.136657
477.1452,Nullreference,1.132717
477.1564,Nullreference,1.115484
477.1674,Nullreference,1.102846
477.1786,Nullreference,1.086522
477.1897,Nullreference,1.074835
477.2012,Nullreference,1.058815
477.2118,Nullreference,1.043735
477.2229,Nullreference,1.029652
477.234,Nullreference,1.025751
477.2451,Nullreference,1.016579
477.2562,Nullreference,1.002446
477.2675,Nullreference,0.995151
477.2784,Nullreference,0.9754851
477.2897,Nullreference,0.9581642
477.301,Nullreference,0.9352113
477.312,Nullreference,0.9112829
477.3231,Nullreference,0.8891225
477.3342,Nullreference,0.8675342
477.3452,Nullreference,0.8478849
477.3565,Nullreference,0.8254541
477.3673,Nullreference,0.8084393
477.3785,Nullreference,0.7890929
477.3896,Nullreference,0.7651713
477.4007,Nullreference,0.7477865
477.4117,Nullreference,0.7315821
477.4231,Nullreference,0.7191286
477.434,Nullreference,0.706733
477.4451,Nullreference,0.6981258
477.4565,Nullreference,0.6941915
477.4673,Nullreference,0.6919647
477.4785,Nullreference,0.6828233
477.4895,Nullreference,0.6752402
477.5008,Nullreference,0.6756411
477.5116,Nullreference,0.6713207
477.5228,Nullreference,0.672788
477.5339,Nullreference,0.6726215
477.5449,Nullreference,0.6696295
477.5561,Nullreference,0.6725238
477.5672,Nullreference,0.6648469
477.5784,Nullreference,0.6712365
477.5895,Nullreference,0.6750278
477.6006,Nullreference,0.6809323
477.6116,Nullreference,0.6894809
477.6228,Nullreference,0.7000492
477.6339,Nullreference,0.710804
477.6449,Nullreference,0.719701
477.656,Nullreference,0.7281154
477.6671,Nullreference,0.7336494
477.6783,Nullreference,0.7393766
477.6894,Nullreference,0.7434202
477.701,Nullreference,0.7562658
477.7115,Nullreference,0.7675089
477.723,Nullreference,0.7775995
477.7337,Nullreference,0.7903725
477.7448,Nullreference,0.8011116
477.756,Nullreference,0.8122514
477.7671,Nullreference,0.8168969
477.7784,Nullreference,0.8228476
477.7894,Nullreference,0.8210641
477.8005,Nullreference,0.8184462
477.8117,Nullreference,0.8048295
477.8226,Nullreference,0.7828948
477.8337,Nullreference,0.7664341
477.8448,Nullreference,0.7420294
477.856,Nullreference,0.7132825
477.8671,Nullreference,0.6764369
477.8782,Nullreference,0.6465027
477.8894,Nullreference,0.6173691
477.9006,Nullreference,0.5821632
477.9117,Nullreference,0.5439593
477.9227,Nullreference,0.5080292
477.9338,Nullreference,0.465232
477.9449,Nullreference,0.4185877
477.956,Nullreference,0.3782861
477.967,Nullreference,0.3282546
477.9784,Nullreference,0.2898577
477.9893,Nullreference,0.2504843
478.0004,Nullreference,0.220763
478.0118,Nullreference,0.1861717
478.0226,Nullreference,0.1567764
478.0337,Nullreference,0.1318143
478.0449,Nullreference,0.1107299
478.0562,Nullreference,0.09489912
478.0676,Nullreference,0.07538928
478.0783,Nullreference,0.0616913
478.0893,Nullreference,0.05213602
478.1006,Nullreference,0.0448981
478.1115,Nullreference,0.04111913
478.1227,Nullreference,0.03854738
478.1342,Nullreference,0.04895161
478.1454,Nullreference,0.06422683
478.1562,Nullreference,0.08721606
478.167,Nullreference,0.104933
478.1781,Nullreference,0.1242057
478.1895,Nullreference,0.1385231
478.2005,Nullreference,0.1476708
478.2117,Nullreference,0.1585897
478.2227,Nullreference,0.1673857
478.2338,Nullreference,0.1788773
478.2448,Nullreference,0.1835211
478.2559,Nullreference,0.1897916
478.267,Nullreference,0.197882
478.2781,Nullreference,0.2000846
478.2894,Nullreference,0.2077864
478.3005,Nullreference,0.2092113
478.3113,Nullreference,0.2158267
478.3227,Nullreference,0.2241083
478.3337,Nullreference,0.2298594
478.3448,Nullreference,0.2366201
478.356,Nullreference,0.2403439
478.367,Nullreference,0.2430029
478.3781,Nullreference,0.2459356
478.3893,Nullreference,0.2416016
478.4007,Nullreference,0.2407112
478.4113,Nullreference,0.2332809
478.4225,Nullreference,0.2253606
478.4337,Nullreference,0.2189597
478.4447,Nullreference,0.2108289
478.4558,Nullreference,0.2044171
478.4668,Nullreference,0.1925568
478.4779,Nullreference,0.1787895
478.4891,Nullreference,0.1620678
478.5002,Nullreference,0.1455194
478.5113,Nullreference,0.1285188
478.5226,Nullreference,0.1152701
478.5335,Nullreference,0.08762412
478.5446,Nullreference,0.07416619
478.5558,Nullreference,0.05784677
478.5669,Nullreference,0.05646505
478.5779,Nullreference,0.05538301
478.5891,Nullreference,0.05128594
478.6001,Nullreference,0.04377248
478.6113,Nullreference,0.03779981
478.6224,Nullreference,0.02903836
478.6335,Nullreference,0.03047328
478.6446,Nullreference,0.0375007
478.6559,Nullreference,0.04908182
478.6669,Nullreference,0.06392965
478.678,Nullreference,0.07262813
478.6891,Nullreference,0.08515232
478.7002,Nullreference,0.0973496
478.7113,Nullreference,0.1011002
478.7224,Nullreference,0.1068844
478.7334,Nullreference,0.1012776
478.7453,Nullreference,0.09143066
478.7559,Nullreference,0.08505354
478.7668,Nullreference,0.07436288
478.778,Nullreference,0.07149044
478.7893,Nullreference,0.06742651
478.8002,Nullreference,0.06726272
478.8114,Nullreference,0.06523085
478.8227,Nullreference,0.06017894
478.8336,Nullreference,0.06141841
478.8446,Nullreference,0.05906199
478.8555,Nullreference,0.05616551
478.8667,Nullreference,0.0537755
478.8779,Nullreference,0.05302037
478.8888,Nullreference,0.05337724
478.9,Nullreference,0.05693424
478.9112,Nullreference,0.06070772
478.9224,Nullreference,0.0621189
478.9333,Nullreference,0.05825834
478.9444,Nullreference,0.06010113
478.9555,Nullreference,0.06064328
478.9667,Nullreference,0.05856044
478.9777,Nullreference,0.05175995
478.989,Nullreference,0.04986889
479,Nullreference,0.04651849
479.0111,Nullreference,0.04805953
479.0223,Nullreference,0.04854349
479.0333,Nullreference,0.04862588
479.0444,Nullreference,0.04735347
479.0556,Nullreference,0.04856753
479.0665,Nullreference,0.04768496
479.0778,Nullreference,0.05350594
479.0891,Nullreference,0.05303824
479.0998,Nullreference,0.05703369
479.111,Nullreference,0.06698091
479.1221,Nullreference,0.0737593
479.1335,Nullreference,0.08212539
479.1444,Nullreference,0.0900659
479.1559,Nullreference,0.1027331
479.1667,Nullreference,0.1054185
479.1778,Nullreference,0.1113404
479.1889,Nullreference,0.1156038
479.1999,Nullreference,0.1190549
479.2111,Nullreference,0.1269761
479.2221,Nullreference,0.1304214
479.2332,Nullreference,0.1342618
479.2445,Nullreference,0.1331022
479.2555,Nullreference,0.1324251
479.2665,Nullreference,0.1341063
479.278,Nullreference,0.1347811
479.2888,Nullreference,0.1321986
479.2998,Nullreference,0.1291323
479.311,Nullreference,0.1293126
479.3223,Nullreference,0.1310831
479.3332,Nullreference,0.1330532
479.3443,Nullreference,0.1326829
479.3558,Nullreference,0.143954
479.3666,Nullreference,0.1467344
479.3779,Nullreference,0.1537049
479.389,Nullreference,0.1553391
479.3999,Nullreference,0.1703206
479.4113,Nullreference,0.1833405
479.4223,Nullreference,0.2008579
479.4333,Nullreference,0.2159411
479.4447,Nullreference,0.234952
479.4554,Nullreference,0.2565452
479.4664,Nullreference,0.2760058
479.4775,Nullreference,0.2910686
479.4889,Nullreference,0.3048052
479.4998,Nullreference,0.3172317
479.5115,Nullreference,0.3302243
479.5222,Nullreference,0.3369646
479.5331,Nullreference,0.3494428
479.5443,Nullreference,0.3480852
479.5554,Nullreference,0.3481378
479.5664,Nullreference,0.3512559
479.5776,Nullreference,0.3559587
479.5888,Nullreference,0.358831
479.6002,Nullreference,0.3644559
479.6111,Nullreference,0.3674611
479.622,Nullreference,0.3649283
479.633,Nullreference,0.3631737
479.6442,Nullreference,0.3568752
479.6553,Nullreference,0.3484457
479.6664,Nullreference,0.3414932
479.6776,Nullreference,0.3325766
479.6887,Nullreference,0.3219114
479.6998,Nullreference,0.31023
479.711,Nullreference,0.2973562
479.7221,Nullreference,0.2804097
479.7334,Nullreference,0.2665769
479.7441,Nullreference,0.2457134
479.7554,Nullreference,0.2247287
479.7666,Nullreference,0.2079618
479.7777,Nullreference,0.1874625
479.7889,Nullreference,0.1729201
479.8002,Nullreference,0.1532769
479.8108,Nullreference,0.1317794
479.8223,Nullreference,0.1091706
479.8331,Nullreference,0.08556742
479.8441,Nullreference,0.06602692
479.8556,Nullreference,0.04967817
479.8664,Nullreference,0.03452631
479.8776,Nullreference,0.02173106
479.8887,Nullreference,0.02496851
479.8997,Nullreference,0.03839136
479.9109,Nullreference,0.04613739
479.9218,Nullreference,0.06268352
479.933,Nullreference,0.07540588
479.9441,Nullreference,0.08303696
479.9554,Nullreference,0.09230867
479.9666,Nullreference,0.0941281
479.9773,Nullreference,0.1005673
479.9887,Nullreference,0.1044106
479.9996,Nullreference,0.1120437
480.0107,Nullreference,0.1200884
480.0218,Nullreference,0.1262779
480.0328,Nullreference,0.1328216
480.0443,Nullreference,0.1379157
480.0551,Nullreference,0.138381
480.0665,Nullreference,0.1397562
480.0774,Nullreference,0.1300642
480.0886,Nullreference,0.1294597
480.0998,Nullreference,0.128953
480.1106,Nullreference,0.1315475
480.1217,Nullreference,0.1319747
480.133,Nullreference,0.1303124
480.1441,Nullreference,0.1331569
480.155,Nullreference,0.1369407
480.1661,Nullreference,0.1404783
480.1772,Nullreference,0.1491446
480.1884,Nullreference,0.15638
480.1996,Nullreference,0.1575704
480.2119,Collider_Roger_Body,0.1662488
480.2228,Collider_Roger_Body,0.1684702
480.2337,Collider_Roger_Body,0.1693778
480.2448,Collider_Roger_Body,0.1764686
480.2559,Collider_Roger_Body,0.1799299
480.2671,Collider_Roger_Body,0.199675
480.2781,Collider_Roger_Body,0.2183263
480.2891,Collider_Roger_Body,0.2601986
480.3003,Collider_Roger_Body,0.3150967
480.3114,Collider_Roger_Body,0.3748793
480.3225,Collider_Roger_Body,0.4701411
480.3336,Collider_Roger_Body,0.5713554
480.3448,Collider_Roger_Body,0.6880797
480.3557,Collider_Roger_Body,0.7923212
480.3669,Collider_Roger_Body,0.9088605
480.3781,Nullreference,1.005866
480.389,Collider_Roger_Body,1.122414
480.4001,Collider_Roger_Body,1.235526
480.4115,Nullreference,1.340051
480.4233,Nullreference,1.430251
480.4337,Nullreference,1.523044
480.4451,Nullreference,1.587918
480.4559,Nullreference,1.657617
480.4669,Nullreference,1.706472
480.4782,Nullreference,1.761726
480.4891,Nullreference,1.806717
480.5009,Nullreference,1.869375
480.5114,Nullreference,1.91294
480.5225,Nullreference,1.968549
480.5336,Nullreference,2.005735
480.5451,Nullreference,2.041643
480.5559,Nullreference,2.082303
480.5669,Nullreference,2.116708
480.5781,Nullreference,2.14892
480.5891,Nullreference,2.176569
480.6003,Nullreference,2.190009
480.6114,Nullreference,2.193817
480.6229,Nullreference,2.190463
480.6339,Nullreference,2.16983
480.6447,Nullreference,2.14546
480.6559,Nullreference,2.114171
480.6669,Nullreference,2.090567
480.6781,Nullreference,2.053391
480.6894,Nullreference,2.016115
480.7002,Nullreference,1.968885
480.7114,Nullreference,1.90634
480.7224,Nullreference,1.860096
480.7336,Nullreference,1.818564
480.7445,Nullreference,1.78078
480.7558,Nullreference,1.738165
480.7668,Nullreference,1.688436
480.7787,Nullreference,1.651042
480.7892,Nullreference,1.599365
480.8001,Nullreference,1.556714
480.8112,Nullreference,1.510401
480.8227,Nullreference,1.481093
480.8336,Nullreference,1.445899
480.8447,Nullreference,1.420797
480.8562,Nullreference,1.40332
480.8668,Nullreference,1.385186
480.878,Nullreference,1.383263
480.8891,Nullreference,1.373141
480.9003,Nullreference,1.364787
480.9112,Nullreference,1.3448
480.9223,Nullreference,1.323524
480.9333,Nullreference,1.312881
480.9447,Nullreference,1.302302
480.9557,Nullreference,1.295038
480.9668,Nullreference,1.292281
480.9779,Nullreference,1.287158
480.9891,Nullreference,1.286188
481,Nullreference,1.291485
481.0113,Nullreference,1.289697
481.0229,Nullreference,1.295569
481.0334,Nullreference,1.303615
481.0447,Nullreference,1.318261
481.0561,Nullreference,1.334789
481.0667,Nullreference,1.364825
481.0777,Nullreference,1.393669
481.0889,Nullreference,1.442156
481.0999,Nullreference,1.48519
481.111,Nullreference,1.521075
481.1221,Nullreference,1.565586
481.1332,Nullreference,1.601588
481.1444,Nullreference,1.644089
481.1554,Nullreference,1.671636
481.1667,Nullreference,1.713745
481.1777,Nullreference,1.744052
481.1885,Nullreference,1.775448
481.1996,Nullreference,1.810867
481.2106,Nullreference,1.836006
481.2219,Nullreference,1.866498
481.2329,Nullreference,1.893486
481.244,Nullreference,1.913941
481.2551,Nullreference,1.939642
481.2661,Nullreference,1.957332
481.2773,Nullreference,1.975984
481.2885,Nullreference,1.995959
481.2994,Nullreference,2.000424
481.3111,Nullreference,2.002532
481.3218,Nullreference,2.005795
481.333,Nullreference,2.008411
481.3439,Nullreference,2.019822
481.3547,Nullreference,2.035115
481.3658,Nullreference,2.057959
481.377,Nullreference,2.077955
481.3881,Nullreference,2.112178
481.3991,Nullreference,2.13208
481.4102,Nullreference,2.126656
481.4212,Nullreference,2.093428
481.4323,Nullreference,2.064684
481.4436,Nullreference,2.032235
481.4549,Nullreference,1.998286
481.4657,Nullreference,1.958014
481.4767,Nullreference,1.893922
481.4879,Nullreference,1.812866
481.4989,Nullreference,1.721214
481.5103,Nullreference,1.648232
481.5213,Nullreference,1.58128
481.5322,Nullreference,1.530062
481.5433,Nullreference,1.478372
481.5543,Nullreference,1.437688
481.5655,Nullreference,1.381558
481.5766,Nullreference,1.313623
481.5876,Nullreference,1.268579
481.5987,Nullreference,1.215622
481.61,Nullreference,1.167737
481.6212,Nullreference,1.133976
481.6321,Nullreference,1.10161
481.6432,Nullreference,1.085309
481.6544,Nullreference,1.05974
481.6653,Nullreference,1.040877
481.6765,Nullreference,1.00286
481.6877,Nullreference,0.9672791
481.6987,Nullreference,0.924979
481.7099,Nullreference,0.8900317
481.7209,Nullreference,0.8696228
481.732,Nullreference,0.8346887
481.743,Nullreference,0.8032076
481.7542,Nullreference,0.7556006
481.7653,Nullreference,0.7243822
481.7763,Nullreference,0.6995783
481.7874,Nullreference,0.6821966
481.7987,Nullreference,0.6716173
481.81,Nullreference,0.6609722
481.821,Nullreference,0.6546955
481.8318,Nullreference,0.6470784
481.8429,Nullreference,0.6515223
481.8541,Nullreference,0.6528214
481.8651,Nullreference,0.6528531
481.8763,Nullreference,0.6523791
481.8874,Nullreference,0.6510766
481.8984,Nullreference,0.6511859
481.9097,Nullreference,0.6528406
481.9208,Nullreference,0.6598309
481.9319,Nullreference,0.6672149
481.9429,Nullreference,0.6728714
481.9539,Nullreference,0.6741822
481.9693,Nullreference,0.6782124
481.976,Nullreference,0.6739406
481.985,Nullreference,0.6665404
481.996,Nullreference,0.6576533
482.0072,Nullreference,0.6511521
482.0182,Nullreference,0.6450008
482.0296,Nullreference,0.6374618
482.0406,Nullreference,0.6365372
482.0516,Nullreference,0.6297274
482.0627,Nullreference,0.6284661
482.0738,Nullreference,0.6301569
482.085,Nullreference,0.6353719
482.096,Nullreference,0.6485807
482.1071,Nullreference,0.6552207
482.1182,Nullreference,0.673118
482.1293,Nullreference,0.6862023
482.1404,Nullreference,0.7006105
482.1516,Nullreference,0.7160348
482.1627,Nullreference,0.7322031
482.1739,Nullreference,0.7462749
482.1849,Nullreference,0.760247
482.196,Nullreference,0.7824807
482.2072,Nullreference,0.8036469
482.2183,Nullreference,0.8390613
482.2294,Nullreference,0.871093
482.2407,Nullreference,0.9121016
482.2516,Nullreference,0.9485447
482.2627,Nullreference,0.9915674
482.274,Nullreference,1.024147
482.285,Nullreference,1.061519
482.2961,Cube (2),1.085701
482.3072,Nullreference,1.106627
482.3183,Nullreference,1.12143
482.3296,Nullreference,1.136217
482.3409,Nullreference,1.15245
482.3521,Nullreference,1.162923
482.3633,Nullreference,1.181735
482.3747,Nullreference,1.185663
482.3859,Nullreference,1.185707
482.3972,Nullreference,1.183176
482.4084,Nullreference,1.182109
482.42,Cube (5),1.181018
482.431,Cube (5),1.180311
482.4423,Nullreference,1.188992
482.4536,Nullreference,1.192517
482.4646,Nullreference,1.205251
482.4759,Nullreference,1.23188
482.4872,Nullreference,1.256947
482.4984,Nullreference,1.27501
482.5094,Nullreference,1.300545
482.5208,Nullreference,1.31678
482.5317,Nullreference,1.330876
482.543,Nullreference,1.351992
482.5667,Nullreference,1.377811
482.5748,Nullreference,1.411393
482.5827,Nullreference,1.481751
482.5935,Nullreference,1.513335
482.6047,Nullreference,1.544919
482.6157,Nullreference,1.560553
482.6267,Nullreference,1.564337
482.638,Nullreference,1.559497
482.6491,Nullreference,1.550754
482.66,Nullreference,1.543002
482.6716,Nullreference,1.53998
482.6822,Nullreference,1.541942
482.6933,Nullreference,1.536632
482.7045,Nullreference,1.527081
482.7157,Nullreference,1.513165
482.7268,Nullreference,1.496629
482.7378,Nullreference,1.482025
482.7489,Nullreference,1.486421
482.7602,Nullreference,1.486973
482.7712,Nullreference,1.495863
482.7823,Nullreference,1.508309
482.7933,Nullreference,1.512979
482.8045,Nullreference,1.5207
482.8155,Nullreference,1.518358
482.8268,Nullreference,1.521483
482.8377,Nullreference,1.512693
482.8488,Nullreference,1.509562
482.86,Nullreference,1.503731
482.8712,Nullreference,1.48842
482.8822,Nullreference,1.466016
482.8933,Nullreference,1.430846
482.9044,Nullreference,1.407176
482.9157,Nullreference,1.37504
482.9265,Nullreference,1.355436
482.9377,Nullreference,1.318095
482.9487,Nullreference,1.276979
482.9598,Nullreference,1.190843
482.9709,Nullreference,1.101793
482.9821,Nullreference,1.001708
482.9933,Nullreference,0.9148918
483.0044,Nullreference,0.850287
483.0157,Nullreference,0.7836077
483.0267,Nullreference,0.7301202
483.0382,Nullreference,0.6752774
483.0495,Nullreference,0.632637
483.0609,Nullreference,0.5996148
483.0724,Nullreference,0.5840193
483.084,Nullreference,0.5825787
483.0953,Nullreference,0.5964971
483.1068,Nullreference,0.614782
483.1181,Nullreference,0.6489508
483.1298,Nullreference,0.6798317
483.1411,Nullreference,0.7086515
483.1525,Nullreference,0.7364759
483.164,Nullreference,0.7725729
483.1753,Nullreference,0.8036253
483.187,Nullreference,0.8358175
483.1981,Nullreference,0.8573393
483.2096,Nullreference,0.8720884
483.2206,Nullreference,0.8765776
483.2315,Nullreference,0.8711528
483.2426,Nullreference,0.8433037
483.2538,Nullreference,0.8109838
483.2648,Nullreference,0.7649447
483.276,Nullreference,0.7124195
483.2871,Nullreference,0.6640846
483.2982,Nullreference,0.6118322
483.3094,Nullreference,0.5660617
483.3204,Nullreference,0.5278028
483.3316,Nullreference,0.4784464
483.3427,Nullreference,0.4505413
483.3538,Nullreference,0.3659132
483.3651,Nullreference,0.3447185
483.3761,Nullreference,0.4172135
483.387,Nullreference,0.4862117
483.3982,Nullreference,0.5158018
483.4093,Nullreference,0.5261886
483.4204,Nullreference,0.5246371
483.4316,Nullreference,0.5137736
483.4429,Nullreference,0.4847475
483.4538,Nullreference,0.4213703
483.4648,Nullreference,0.3587462
483.476,Nullreference,0.3493928
483.4872,Nullreference,0.4274928
483.4983,Nullreference,0.4522687
483.5093,Nullreference,0.491408
483.5206,Nullreference,0.6359729
483.5314,Nullreference,0.7484824
483.5429,Nullreference,0.8759368
483.5538,Nullreference,0.9877002
483.5651,Nullreference,1.080347
483.5758,Nullreference,1.024426
483.5871,Nullreference,0.9966018
483.5981,Nullreference,1.339445
483.6093,Nullreference,1.971848
483.6205,Nullreference,2.323769
483.6315,Nullreference,2.515631
483.6429,Nullreference,2.567434
483.6541,Nullreference,2.453755
483.6649,Nullreference,2.205696
483.676,Nullreference,1.908891
483.6873,Nullreference,1.547754
483.6981,Nullreference,1.334967
483.7094,Nullreference,1.233804
483.7205,Nullreference,1.189651
483.7315,Nullreference,1.136983
483.7426,Nullreference,1.049426
483.7538,Nullreference,0.9426445
483.7649,Nullreference,0.854876
483.7758,Nullreference,0.8012226
483.7871,Nullreference,0.7897445
483.7982,Nullreference,0.7600213
483.8095,Nullreference,0.7855076
483.8204,Nullreference,0.8846081
483.8314,Nullreference,0.9570574
483.8426,Nullreference,0.9729816
483.8538,Nullreference,0.9355648
483.8648,Nullreference,0.8904308
483.8759,Nullreference,0.855884
483.8873,Nullreference,0.8600452
483.898,Nullreference,0.8851141
483.9091,Nullreference,0.8994831
483.9209,Nullreference,0.8642401
483.9313,Nullreference,0.7843065
483.9425,Nullreference,0.7125199
483.9536,Nullreference,0.6408961
483.9648,Nullreference,0.586758
483.9757,Nullreference,0.5627257
483.987,Nullreference,0.5447862
483.9981,Nullreference,0.5467389
484.0092,Nullreference,0.5458523
484.0202,Nullreference,0.5471291
484.0314,Nullreference,0.5676252
484.0425,Nullreference,0.616878
484.0536,Nullreference,0.6623253
484.0648,Nullreference,0.7314435
484.0757,Nullreference,0.782226
484.087,Nullreference,0.8501964
484.0979,Nullreference,0.9274895
484.1091,Nullreference,0.9808856
484.1203,Nullreference,1.041847
484.1313,Nullreference,1.084258
484.1423,Nullreference,1.128829
484.1534,Nullreference,1.161699
484.1646,Nullreference,1.196629
484.1758,Nullreference,1.209173
484.1868,Nullreference,1.205432
484.1979,Nullreference,1.20494
484.2091,Nullreference,1.187722
484.2202,Nullreference,1.162573
484.2314,Nullreference,1.118592
484.2423,Nullreference,1.073917
484.254,Nullreference,1.032538
484.2646,Nullreference,0.9808095
484.2757,Nullreference,0.933354
484.2869,Nullreference,0.8754831
484.2979,Nullreference,0.831587
484.309,PROPS_WhiteFreightliner_V2:ctrl_tanker_truck,0.7768975
484.3202,PROPS_WhiteFreightliner_V2:ctrl_tanker_truck,0.7400622
484.3311,PROPS_WhiteFreightliner_V2:ctrl_tanker_truck,0.7227691
484.3423,PROPS_WhiteFreightliner_V2:ctrl_tanker_truck,0.7205938
484.3533,PROPS_WhiteFreightliner_V2:ctrl_tanker_truck,0.7207533
484.3645,PROPS_WhiteFreightliner_V2:ctrl_tanker_truck,0.7186192
484.3757,PROPS_WhiteFreightliner_V2:ctrl_tanker_truck,0.7165626
484.3869,PROPS_WhiteFreightliner_V2:ctrl_tanker_truck,0.7126277
484.3978,PROPS_WhiteFreightliner_V2:ctrl_tanker_truck,0.6892834
484.4089,PROPS_WhiteFreightliner_V2:ctrl_tanker_truck,0.6596082
484.4202,PROPS_WhiteFreightliner_V2:ctrl_tanker_truck,0.6158825
484.4312,PROPS_WhiteFreightliner_V2:ctrl_tanker_truck,0.5871329
484.4424,PROPS_WhiteFreightliner_V2:ctrl_tanker_truck,0.5512943
484.4534,PROPS_WhiteFreightliner_V2:ctrl_tanker_truck,0.5323353
484.4646,PROPS_WhiteFreightliner_V2:ctrl_tanker_truck,0.5113021
484.4755,PROPS_WhiteFreightliner_V2:ctrl_tanker_truck,0.5130071
484.4866,PROPS_WhiteFreightliner_V2:ctrl_tanker_truck,0.5255322
484.4979,PROPS_WhiteFreightliner_V2:ctrl_tanker_truck,0.5421355
484.5089,PROPS_WhiteFreightliner_V2:ctrl_tanker_truck,0.5209066
484.5201,PROPS_WhiteFreightliner_V2:ctrl_tanker_truck,0.4909241
484.5314,PROPS_WhiteFreightliner_V2:ctrl_tanker_truck,0.462311
484.5424,PROPS_WhiteFreightliner_V2:ctrl_tanker_truck,0.4708497
484.5533,PROPS_WhiteFreightliner_V2:ctrl_tanker_truck,0.5077816
484.5644,PROPS_WhiteFreightliner_V2:ctrl_tanker_truck,0.5121916
484.5756,PROPS_WhiteFreightliner_V2:ctrl_tanker_truck,0.4863773
484.5865,PROPS_WhiteFreightliner_V2:ctrl_tanker_truck,0.443046
484.5977,PROPS_WhiteFreightliner_V2:ctrl_tanker_truck,0.405315
484.6088,PROPS_WhiteFreightliner_V2:ctrl_tanker_truck,0.3940821
484.6201,PROPS_WhiteFreightliner_V2:ctrl_tanker_truck,0.4030419
484.6311,PROPS_WhiteFreightliner_V2:ctrl_tanker_truck,0.4158868
484.6422,PROPS_WhiteFreightliner_V2:ctrl_tanker_truck,0.4384105
484.6538,PROPS_WhiteFreightliner_V2:ctrl_tanker_truck,0.4656194
484.6645,PROPS_WhiteFreightliner_V2:ctrl_tanker_truck,0.4887692
484.6756,PROPS_WhiteFreightliner_V2:ctrl_tanker_truck,0.5046305
484.6867,PROPS_WhiteFreightliner_V2:ctrl_tanker_truck,0.5145081
484.6978,PROPS_WhiteFreightliner_V2:ctrl_tanker_truck,0.5177771
484.709,PROPS_WhiteFreightliner_V2:ctrl_tanker_truck,0.5171652
484.7202,PROPS_WhiteFreightliner_V2:ctrl_tanker_truck,0.5179347
484.7313,PROPS_WhiteFreightliner_V2:ctrl_tanker_truck,0.5251709
484.7422,PROPS_WhiteFreightliner_V2:ctrl_tanker_truck,0.5283458
484.7536,PROPS_WhiteFreightliner_V2:ctrl_tanker_truck,0.5330664
484.7647,PROPS_WhiteFreightliner_V2:ctrl_tanker_truck,0.5360548
484.7756,PROPS_WhiteFreightliner_V2:ctrl_tanker_truck,0.5319844
484.7866,PROPS_WhiteFreightliner_V2:ctrl_tanker_truck,0.5218901
484.7979,PROPS_WhiteFreightliner_V2:ctrl_tanker_truck,0.5101481
484.8089,PROPS_WhiteFreightliner_V2:ctrl_tanker_truck,0.4830492
484.8199,PROPS_WhiteFreightliner_V2:ctrl_tanker_truck,0.4458423
484.8317,PROPS_WhiteFreightliner_V2:ctrl_tanker_truck,0.4129395
484.8421,PROPS_WhiteFreightliner_V2:ctrl_tanker_truck,0.3753924
484.8532,PROPS_WhiteFreightliner_V2:ctrl_tanker_truck,0.3399531
484.8645,PROPS_WhiteFreightliner_V2:ctrl_tanker_truck,0.3021116
484.8754,PROPS_WhiteFreightliner_V2:ctrl_tanker_truck,0.2561257
484.8866,PROPS_WhiteFreightliner_V2:ctrl_tanker_truck,0.2136534
484.8977,PROPS_WhiteFreightliner_V2:ctrl_tanker_truck,0.1857809
484.9088,PROPS_WhiteFreightliner_V2:ctrl_tanker_truck,0.17
484.9207,PROPS_WhiteFreightliner_V2:ctrl_tanker_truck,0.1492712
484.9352,PROPS_WhiteFreightliner_V2:ctrl_tanker_truck,0.1327652
484.9431,PROPS_WhiteFreightliner_V2:ctrl_tanker_truck,0.1332397
484.9503,PROPS_WhiteFreightliner_V2:ctrl_tanker_truck,0.132088
484.9615,PROPS_WhiteFreightliner_V2:ctrl_tanker_truck,0.1358564
484.9726,PROPS_WhiteFreightliner_V2:ctrl_tanker_truck,0.1461205
484.9837,PROPS_WhiteFreightliner_V2:ctrl_tanker_truck,0.1564016
484.9949,PROPS_WhiteFreightliner_V2:ctrl_tanker_truck,0.1724708
485.0059,PROPS_WhiteFreightliner_V2:ctrl_tanker_truck,0.191464
485.0172,PROPS_WhiteFreightliner_V2:ctrl_tanker_truck,0.2120696
485.0283,PROPS_WhiteFreightliner_V2:ctrl_tanker_truck,0.2278634
485.0396,PROPS_WhiteFreightliner_V2:ctrl_tanker_truck,0.2436994
485.0504,PROPS_WhiteFreightliner_V2:ctrl_tanker_truck,0.2476489
485.0615,PROPS_WhiteFreightliner_V2:ctrl_tanker_truck,0.2421858
485.0726,PROPS_WhiteFreightliner_V2:ctrl_tanker_truck,0.2087536
485.0836,PROPS_WhiteFreightliner_V2:ctrl_tanker_truck,0.1733829
485.0948,PROPS_WhiteFreightliner_V2:ctrl_tanker_truck,0.1420656
485.106,PROPS_WhiteFreightliner_V2:ctrl_tanker_truck,0.1150098
485.1172,PROPS_WhiteFreightliner_V2:ctrl_tanker_truck,0.1004311
485.1282,PROPS_WhiteFreightliner_V2:ctrl_tanker_truck,0.1159057
485.1392,PROPS_WhiteFreightliner_V2:ctrl_tanker_truck,0.1345111
485.1504,PROPS_WhiteFreightliner_V2:ctrl_tanker_truck,0.1663536
485.1615,PROPS_WhiteFreightliner_V2:ctrl_tanker_truck,0.1869895
485.1725,PROPS_WhiteFreightliner_V2:ctrl_tanker_truck,0.1995334
485.1836,PROPS_WhiteFreightliner_V2:ctrl_tanker_truck,0.2120877
485.1953,PROPS_WhiteFreightliner_V2:ctrl_tanker_truck,0.2146812
485.2059,PROPS_WhiteFreightliner_V2:ctrl_tanker_truck,0.2149579
485.217,PROPS_WhiteFreightliner_V2:ctrl_tanker_truck,0.2090568
485.2282,PROPS_WhiteFreightliner_V2:ctrl_tanker_truck,0.2003048
485.2392,PROPS_WhiteFreightliner_V2:ctrl_tanker_truck,0.1902391
485.2502,PROPS_WhiteFreightliner_V2:ctrl_tanker_truck,0.1843852
485.2615,PROPS_WhiteFreightliner_V2:ctrl_tanker_truck,0.1858143
485.2727,PROPS_WhiteFreightliner_V2:ctrl_tanker_truck,0.1950807
485.2835,PROPS_WhiteFreightliner_V2:ctrl_tanker_truck,0.2147051
485.2949,PROPS_WhiteFreightliner_V2:ctrl_tanker_truck,0.2373526
485.3062,PROPS_WhiteFreightliner_V2:ctrl_tanker_truck,0.2706194
485.3176,PROPS_WhiteFreightliner_V2:ctrl_tanker_truck,0.3117826
485.3288,PROPS_WhiteFreightliner_V2:ctrl_tanker_truck,0.3470201
485.34,PROPS_WhiteFreightliner_V2:ctrl_tanker_truck,0.3754908
485.3513,PROPS_WhiteFreightliner_V2:ctrl_tanker_truck,0.3991292
485.3626,PROPS_WhiteFreightliner_V2:ctrl_tanker_truck,0.406044
485.3738,PROPS_WhiteFreightliner_V2:ctrl_tanker_truck,0.4096653
485.385,PROPS_WhiteFreightliner_V2:ctrl_tanker_truck,0.4143351
485.3963,PROPS_WhiteFreightliner_V2:ctrl_tanker_truck,0.4330512
485.4078,PROPS_WhiteFreightliner_V2:ctrl_tanker_truck,0.4606445
485.4191,Collider_Roger_State_action,0.4921973
485.4304,Collider_Roger_State_action,0.5293841
485.4413,Collider_Roger_State_action,0.566685
485.4529,Collider_Roger_State_action,0.6119437
485.4639,Collider_Roger_State_action,0.6404743
485.4751,Collider_Roger_State_action,0.6600859
485.4861,Collider_Roger_State_action,0.6808683
485.4973,Collider_Roger_State_action,0.7055159
485.5085,Collider_Roger_State_action,0.7393771
485.5199,Nullreference,0.7738482
485.5306,Nullreference,0.8175454
485.5418,Collider_Roger_State_action,0.8431273
485.553,Collider_Roger_State_action,0.8727999
485.5639,Collider_Roger_State_action,0.8963232
485.575,Collider_Roger_State_action,0.909858
485.5862,Collider_Roger_State_action,0.9176952
485.5972,Collider_Roger_State_action,0.9174119
485.6083,Collider_Roger_State_action,0.9092377
485.6195,Collider_Roger_State_action,0.8949543
485.6309,Collider_Roger_State_action,0.8749813
485.6419,Collider_Roger_State_action,0.84762
485.653,Collider_Roger_State_action,0.8142014
485.6642,Collider_Roger_State_action,0.789842
485.675,Collider_Roger_State_action,0.7518343
485.6862,Collider_Roger_State_action,0.7196222
485.6973,Collider_Roger_State_action,0.6879479
485.7083,Collider_Roger_State_action,0.6447797
485.7199,Collider_Roger_State_action,0.6069629
485.7308,Collider_Roger_State_action,0.564104
485.7418,Collider_Roger_State_action,0.5229172
485.7537,Collider_Roger_State_action,0.4687784
485.7639,Collider_Roger_State_action,0.4091157
485.7751,Collider_Roger_State_action,0.3506911
485.7862,Collider_Roger_State_action,0.3047725
485.7973,Collider_Roger_State_action,0.2528816
485.8084,Collider_Roger_State_action,0.2043508
485.8199,Collider_Roger_State_action,0.1561328
485.8307,Collider_Roger_State_action,0.1109731
485.8419,Collider_Roger_State_action,0.08508611
485.8529,Collider_Roger_State_action,0.06350964
485.864,Collider_Roger_State_action,0.06943442
485.8751,Collider_Roger_State_action,0.0824295
485.8864,Collider_Roger_State_action,0.07366569
485.8973,Collider_Roger_State_action,0.06278658
485.9084,Collider_Roger_State_action,0.04916719
485.9194,Collider_Roger_State_action,0.05249805
485.9305,Collider_Roger_State_action,0.08500216
485.9418,Collider_Roger_State_action,0.1091264
485.9527,Collider_Roger_State_action,0.1134557
485.9639,Collider_Roger_State_action,0.09775417
485.9749,Collider_Roger_State_action,0.08432811
485.986,Collider_Roger_State_action,0.1077286
485.9971,Collider_Roger_State_action,0.1407972
486.0082,Collider_Roger_State_action,0.1646137
486.0196,Collider_Roger_State_action,0.1824846
486.0304,Collider_Roger_State_action,0.1954006
486.0416,Collider_Roger_State_action,0.211519
486.0528,Collider_Roger_State_action,0.2250983
486.0637,Collider_Roger_State_action,0.2188889
486.0749,Collider_Roger_State_action,0.2173716
486.0861,Collider_Roger_State_action,0.2375474
486.0971,Collider_Roger_State_action,0.2711157
486.1082,Collider_Roger_State_action,0.3024706
486.1193,Collider_Roger_State_action,0.3546124
486.1304,Collider_Roger_State_action,0.4061449
486.1416,Collider_Roger_State_action,0.4391647
486.1526,Collider_Roger_State_action,0.4477198
486.1638,Collider_Roger_State_action,0.4486616
486.1748,Collider_Roger_State_action,0.4273363
486.1862,Collider_Roger_State_action,0.3899728
486.1971,Collider_Roger_State_action,0.357137
486.208,Collider_Roger_State_action,0.3247665
486.2194,Collider_Roger_State_action,0.3257302
486.2303,Collider_Roger_State_action,0.3597036
486.2414,Collider_Roger_State_action,0.4024387
486.2525,Collider_Roger_State_action,0.4380648
486.2638,Collider_Roger_State_action,0.4633967
486.2747,Collider_Roger_State_action,0.4690602
486.286,Collider_Roger_State_action,0.4753534
486.2969,Collider_Roger_State_action,0.4794007
486.3081,Collider_Roger_State_action,0.4679553
486.3193,Collider_Roger_State_action,0.4240338
486.3302,Collider_Roger_State_action,0.3862904
486.3414,Collider_Roger_State_action,0.342574
486.3525,Collider_Roger_State_action,0.3100247
486.3636,Collider_Roger_State_action,0.2762702
486.3747,Collider_Roger_State_action,0.2498666
486.3861,Collider_Roger_State_action,0.2256697
486.397,Collider_Roger_State_action,0.1915406
486.4081,Collider_Roger_State_action,0.1335822
486.4191,Collider_Roger_State_action,0.08211002
486.4302,Collider_Roger_State_action,0.04183902
486.4413,Collider_Roger_State_action,0.07215757
486.4524,Collider_Roger_State_action,0.1258244
486.4636,Collider_Roger_State_action,0.1821211
486.4751,Collider_Roger_State_action,0.2400947
486.4858,Collider_Roger_State_action,0.2715119
486.4972,Collider_Roger_State_action,0.3032035
486.5083,Collider_Roger_State_action,0.3134031
486.5192,Collider_Roger_State_action,0.3194598
486.5302,Collider_Roger_State_action,0.3120545
486.5412,Collider_Roger_State_action,0.3025399
486.5524,Collider_Roger_State_action,0.2975619
486.5635,Collider_Roger_State_action,0.2940001
486.5745,Collider_Roger_State_action,0.2979639
486.5857,Collider_Roger_State_action,0.3016421
486.597,Collider_Roger_State_action,0.3100887
486.6079,Collider_Roger_State_action,0.3053808
486.619,Collider_Roger_State_action,0.2869874
486.6305,Collider_Roger_State_action,0.2578067
486.6412,Collider_Roger_State_action,0.2365469
486.6523,Collider_Roger_State_action,0.2217297
486.6634,Collider_Roger_State_action,0.2191173
486.6745,Collider_Roger_State_action,0.2326323
486.6857,Collider_Roger_State_action,0.2541906
486.6968,Collider_Roger_State_action,0.2663023
486.7078,Collider_Roger_State_action,0.2713788
486.719,Collider_Roger_State_action,0.2760096
486.73,Collider_Roger_State_action,0.2860523
486.7412,Collider_Roger_State_action,0.3183791
486.7524,Collider_Roger_State_action,0.3711662
486.7633,Collider_Roger_State_action,0.4303001
486.7745,Collider_Roger_State_action,0.4705884
486.7857,Collider_Roger_State_action,0.5038589
486.7973,Nullreference,0.5124725
486.8078,Collider_Roger_State_action,0.5068647
486.8193,Collider_Roger_State_action,0.4796218
486.8301,Collider_Roger_State_action,0.4144571
486.8412,Collider_Roger_State_action,0.3456108
486.8522,Collider_Roger_State_action,0.2494684
486.8633,Collider_Roger_State_action,0.1586646
486.8745,Collider_Roger_State_action,0.1257304
486.8856,Collider_Roger_State_action,0.1751637
486.8966,Collider_Roger_State_action,0.2528521
486.9078,Collider_Roger_State_action,0.3749793
486.9193,Collider_Roger_State_action,0.4644405
486.9307,Collider_Roger_State_action,0.5431339
486.9412,Collider_Roger_State_action,0.5598732
486.9523,Collider_Roger_State_action,0.5595577
486.9633,Collider_Roger_State_action,0.5487839
486.9745,Collider_Roger_State_action,0.5338766
486.9855,Collider_Roger_State_action,0.5287707
486.9967,Collider_Roger_State_action,0.5307766
487.0078,Collider_Roger_State_action,0.5383552
487.019,Collider_Roger_State_action,0.5601138
487.03,Collider_Roger_State_action,0.5790389
487.0412,Collider_Roger_State_action,0.6013579
487.0523,Collider_Roger_State_action,0.6113381
487.0636,Collider_Roger_State_action,0.6184706
487.0744,Collider_Roger_State_action,0.6190207
487.0855,Collider_Roger_State_action,0.6220422
487.0968,Collider_Roger_State_action,0.6203023
487.1077,Collider_Roger_State_action,0.618714
487.1188,Collider_Roger_State_action,0.6021971
487.1299,Collider_Roger_State_action,0.5716475
487.1411,Collider_Roger_State_action,0.552345
487.1522,Collider_Roger_State_action,0.6099119
487.1632,Collider_Roger_State_action,0.7381609
487.1744,Collider_Roger_State_action,0.8998917
487.1854,Collider_Roger_State_action,0.9731433
487.1969,Collider_Roger_State_action,0.9010074
487.2078,Collider_Roger_State_action,0.7117745
487.2188,Collider_Roger_State_action,0.5041996
487.2298,Collider_Roger_State_action,0.3911404
487.241,Collider_Roger_State_action,0.3827239
487.2521,Collider_Roger_State_action,0.4015855
487.2632,Collider_Roger_State_action,0.3944139
487.2744,Collider_Roger_State_action,0.353389
487.2854,Collider_Roger_State_action,0.301128
487.2965,Collider_Roger_State_action,0.2668068
487.3079,Collider_Roger_State_action,0.239919
487.3188,Collider_Roger_State_action,0.2370087
487.3299,Collider_Roger_State_action,0.2558946
487.3415,Collider_Roger_State_action,0.274999
487.3522,Collider_Roger_State_action,0.3014987
487.3631,Collider_Roger_State_action,0.3185043
487.3744,Collider_Roger_State_action,0.323085
487.3854,Collider_Roger_State_action,0.3193624
487.3965,Collider_Roger_State_action,0.3106333
487.4076,Collider_Roger_State_action,0.3195866
487.4188,Collider_Roger_State_action,0.3500226
487.4299,Collider_Roger_State_action,0.3862996
487.4409,Collider_Roger_State_action,0.4132842
487.452,Collider_Roger_State_action,0.4265869
487.4631,Collider_Roger_State_action,0.4170193
487.4743,Collider_Roger_State_action,0.3927094
487.4854,Collider_Roger_State_action,0.358796
487.4964,Collider_Roger_State_action,0.3230792
487.5074,Collider_Roger_State_action,0.2674954
487.5187,Collider_Roger_State_action,0.2097643
487.5298,Collider_Roger_State_action,0.1609745
487.5412,Collider_Roger_State_action,0.1012885
487.5521,Collider_Roger_State_action,0.08041722
487.563,Collider_Roger_State_action,0.12177
487.5743,Collider_Roger_State_action,0.1615204
487.5852,Collider_Roger_State_action,0.2100314
487.5963,Collider_Roger_State_action,0.2291171
487.6075,Collider_Roger_State_action,0.2479478
487.6186,Collider_Roger_State_action,0.258079
487.6297,Collider_Roger_State_action,0.2736792
487.6408,Collider_Roger_State_action,0.304379
487.6519,Collider_Roger_State_action,0.3318113
487.6631,Collider_Roger_State_action,0.3820617
487.6742,Collider_Roger_State_action,0.4372704
487.6853,Collider_Roger_State_action,0.4844625
487.6964,Collider_Roger_State_action,0.5310894
487.7075,Collider_Roger_State_action,0.5602223
487.7187,Collider_Roger_State_action,0.5795487
487.7297,Collider_Roger_State_action,0.5811842
487.7409,Collider_Roger_State_action,0.5787928
487.7519,Collider_Roger_State_action,0.5696116
487.7631,Collider_Roger_State_action,0.5731198
487.774,Collider_Roger_State_action,0.5795896
487.7853,Collider_Roger_State_action,0.5906556
487.7963,Collider_Roger_State_action,0.607735
487.8073,Collider_Roger_State_action,0.6187164
487.8187,PROPS_WhiteFreightliner_V2:ctrl_tanker_truck,0.6257368
487.8296,PROPS_WhiteFreightliner_V2:ctrl_tanker_truck,0.638991
487.8408,PROPS_WhiteFreightliner_V2:ctrl_tanker_truck,0.6436681
487.852,PROPS_WhiteFreightliner_V2:ctrl_tanker_truck,0.6686236
487.863,Collider_Roger_State_action,0.695419
487.874,Collider_Roger_State_action,0.7348608
487.8852,Collider_Roger_State_action,0.7852459
487.8962,Collider_Roger_State_action,0.8316435
487.9074,Collider_Roger_State_action,0.8965744
487.9174,Collider_Roger_State_action,0.9544319
487.9285,Collider_Roger_State_action,1.017428
487.9411,Nullreference,1.058647
487.9521,Nullreference,1.078909
487.9627,Nullreference,1.078662
487.9738,Nullreference,1.068817
487.985,Nullreference,1.032092
487.9963,Nullreference,0.9936731
488.0072,Nullreference,0.9359157
488.0181,Nullreference,0.8822328
488.0297,Nullreference,0.8395275
488.0404,Nullreference,0.8057469
488.0516,Nullreference,0.7751108
488.0627,Nullreference,0.7505697
488.0737,Nullreference,0.7451741
488.0848,Nullreference,0.7534556
488.0958,Nullreference,0.7766513
488.107,Nullreference,0.7827116
488.1182,Nullreference,0.8447267
488.1292,Nullreference,0.8743153
488.1404,Nullreference,0.8604285
488.1514,Nullreference,0.8533537
488.1625,Nullreference,0.8336412
488.1736,Nullreference,0.8005178
488.1848,Nullreference,0.7620876
488.196,Nullreference,0.7652014
488.2069,Nullreference,0.7177253
488.2181,Nullreference,0.6558437
488.2292,Nullreference,0.6149717
488.2404,Nullreference,0.5814776
488.2514,Nullreference,0.5772982
488.263,Nullreference,0.5574561
488.2737,Nullreference,0.5228813
488.2847,Nullreference,0.5292566
488.2958,Nullreference,0.5679275
488.3071,Nullreference,0.6126269
488.3186,Nullreference,0.6759435
488.3295,Nullreference,0.7143891
488.3403,Nullreference,0.6818914
488.3515,Nullreference,0.6292287
488.3624,Nullreference,0.5923256
488.3736,Nullreference,0.5478445
488.3849,Nullreference,0.496096
488.3958,Nullreference,0.4875357
488.4069,Nullreference,0.4938889
488.4181,Nullreference,0.4969585
488.4294,Nullreference,0.488717
488.4403,Nullreference,0.47993
488.4514,Nullreference,0.4569083
488.4626,Nullreference,0.4290668
488.474,Nullreference,0.4111087
488.4847,Nullreference,0.4159772
488.4958,Nullreference,0.4441158
488.5069,Nullreference,0.4816229
488.5182,Nullreference,0.5320857
488.5294,Nullreference,0.5841083
488.5402,Nullreference,0.6319167
488.5515,Nullreference,0.6812087
488.5624,Nullreference,0.7485517
488.5735,Nullreference,0.8155296
488.5847,Nullreference,0.8968675
488.5959,Nullreference,0.9781206
488.6068,Nullreference,1.038539
488.6181,Nullreference,1.109147
488.6293,Nullreference,1.172054
488.6402,Nullreference,1.249245
488.6512,Nullreference,1.336492
488.6625,Nullreference,1.456364
488.6737,Nullreference,1.557797
488.6847,Nullreference,1.682458
488.6966,Nullreference,1.78839
488.707,Nullreference,1.874313
488.7181,Nullreference,1.975561
488.7293,Nullreference,2.061455
488.7406,Nullreference,2.169231
488.7516,Nullreference,2.264424
488.7627,Nullreference,2.35897
488.7739,Nullreference,2.468634
488.785,Nullreference,2.571336
488.7961,Nullreference,2.655957
488.8073,Nullreference,2.736537
488.8183,Nullreference,2.788165
488.8298,Nullreference,2.843678
488.8406,Nullreference,2.881225
488.8517,Nullreference,2.917433
488.8627,Nullreference,2.943464
488.8746,Nullreference,2.948437
488.8853,Nullreference,2.945561
488.8963,Nullreference,2.923875
488.9074,Nullreference,2.886699
488.9191,Nullreference,2.846224
488.9304,Nullreference,2.785233
488.9408,Nullreference,2.714259
488.9521,Nullreference,2.661543
488.9629,Nullreference,2.603704
488.9742,Nullreference,2.539605
488.985,Nullreference,2.497208
488.9963,Nullreference,2.458226
489.0074,Nullreference,2.409078
489.0187,Nullreference,2.364531
489.0299,Nullreference,2.313066
489.041,Nullreference,2.259189
489.0519,Nullreference,2.21407
489.0631,Nullreference,2.168932
489.0742,Nullreference,2.133161
489.0854,Nullreference,2.087413
489.0963,Nullreference,2.050243
489.1077,Nullreference,2.011919
489.1198,Nullreference,1.964261
489.1296,Nullreference,1.921002
489.1408,Nullreference,1.879575
489.1521,Nullreference,1.809502
489.163,Nullreference,1.739003
489.1741,Nullreference,1.617554
489.1852,Nullreference,1.489196
489.1965,Nullreference,1.342992
489.2076,Nullreference,1.203584
489.2187,Nullreference,1.09994
489.2297,Nullreference,0.9860653
489.241,Nullreference,0.8951237
489.2519,Nullreference,0.7952648
489.2629,Nullreference,0.7133355
489.2742,Nullreference,0.6447673
489.2852,Nullreference,0.5606534
489.2963,Nullreference,0.4808695
489.3075,Nullreference,0.4059433
489.3185,Nullreference,0.3344544
489.3296,Nullreference,0.2846939
489.3407,Nullreference,0.2315052
489.3521,Nullreference,0.195475
489.3629,Nullreference,0.1689916
489.3741,Nullreference,0.1566229
489.3853,Nullreference,0.158985
489.3966,Nullreference,0.1755479
489.4074,Nullreference,0.1911332
489.4184,Nullreference,0.2038059
489.4297,Nullreference,0.2196229
489.4406,Nullreference,0.2380872
489.4519,Nullreference,0.2609432
489.4629,Nullreference,0.2715129
489.474,Nullreference,0.2596949
489.485,Nullreference,0.2544048
489.4962,Nullreference,0.2739367
489.5074,Nullreference,0.3096897
489.5186,Nullreference,0.3622223
489.5298,Nullreference,0.3968918
489.5407,Nullreference,0.4327112
489.552,Nullreference,0.4789948
489.5628,Nullreference,0.5293148
489.574,Nullreference,0.5631064
489.5852,Nullreference,0.6108916
489.5962,Nullreference,0.6685489
489.6075,Nullreference,0.719902
489.6185,Nullreference,0.7765434
489.6302,Nullreference,0.8052821
489.6405,Nullreference,0.8266791
489.6519,Nullreference,0.8336828
489.663,Nullreference,0.8369556
489.6742,Nullreference,0.829515
489.6853,Nullreference,0.8086033
489.6962,Nullreference,0.7852152
489.71,Nullreference,0.7606158
489.7183,Nullreference,0.7489715
489.7278,Nullreference,0.7480761
489.7389,Nullreference,0.7502226
489.7498,Nullreference,0.7693018
489.7612,Nullreference,0.7964647
489.7722,Nullreference,0.8257055
489.7832,Nullreference,0.8781174
489.7943,Nullreference,0.9434259
489.8054,Nullreference,1.008237
489.8165,Nullreference,1.08174
489.8281,Nullreference,1.137804
489.8388,Nullreference,1.195392
489.8498,Nullreference,1.237039
489.8609,Nullreference,1.264385
489.872,Nullreference,1.298282
489.8831,Nullreference,1.310549
489.8942,Nullreference,1.325352
489.9055,Nullreference,1.336915
489.9165,Nullreference,1.351645
489.9277,Nullreference,1.372458
489.9387,Nullreference,1.395762
489.9499,Nullreference,1.418357
489.961,Nullreference,1.432173
489.9721,Nullreference,1.43446
489.9831,Nullreference,1.431968
489.9942,Nullreference,1.417943
490.0054,Nullreference,1.385057
490.0166,Nullreference,1.343351
490.0278,Nullreference,1.302928
490.0385,Nullreference,1.254903
490.0498,Nullreference,1.207819
490.0609,Nullreference,1.156636
490.0723,Nullreference,1.112531
490.0832,Nullreference,1.063437
490.0947,Nullreference,1.022723
490.1058,Nullreference,0.9818102
490.117,Nullreference,0.9316505
490.1283,Nullreference,0.8740369
490.1393,Nullreference,0.8230748
490.1512,Nullreference,0.7577792
490.1622,Nullreference,0.6994544
490.1733,Nullreference,0.6463503
490.1847,Nullreference,0.5913361
490.1956,Nullreference,0.5411924
490.2072,Nullreference,0.4901913
490.2181,Nullreference,0.4544666
490.2299,Nullreference,0.4203654
490.2403,Nullreference,0.3885375
490.2513,Nullreference,0.3635262
490.2624,Nullreference,0.3438379
490.2741,Nullreference,0.3273788
490.2852,Nullreference,0.312938
490.2959,Nullreference,0.2918619
490.3071,Nullreference,0.2695507
490.318,Nullreference,0.2343845
490.3291,Nullreference,0.1992954
490.3402,Nullreference,0.1678616
490.3513,Nullreference,0.1335097
490.3624,Nullreference,0.1181419
490.3735,Nullreference,0.1133539
490.3848,Nullreference,0.1244143
490.3957,Nullreference,0.1420415
490.4068,Nullreference,0.1589957
490.4183,Nullreference,0.1948267
490.429,Nullreference,0.2473602
490.4406,Nullreference,0.2920998
490.4512,Nullreference,0.3315273
490.4623,Nullreference,0.3539771
490.4735,Nullreference,0.3521295
490.4847,Nullreference,0.3444718
490.4957,Nullreference,0.345442
490.5069,Nullreference,0.3482947
490.5181,Nullreference,0.3661439
490.529,Nullreference,0.3974821
490.5403,Nullreference,0.4154555
490.5513,Nullreference,0.4432134
490.5622,Nullreference,0.4631243
490.5733,Nullreference,0.4823045
490.5845,Nullreference,0.4865626
490.5959,Nullreference,0.4846392
490.6067,Nullreference,0.4622349
490.6179,Nullreference,0.4435485
490.6289,Nullreference,0.4317099
490.6401,Nullreference,0.4236314
490.6511,Nullreference,0.4273998
490.6623,Nullreference,0.4542407
490.6736,Nullreference,0.4735775
490.6843,Nullreference,0.5145982
490.6955,Nullreference,0.5579238
490.7068,Nullreference,0.586041
490.718,Nullreference,0.6130502
490.7287,Nullreference,0.6234223
490.7399,Nullreference,0.6296093
490.7509,Nullreference,0.6150572
490.7621,Nullreference,0.5871204
490.7733,Nullreference,0.5560445
490.7852,Nullreference,0.5499371
490.7954,Nullreference,0.5555733
490.8066,Nullreference,0.5640909
490.8179,Nullreference,0.5796669
490.8288,Nullreference,0.5995333
490.8402,Nullreference,0.6249391
490.851,Nullreference,0.6573495
490.8623,Nullreference,0.6861898
490.8732,Nullreference,0.7136347
490.8844,Nullreference,0.7198389
490.8956,Nullreference,0.7196987
490.9066,Nullreference,0.7135359
490.9178,Nullreference,0.7137126
490.9289,Nullreference,0.7208409
490.9402,Nullreference,0.7176278
490.9514,Nullreference,0.7078145
490.9622,Nullreference,0.6987279
490.9736,Nullreference,0.673449
490.9843,Nullreference,0.6522092
490.9955,Nullreference,0.6137823
491.0066,Nullreference,0.5678772
491.0178,Nullreference,0.515304
491.0292,Nullreference,0.476879
491.0398,Nullreference,0.4325754
491.0509,Nullreference,0.399211
491.062,Nullreference,0.3836482
491.0735,Nullreference,0.3671729
491.0844,Nullreference,0.3563911
491.0954,Nullreference,0.3551376
491.1067,Nullreference,0.3492623
491.1177,Nullreference,0.3462506
491.1288,Nullreference,0.3413128
491.1398,Nullreference,0.3376593
491.151,Nullreference,0.32681
491.162,Nullreference,0.3166608
491.1732,Nullreference,0.3093314
491.1844,Nullreference,0.3016311
491.1954,Nullreference,0.2972692
491.2065,Nullreference,0.2874692
491.2178,Nullreference,0.2840922
491.2288,Nullreference,0.281138
491.2393,Nullreference,0.2847645
491.2503,Nullreference,0.2937823
491.2619,Nullreference,0.3065873
491.2724,Nullreference,0.324106
491.2837,Nullreference,0.3381348
491.2947,Nullreference,0.3482292
491.3061,Nullreference,0.3494362
491.3169,Nullreference,0.3567011
491.3282,Nullreference,0.3594949
491.3392,Nullreference,0.3529951
491.3502,Nullreference,0.3512392
491.3614,Nullreference,0.3462215
491.3725,Nullreference,0.3406619
491.3835,Nullreference,0.3447374
491.3946,Nullreference,0.3450336
491.4058,Nullreference,0.3426999
491.417,Nullreference,0.3469281
491.428,Nullreference,0.3466303
491.4392,Nullreference,0.3560415
491.45,Nullreference,0.3686708
491.4611,Nullreference,0.3902657
491.4723,Nullreference,0.4243319
491.4836,Nullreference,0.4496489
491.4947,Nullreference,0.4980478
491.5059,Nullreference,0.5362652
491.517,PROPS_WhiteFreightliner_V2:ctrl_tanker_truck,0.5705817
491.5279,PROPS_WhiteFreightliner_V2:ctrl_tanker_truck,0.5915308
491.5393,PROPS_WhiteFreightliner_V2:ctrl_tanker_truck,0.60872
491.55,PROPS_WhiteFreightliner_V2:ctrl_tanker_truck,0.6148812
491.5612,PROPS_WhiteFreightliner_V2:ctrl_tanker_truck,0.6094148
491.5722,PROPS_WhiteFreightliner_V2:ctrl_tanker_truck,0.6044786
491.5835,PROPS_WhiteFreightliner_V2:ctrl_tanker_truck,0.5996386
491.5945,PROPS_WhiteFreightliner_V2:ctrl_tanker_truck,0.6080844
491.6057,PROPS_WhiteFreightliner_V2:ctrl_tanker_truck,0.6105077
491.6167,PROPS_WhiteFreightliner_V2:ctrl_tanker_truck,0.5900744
491.6279,PROPS_WhiteFreightliner_V2:ctrl_tanker_truck,0.5495785
491.6391,PROPS_WhiteFreightliner_V2:ctrl_tanker_truck,0.5186551
491.6499,PROPS_WhiteFreightliner_V2:ctrl_tanker_truck,0.4876519
491.661,PROPS_WhiteFreightliner_V2:ctrl_tanker_truck,0.4717378
491.6721,PROPS_WhiteFreightliner_V2:ctrl_tanker_truck,0.463875
491.6834,PROPS_WhiteFreightliner_V2:ctrl_tanker_truck,0.4495674
491.6945,PROPS_WhiteFreightliner_V2:ctrl_tanker_truck,0.4447702
491.7054,PROPS_WhiteFreightliner_V2:ctrl_tanker_truck,0.4357427
491.7165,PROPS_WhiteFreightliner_V2:ctrl_tanker_truck,0.4195249
491.7277,PROPS_WhiteFreightliner_V2:ctrl_tanker_truck,0.3977678
491.7389,PROPS_WhiteFreightliner_V2:ctrl_tanker_truck,0.3500742
491.7499,PROPS_WhiteFreightliner_V2:ctrl_tanker_truck,0.2948361
491.761,PROPS_WhiteFreightliner_V2:ctrl_tanker_truck,0.2543916
491.7722,PROPS_WhiteFreightliner_V2:ctrl_tanker_truck,0.2201867
491.7832,PROPS_WhiteFreightliner_V2:ctrl_tanker_truck,0.2031088
491.7943,PROPS_WhiteFreightliner_V2:ctrl_tanker_truck,0.200284
491.8056,PROPS_WhiteFreightliner_V2:ctrl_tanker_truck,0.2057981
491.8166,PROPS_WhiteFreightliner_V2:ctrl_tanker_truck,0.2128571
491.8276,PROPS_WhiteFreightliner_V2:ctrl_tanker_truck,0.223181
491.8387,PROPS_WhiteFreightliner_V2:ctrl_tanker_truck,0.2302197
491.8499,PROPS_WhiteFreightliner_V2:ctrl_tanker_truck,0.2465469
491.8613,PROPS_WhiteFreightliner_V2:ctrl_tanker_truck,0.2522201
491.8722,PROPS_WhiteFreightliner_V2:ctrl_tanker_truck,0.2590188
491.8835,PROPS_WhiteFreightliner_V2:ctrl_tanker_truck,0.2573247
491.8943,PROPS_WhiteFreightliner_V2:ctrl_tanker_truck,0.249906
491.9055,PROPS_WhiteFreightliner_V2:ctrl_tanker_truck,0.219593
491.9164,PROPS_WhiteFreightliner_V2:ctrl_tanker_truck,0.1829367
491.9275,PROPS_WhiteFreightliner_V2:ctrl_tanker_truck,0.1483271
491.9389,PROPS_WhiteFreightliner_V2:ctrl_tanker_truck,0.1270371
491.9498,PROPS_WhiteFreightliner_V2:ctrl_tanker_truck,0.11731
491.9609,Collider_Roger_Body,0.1111787
491.9724,Collider_Roger_Body,0.1046942
491.9832,Collider_Roger_Body,0.09818716
491.9942,Collider_Roger_Body,0.08990461
492.0052,Collider_Roger_Body,0.08280546
492.0164,Collider_Roger_Body,0.08529207
492.0275,Collider_Roger_Body,0.08266921
492.0385,Collider_Roger_Body,0.08985697
492.0499,Collider_Roger_Body,0.09633238
492.0608,Collider_Roger_Body,0.1029315
492.072,Collider_Roger_Body,0.1056674
492.0836,Collider_Roger_Body,0.1150396
492.0942,Collider_Roger_Body,0.1196497
492.1054,Collider_Roger_Body,0.1267106
492.1164,Collider_Roger_Body,0.123406
492.1275,Collider_Roger_Body,0.1110914
492.1387,Collider_Roger_Body,0.1095482
492.1498,Collider_Roger_Body,0.117391
492.1612,Collider_Roger_Body,0.1254257
492.172,Collider_Roger_Body,0.12975
492.183,Collider_Roger_Body,0.140485
492.1942,Collider_Roger_Body,0.1498822
492.2052,Collider_Roger_Body,0.1608821
492.2164,Collider_Roger_Body,0.1601171
492.2274,Collider_Roger_Body,0.1672661
492.2386,Collider_Roger_Body,0.168368
492.2496,Collider_Roger_Body,0.1716803
492.2608,Collider_Roger_Body,0.1691367
492.2719,Collider_Roger_Body,0.164709
492.2836,Collider_Roger_Body,0.1631076
492.2942,Collider_Roger_Body,0.1680767
492.3054,Collider_Roger_Body,0.1780638
492.3163,Collider_Roger_Body,0.1844185
492.3278,Collider_Roger_Body,0.1929346
492.3384,Collider_Roger_Body,0.1942342
492.3498,Collider_Roger_Body,0.191977
492.3608,Collider_Roger_Body,0.1856025
492.372,Collider_Roger_Body,0.1736884
492.3836,Collider_Roger_Body,0.1672336
492.3941,Collider_Roger_Body,0.1684038
492.4053,Collider_Roger_Body,0.180277
492.4163,Collider_Roger_Body,0.1862084
492.4277,Collider_Roger_Body,0.183243
492.4386,Collider_Roger_Body,0.1677757
492.4497,Collider_Roger_Body,0.1521131
492.4611,Collider_Roger_Body,0.1411879
492.4719,Collider_Roger_Body,0.1267462
492.483,Collider_Roger_Body,0.143646
492.4942,Collider_Roger_Body,0.1641626
492.5053,Collider_Roger_Body,0.1897324
492.5165,Collider_Roger_Body,0.2090103
492.5276,Collider_Roger_Body,0.2254107
492.5385,Collider_Roger_Body,0.2352725
492.5498,Collider_Roger_Body,0.2425743
492.5608,Collider_Roger_Body,0.2471278
492.5719,Collider_Roger_Body,0.256445
492.583,Collider_Roger_Body,0.2607626
492.5941,Collider_Roger_Body,0.2586239
492.6052,Collider_Roger_Body,0.255381
492.6163,Collider_Roger_Body,0.2616338
492.6274,Collider_Roger_Body,0.2678659
492.6386,Collider_Roger_Body,0.2764375
492.6496,Collider_Roger_Body,0.2791292
492.6608,Collider_Roger_Body,0.2726805
492.6719,Nullreference,0.2525392
492.6829,Nullreference,0.2175064
492.6942,Nullreference,0.1649558
492.7052,Nullreference,0.1309342
492.7163,Nullreference,0.1129897
492.7274,Nullreference,0.1239738
492.7385,Nullreference,0.1446731
492.7496,Nullreference,0.1547268
492.7609,Nullreference,0.1538374
492.7719,Nullreference,0.1254098
492.783,Nullreference,0.1024872
492.794,Nullreference,0.1181984
492.8051,Nullreference,0.1611506
492.8163,Nullreference,0.2303092
492.8273,Nullreference,0.2865821
492.8383,Nullreference,0.3262616
492.8494,Nullreference,0.3374706
492.8606,Nullreference,0.3100871
492.8717,Nullreference,0.2790122
492.8827,Nullreference,0.2631294
492.894,Nullreference,0.2667457
492.9052,Nullreference,0.2809721
492.9161,Nullreference,0.2926737
492.9271,Nullreference,0.2855372
492.9383,Nullreference,0.2654399
492.9494,Nullreference,0.2403663
492.9605,Nullreference,0.2317014
492.9717,Nullreference,0.2459111
492.9833,Nullreference,0.2696703
492.9942,Nullreference,0.2794904
493.0049,Nullreference,0.2837135
493.016,Nullreference,0.2827936
493.0272,Nullreference,0.2814484
493.0382,Nullreference,0.2878374
493.0494,Nullreference,0.288769
493.0605,Nullreference,0.2917407
493.0714,Nullreference,0.2959952
493.0826,Nullreference,0.3061043
493.0941,Nullreference,0.3188736
493.1048,Nullreference,0.3293869
493.116,Nullreference,0.3395059
493.1271,Nullreference,0.3475361
493.1382,Nullreference,0.3504179
493.1494,Nullreference,0.3491991
493.1605,Nullreference,0.3483623
493.1715,Nullreference,0.3423787
493.1826,Nullreference,0.339738
493.1937,Nullreference,0.3324642
493.2049,Nullreference,0.3439618
493.2159,Nullreference,0.3574693
493.2271,Nullreference,0.3614457
493.2382,Nullreference,0.3635188
493.2492,Nullreference,0.3609359
493.2603,Nullreference,0.3550844
493.2715,Nullreference,0.3530428
493.2826,Nullreference,0.3442136
493.2938,Nullreference,0.3164215
493.3049,Nullreference,0.2756685
493.3159,Nullreference,0.2258243
493.327,Nullreference,0.1809591
493.3381,Nullreference,0.1554068
493.3495,Nullreference,0.1584217
493.3602,Nullreference,0.1957332
493.3714,Nullreference,0.2375841
493.3825,Nullreference,0.2753948
493.3936,Nullreference,0.296393
493.4047,Nullreference,0.2960616
493.4157,Nullreference,0.2788208
493.427,Nullreference,0.2630668
493.4382,Nullreference,0.2456779
493.4491,Nullreference,0.2300232
493.4602,Nullreference,0.2284815
493.4713,Nullreference,0.2319548
493.4824,Nullreference,0.240669
493.4935,Nullreference,0.2460487
493.5047,Nullreference,0.2553032
493.5156,Nullreference,0.2702734
493.5269,Nullreference,0.2948932
493.5381,Nullreference,0.3119684
493.5491,Nullreference,0.3072161
493.5602,Nullreference,0.3037952
493.5713,Nullreference,0.2950153
493.5823,Nullreference,0.2842679
493.5938,Nullreference,0.2844006
493.6046,Nullreference,0.2838781
493.6158,Nullreference,0.2677032
493.627,Nullreference,0.2540775
493.638,Nullreference,0.241906
493.6491,Nullreference,0.2338766
493.6602,Nullreference,0.2516099
493.6712,Nullreference,0.2787511
493.6824,Nullreference,0.3299527
493.6935,Nullreference,0.3737448
493.7045,Nullreference,0.4325901
493.7158,Nullreference,0.4851666
493.7269,Nullreference,0.5374561
493.7379,Nullreference,0.6091139
493.7493,Nullreference,0.6717182
493.7606,Nullreference,0.7583916
493.7712,Nullreference,0.8358682
493.7822,Nullreference,0.8955277
493.7935,Nullreference,0.9529318
493.8045,Nullreference,0.9954463
493.8156,Nullreference,1.054699
493.8268,Nullreference,1.109951
493.838,Nullreference,1.150884
493.849,Nullreference,1.183925
493.86,Nullreference,1.203063
493.8711,Nullreference,1.221214
493.8822,Nullreference,1.234139
493.8933,Nullreference,1.240528
493.9044,Nullreference,1.238152
493.9156,Nullreference,1.235717
493.9271,Nullreference,1.220392
493.9378,Nullreference,1.214924
493.9488,Nullreference,1.198571
493.96,Nullreference,1.184493
493.9711,Nullreference,1.170331
493.9821,Nullreference,1.157592
493.9937,Nullreference,1.136922
494.0045,Nullreference,1.109467
494.0156,Nullreference,1.084967
494.0265,Nullreference,1.053678
494.0377,Nullreference,1.025431
494.049,Nullreference,0.986565
494.0603,Nullreference,0.946922
494.071,Nullreference,0.9065737
494.0822,Nullreference,0.8628652
494.0933,Nullreference,0.8181568
494.1043,Nullreference,0.76734
494.1154,Nullreference,0.721096
494.1264,Nullreference,0.672307
494.1375,Nullreference,0.6127008
494.1487,Nullreference,0.5619097
494.1599,Nullreference,0.5028464
494.171,Nullreference,0.4559006
494.1822,Nullreference,0.3986827
494.1934,Nullreference,0.3429406
494.2043,Nullreference,0.2809705
494.2155,Nullreference,0.2271054
494.2266,Nullreference,0.1598848
494.2375,Nullreference,0.1115168
494.2486,Nullreference,0.08137275
494.2598,Nullreference,0.08442072
494.271,Nullreference,0.1155428
494.2826,Nullreference,0.1498057
494.2931,Nullreference,0.1790037
494.3044,Nullreference,0.2149299
494.3154,Nullreference,0.2539179
494.3264,Nullreference,0.2786794
494.3376,Nullreference,0.3193749
494.3487,Nullreference,0.355364
494.3599,Nullreference,0.4081884
494.3709,Nullreference,0.4537493
494.382,Nullreference,0.4973084
494.3932,Nullreference,0.5305053
494.4044,Nullreference,0.5691615
494.4153,Nullreference,0.607094
494.4267,Nullreference,0.638923
494.4377,Nullreference,0.6735078
494.4487,Nullreference,0.6992756
494.4601,Nullreference,0.7251084
494.4711,Nullreference,0.7473954
494.4821,Nullreference,0.7738631
494.4931,Nullreference,0.7893797
494.5059,Collider_Roger_Body,0.8149159
494.5169,Collider_Roger_Body,0.8403127
494.5283,Collider_Roger_Body,0.8611723
494.5397,Collider_Roger_Body,0.8791239
494.55,Collider_Roger_Body,0.8995094
494.5606,Collider_Roger_Body,0.9171954
494.5719,Nullreference,0.9307504
494.5831,Nullreference,0.943157
494.5944,Nullreference,0.951432
494.6052,Nullreference,0.952369
494.6163,Nullreference,0.963053
494.6283,Nullreference,0.9777776
494.6384,Nullreference,0.989912
494.6496,Nullreference,1.00791
494.6605,Nullreference,1.023967
494.6715,Nullreference,1.034199
494.6831,Nullreference,1.040331
494.6939,Nullreference,1.038615
494.705,Nullreference,1.029379
494.7161,Nullreference,1.022021
494.7271,Nullreference,1.008201
494.7383,Nullreference,0.9877082
494.7496,Nullreference,0.9660025
494.7606,Nullreference,0.9359645
494.7715,Nullreference,0.9077477
494.7826,Nullreference,0.871695
494.7939,Nullreference,0.8364246
494.8048,Nullreference,0.8009115
494.8159,Nullreference,0.7631993
494.8271,Nullreference,0.736397
494.8384,Nullreference,0.7031412
494.8494,Nullreference,0.6643533
494.8604,Nullreference,0.6338092
494.8714,Nullreference,0.6002943
494.8827,Nullreference,0.5597267
494.8939,Nullreference,0.5184194
494.9049,Nullreference,0.4656766
494.9159,Nullreference,0.4102141
494.9271,Nullreference,0.3561433
494.9384,Nullreference,0.2946292
494.9495,Nullreference,0.2307418
494.9603,Nullreference,0.168761
494.9714,Nullreference,0.1098437
494.9826,Nullreference,0.09079329
494.9942,Nullreference,0.1153512
495.0054,Nullreference,0.1664136
495.0161,Nullreference,0.2318452
495.0273,Nullreference,0.2922082
495.0385,Nullreference,0.3476848
495.0502,Collider_Roger_Body,0.403325
495.0612,Collider_Roger_Body,0.4674906
495.0717,Collider_Roger_Body,0.5256829
495.0829,Collider_Roger_Body,0.5694292
495.0941,Collider_Roger_Body,0.6240071
495.1052,Collider_Roger_Body,0.6643101
495.1164,Collider_Roger_Body,0.7055256
495.1274,Collider_Roger_Body,0.7399629
495.1385,Collider_Roger_Body,0.7742189
495.1496,Collider_Roger_Body,0.7977545
495.1607,Collider_Roger_Body,0.8153328
495.1718,Collider_Roger_Body,0.8314593
495.183,Collider_Roger_Body,0.8388483
495.1939,Collider_Roger_Body,0.840949
495.205,Collider_Roger_Body,0.8356216
495.2171,Collider_Roger_Body,0.8319879
495.2274,Collider_Roger_Body,0.8182716
495.2382,Collider_Roger_Body,0.8083389
495.2494,Collider_Roger_Body,0.7926879
495.2604,Collider_Roger_Body,0.7807684
495.2718,Collider_Roger_Body,0.7669718
495.2827,Collider_Roger_Body,0.7563516
495.294,Collider_Roger_Body,0.7429141
495.3049,Collider_Roger_Body,0.7336566
495.3162,Collider_Roger_Body,0.7250201
495.3277,Collider_Roger_Body,0.7167178
495.3384,Collider_Roger_Body,0.7071751
495.3494,Collider_Roger_Body,0.6965371
495.3605,Collider_Roger_Body,0.676492
495.3716,Collider_Roger_Body,0.661204
495.3827,Collider_Roger_Body,0.6418368
495.3937,Collider_Roger_Body,0.6270243
495.4049,Collider_Roger_Body,0.6150126
495.4161,Collider_Roger_Body,0.6000278
495.4271,Collider_Roger_Body,0.587814
495.4383,Collider_Roger_Body,0.5648555
495.4496,Collider_Roger_Body,0.5441437
495.4606,Collider_Roger_Body,0.5352784
495.4716,Collider_Roger_Body,0.5172691
495.4828,Collider_Roger_Body,0.50762
495.4939,Collider_Roger_Body,0.4974807
495.5049,Collider_Roger_Body,0.4937745
495.5161,Collider_Roger_Body,0.4872292
495.5275,Collider_Roger_Body,0.4832584
495.5382,Collider_Roger_Body,0.4764514
495.5494,Collider_Roger_Body,0.4797863
495.5604,Collider_Roger_Body,0.4827672
495.572,Collider_Roger_Body,0.4842114
495.5829,Collider_Roger_Body,0.4854528
495.594,Collider_Roger_Body,0.4819938
495.6053,Collider_Roger_Body,0.4763495
495.6161,Collider_Roger_Body,0.467979
495.6279,Collider_Roger_Body,0.4509338
495.6387,Collider_Roger_Body,0.4391615
495.6494,Collider_Roger_Body,0.4278189
495.6608,Collider_Roger_Body,0.4120138
495.6719,Collider_Roger_Body,0.3913342
495.6828,Collider_Roger_Body,0.3681385
495.6943,Collider_Roger_Body,0.3477472
495.7048,Collider_Roger_Body,0.3220572
495.716,Collider_Roger_Body,0.2995074
495.7271,Collider_Roger_Body,0.2739824
495.7382,Collider_Roger_Body,0.252004
495.7494,Collider_Roger_Body,0.2305527
495.7607,Collider_Roger_Body,0.2062804
495.7716,Collider_Roger_Body,0.1865974
495.7828,Collider_Roger_Body,0.1658796
495.7942,Collider_Roger_Body,0.1434198
495.805,Collider_Roger_Body,0.125316
495.8162,Collider_Roger_Body,0.1166969
495.8272,Collider_Roger_Body,0.09563305
495.8386,Collider_Roger_Body,0.08192106
495.8491,Collider_Roger_Body,0.07089776
495.8605,Collider_Roger_Body,0.06717557
495.8717,Collider_Roger_Body,0.06786694
495.8827,Collider_Roger_Body,0.06869254
495.8939,Collider_Roger_Body,0.07367963
495.9051,Collider_Roger_Body,0.0870914
495.9161,Collider_Roger_Body,0.1008536
495.9272,Collider_Roger_Body,0.1271035
495.9382,Collider_Roger_Body,0.1541496
495.9492,Collider_Roger_Body,0.2061837
495.9605,Collider_Roger_Body,0.2678354
495.9715,Collider_Roger_Body,0.3367696
495.9826,Collider_Roger_Body,0.4006904
495.9938,Collider_Roger_Body,0.4560421
496.0053,Nullreference,0.5268533
496.0159,Nullreference,0.5822007
496.027,Nullreference,0.6230826
496.0382,Nullreference,0.6776234
496.0498,Nullreference,0.7217329
496.0605,Nullreference,0.7668072
496.0717,Nullreference,0.8107689
496.0827,Nullreference,0.8410376
496.0938,Nullreference,0.8764265
496.1049,Nullreference,0.9003009
496.1161,Nullreference,0.9334013
496.1271,Nullreference,0.9538421
496.1382,Nullreference,0.9715498
496.1491,Nullreference,0.9979457
496.1606,Nullreference,1.023003
496.173,Nullreference,1.049056
496.1824,Nullreference,1.065121
496.1928,Nullreference,1.085645
496.2035,Nullreference,1.09934
496.2147,Nullreference,1.114105
496.2257,Nullreference,1.113971
496.2371,Nullreference,1.11498
496.248,Nullreference,1.108319
496.2583,Nullreference,1.107537
496.2693,Nullreference,1.098956
496.2803,Nullreference,1.096879
496.2915,Nullreference,1.084665
496.3026,Nullreference,1.08666
496.3137,Nullreference,1.081013
496.3247,Nullreference,1.080864
496.3358,Nullreference,1.074543
496.347,Nullreference,1.070148
496.3581,Nullreference,1.06649
496.3691,Nullreference,1.066888
496.3804,Nullreference,1.062925
496.3914,Nullreference,1.068806
496.4025,Nullreference,1.069085
496.4135,Nullreference,1.077598
496.4246,Nullreference,1.087301
496.4356,Nullreference,1.091257
496.4468,Nullreference,1.098555
496.4581,Nullreference,1.110905
496.469,Nullreference,1.12091
496.4803,Nullreference,1.134264
496.4912,Nullreference,1.140225
496.5024,Nullreference,1.148587
496.5135,Nullreference,1.138856
496.5246,Nullreference,1.124105
496.5358,Nullreference,1.093064
496.5471,Nullreference,1.055233
496.5583,Nullreference,0.9951651
496.5695,Nullreference,0.9216772
496.5807,PROPS_WhiteFreightliner_V2:ctrl_tanker_truck,0.812997
496.592,PROPS_WhiteFreightliner_V2:ctrl_tanker_truck,0.7120443
496.6032,PROPS_WhiteFreightliner_V2:ctrl_tanker_truck,0.6261398
496.6143,PROPS_WhiteFreightliner_V2:ctrl_tanker_truck,0.5271894
496.6255,PROPS_WhiteFreightliner_V2:ctrl_tanker_truck,0.4350911
496.6367,PROPS_WhiteFreightliner_V2:ctrl_tanker_truck,0.356783
496.6479,PROPS_WhiteFreightliner_V2:ctrl_tanker_truck,0.2711784
496.6595,PROPS_WhiteFreightliner_V2:ctrl_tanker_truck,0.1984289
496.6703,PROPS_WhiteFreightliner_V2:ctrl_tanker_truck,0.1128905
496.6812,PROPS_WhiteFreightliner_V2:ctrl_tanker_truck,0.05954006
496.6925,PROPS_WhiteFreightliner_V2:ctrl_tanker_truck,0.09830607
496.7035,PROPS_WhiteFreightliner_V2:ctrl_tanker_truck,0.1774332
496.7147,PROPS_WhiteFreightliner_V2:ctrl_tanker_truck,0.2359629
496.7257,PROPS_WhiteFreightliner_V2:ctrl_tanker_truck,0.295499
496.7367,PROPS_WhiteFreightliner_V2:ctrl_tanker_truck,0.3426605
496.7479,PROPS_WhiteFreightliner_V2:ctrl_tanker_truck,0.3702057
496.7589,PROPS_WhiteFreightliner_V2:ctrl_tanker_truck,0.3924446
496.7701,PROPS_WhiteFreightliner_V2:ctrl_tanker_truck,0.4130462
496.7813,PROPS_WhiteFreightliner_V2:ctrl_tanker_truck,0.4249714
496.7924,PROPS_WhiteFreightliner_V2:ctrl_tanker_truck,0.4297581
496.8033,PROPS_WhiteFreightliner_V2:ctrl_tanker_truck,0.4370119
496.8145,PROPS_WhiteFreightliner_V2:ctrl_tanker_truck,0.442945
496.8256,PROPS_WhiteFreightliner_V2:ctrl_tanker_truck,0.4468386
496.8366,PROPS_WhiteFreightliner_V2:ctrl_tanker_truck,0.4484057
496.8479,PROPS_WhiteFreightliner_V2:ctrl_tanker_truck,0.4421071
496.8591,PROPS_WhiteFreightliner_V2:ctrl_tanker_truck,0.4371909
496.87,PROPS_WhiteFreightliner_V2:ctrl_tanker_truck,0.4269514
496.8811,PROPS_WhiteFreightliner_V2:ctrl_tanker_truck,0.4236204
496.8923,PROPS_WhiteFreightliner_V2:ctrl_tanker_truck,0.4067447
496.9033,PROPS_WhiteFreightliner_V2:ctrl_tanker_truck,0.3918116
496.9146,PROPS_WhiteFreightliner_V2:ctrl_tanker_truck,0.3833327
496.9256,PROPS_WhiteFreightliner_V2:ctrl_tanker_truck,0.368808
496.9366,PROPS_WhiteFreightliner_V2:ctrl_tanker_truck,0.3573129
496.9478,PROPS_WhiteFreightliner_V2:ctrl_tanker_truck,0.3544948
496.9589,PROPS_WhiteFreightliner_V2:ctrl_tanker_truck,0.3363927
496.9699,PROPS_WhiteFreightliner_V2:ctrl_tanker_truck,0.3313245
496.981,PROPS_WhiteFreightliner_V2:ctrl_tanker_truck,0.3239779
496.9923,PROPS_WhiteFreightliner_V2:ctrl_tanker_truck,0.3215206
497.0036,PROPS_WhiteFreightliner_V2:ctrl_tanker_truck,0.3139725
497.0143,PROPS_WhiteFreightliner_V2:ctrl_tanker_truck,0.3077534
497.0254,PROPS_WhiteFreightliner_V2:ctrl_tanker_truck,0.3037514
497.0366,PROPS_WhiteFreightliner_V2:ctrl_tanker_truck,0.2976258
497.0476,PROPS_WhiteFreightliner_V2:ctrl_tanker_truck,0.2971139
497.0588,PROPS_WhiteFreightliner_V2:ctrl_tanker_truck,0.3052095
497.07,PROPS_WhiteFreightliner_V2:ctrl_tanker_truck,0.3088188
497.081,PROPS_WhiteFreightliner_V2:ctrl_tanker_truck,0.3243929
497.0921,PROPS_WhiteFreightliner_V2:ctrl_tanker_truck,0.3440532
497.1033,PROPS_WhiteFreightliner_V2:ctrl_tanker_truck,0.356595
497.1143,PROPS_WhiteFreightliner_V2:ctrl_tanker_truck,0.3862989
497.1259,PROPS_WhiteFreightliner_V2:ctrl_tanker_truck,0.4028612
497.1365,PROPS_WhiteFreightliner_V2:ctrl_tanker_truck,0.435153
497.1476,PROPS_WhiteFreightliner_V2:ctrl_tanker_truck,0.4492755
497.1588,PROPS_WhiteFreightliner_V2:ctrl_tanker_truck,0.4730887
497.1699,PROPS_WhiteFreightliner_V2:ctrl_tanker_truck,0.4972562
497.1813,PROPS_WhiteFreightliner_V2:ctrl_tanker_truck,0.5171281
497.1921,PROPS_WhiteFreightliner_V2:ctrl_tanker_truck,0.5417048
497.2032,PROPS_WhiteFreightliner_V2:ctrl_tanker_truck,0.5646265
497.2144,PROPS_WhiteFreightliner_V2:ctrl_tanker_truck,0.5957218
497.2255,PROPS_WhiteFreightliner_V2:ctrl_tanker_truck,0.6175955
497.2365,PROPS_WhiteFreightliner_V2:ctrl_tanker_truck,0.6393277
497.2475,PROPS_WhiteFreightliner_V2:ctrl_tanker_truck,0.6568427
497.2588,PROPS_WhiteFreightliner_V2:ctrl_tanker_truck,0.6768057
497.2699,PROPS_WhiteFreightliner_V2:ctrl_tanker_truck,0.6883203
497.2808,PROPS_WhiteFreightliner_V2:ctrl_tanker_truck,0.7029943
497.2922,PROPS_WhiteFreightliner_V2:ctrl_tanker_truck,0.7110533
497.3031,PROPS_WhiteFreightliner_V2:ctrl_tanker_truck,0.7235649
497.3143,PROPS_WhiteFreightliner_V2:ctrl_tanker_truck,0.7377584
497.3254,PROPS_WhiteFreightliner_V2:ctrl_tanker_truck,0.7524973
497.3364,PROPS_WhiteFreightliner_V2:ctrl_tanker_truck,0.7664813
497.3477,PROPS_WhiteFreightliner_V2:ctrl_tanker_truck,0.7891478
497.3587,PROPS_WhiteFreightliner_V2:ctrl_tanker_truck,0.8126996
497.3701,PROPS_WhiteFreightliner_V2:ctrl_tanker_truck,0.843496
497.3808,PROPS_WhiteFreightliner_V2:ctrl_tanker_truck,0.8790443
497.3924,PROPS_WhiteFreightliner_V2:ctrl_tanker_truck,0.9209116
497.4031,PROPS_WhiteFreightliner_V2:ctrl_tanker_truck,0.9680562
497.4141,PROPS_WhiteFreightliner_V2:ctrl_tanker_truck,1.009867
497.4254,PROPS_WhiteFreightliner_V2:ctrl_tanker_truck,1.054895
497.4363,PROPS_WhiteFreightliner_V2:ctrl_tanker_truck,1.095404
497.4474,PROPS_WhiteFreightliner_V2:ctrl_tanker_truck,1.132008
497.4587,PROPS_WhiteFreightliner_V2:ctrl_tanker_truck,1.163731
497.4701,PROPS_WhiteFreightliner_V2:ctrl_tanker_truck,1.186149
497.4812,PROPS_WhiteFreightliner_V2:ctrl_tanker_truck,1.205488
497.492,PROPS_WhiteFreightliner_V2:ctrl_tanker_truck,1.224685
497.5033,PROPS_WhiteFreightliner_V2:ctrl_tanker_truck,1.244639
497.5141,PROPS_WhiteFreightliner_V2:ctrl_tanker_truck,1.273128
497.5254,PROPS_WhiteFreightliner_V2:ctrl_tanker_truck,1.311652
497.5365,PROPS_WhiteFreightliner_V2:ctrl_tanker_truck,1.362062
497.5474,PROPS_WhiteFreightliner_V2:ctrl_tanker_truck,1.428913
497.5587,Nullreference,1.495685
497.5696,Nullreference,1.585769
497.5807,Nullreference,1.665746
497.592,Nullreference,1.762353
497.6031,Nullreference,1.832151
497.6141,Nullreference,1.906151
497.6252,Nullreference,1.952413
497.6364,Nullreference,1.986583
497.6475,Nullreference,2.005812
497.6586,Nullreference,2.015848
497.67,Nullreference,2.02875
497.6807,Nullreference,2.036851
497.6918,Nullreference,2.035612
497.7029,Nullreference,2.027706
497.7141,Nullreference,2.016325
497.7252,Nullreference,1.995003
497.7364,Nullreference,1.983839
497.7475,Nullreference,1.972647
497.7585,Nullreference,1.968918
497.7697,Nullreference,1.974716
497.7808,Nullreference,1.987503
497.792,Nullreference,2.00011
497.8031,Nullreference,2.025952
497.8141,Nullreference,2.070812
497.8253,Nullreference,2.108604
497.8362,Nullreference,2.161481
497.8473,Nullreference,2.200323
497.8586,Nullreference,2.243895
497.8696,Nullreference,2.260475
497.8806,Nullreference,2.245103
497.8918,Nullreference,2.196231
497.9029,Nullreference,2.127095
497.9138,Nullreference,2.02364
497.925,Nullreference,1.909709
497.936,Nullreference,1.825696
497.9472,Nullreference,1.729045
497.9582,Nullreference,1.665033
497.9693,Nullreference,1.594134
497.9802,Nullreference,1.533614
497.9915,Nullreference,1.480907
498.0024,Nullreference,1.415379
498.0135,Nullreference,1.354124
498.0246,Nullreference,1.283201
498.0357,Nullreference,1.219438
498.047,Nullreference,1.152659
498.0579,Cube (3),1.08313
498.0689,Cube (3),1.034822
498.08,Cube (3),0.974216
498.0911,Cube (3),0.9219758
498.1023,Cube (3),0.8534732
498.1134,Cube (3),0.7910025
498.1245,Cube (3),0.7434974
498.1375,Cube (3),0.6777495
498.1484,Cube (3),0.6277691
498.1595,Cube (3),0.5627102
498.1707,Cube (3),0.5034941
498.1815,Nullreference,0.4412427
498.1929,Nullreference,0.385801
498.2039,Nullreference,0.3466985
498.2149,Nullreference,0.3141436
498.226,Nullreference,0.2896572
498.238,Nullreference,0.2701008
498.2485,Nullreference,0.2603433
498.2595,Nullreference,0.2527387
498.2703,Nullreference,0.2562362
498.2814,Nullreference,0.2649693
498.2926,Nullreference,0.27533
498.3036,Nullreference,0.2798804
498.3146,Nullreference,0.29562
498.3258,Nullreference,0.3076611
498.3369,Nullreference,0.3015217
498.3482,Nullreference,0.2792579
498.3593,Nullreference,0.2494408
498.3703,Nullreference,0.216056
498.3813,Nullreference,0.1928732
498.3921,Nullreference,0.1913372
498.4034,Nullreference,0.2022002
498.4142,Nullreference,0.1955947
498.4255,Nullreference,0.1748999
498.4367,Nullreference,0.1651625
498.4482,Nullreference,0.1794564
498.4591,Nullreference,0.2162538
498.4699,Nullreference,0.2668948
498.481,Nullreference,0.3162437
498.4922,Nullreference,0.3538062
498.5034,Nullreference,0.385471
498.5145,Nullreference,0.4058196
498.5256,Nullreference,0.4335353
498.5367,Nullreference,0.4528756
498.5476,Nullreference,0.4860538
498.5591,Nullreference,0.5353675
498.57,Nullreference,0.5875332
498.581,Nullreference,0.6364016
498.5922,Nullreference,0.6638292
498.6034,Nullreference,0.6798202
498.6143,Nullreference,0.6780743
498.6254,Nullreference,0.6784432
498.6366,Nullreference,0.6791164
498.6477,Nullreference,0.6952628
498.6589,Collider_Roger_Body,0.7357935
498.67,Collider_Roger_Body,0.7740433
498.6813,Collider_Roger_Body,0.828025
498.6921,Collider_Roger_Body,0.8828869
498.7033,Collider_Roger_Body,0.9511818
498.7144,Collider_Roger_Body,1.025088
498.7254,Collider_Roger_Body,1.099379
498.7365,Collider_Roger_Body,1.179277
498.7478,Nullreference,1.244951
498.7591,Nullreference,1.330063
498.7708,Nullreference,1.406516
498.7813,Nullreference,1.462085
498.7924,Nullreference,1.518908
498.8034,Nullreference,1.569113
498.8144,Nullreference,1.603998
498.8257,Nullreference,1.62406
498.8371,Nullreference,1.637931
498.8478,Nullreference,1.644551
498.859,Nullreference,1.648909
498.87,Nullreference,1.651786
498.8811,Nullreference,1.650973
498.8924,Nullreference,1.656847
498.9033,Nullreference,1.659001
498.9147,Nullreference,1.665934
498.9255,Nullreference,1.68061
498.9368,Nullreference,1.712119
498.948,Nullreference,1.756232
498.959,Nullreference,1.828269
498.9704,Nullreference,1.885123
498.9811,Nullreference,1.956377
498.9923,Nullreference,2.022459
499.0034,Nullreference,2.070686
499.0144,Nullreference,2.116268
499.0258,Nullreference,2.160088
499.0367,Nullreference,2.190282
499.0477,Nullreference,2.219796
499.059,Nullreference,2.241194
499.0701,Nullreference,2.250211
499.0809,Nullreference,2.252953
499.092,Nullreference,2.261438
499.1033,Nullreference,2.271451
499.1142,Nullreference,2.296589
499.1254,Nullreference,2.330575
499.1363,Nullreference,2.380983
499.1473,Nullreference,2.427636
499.1584,Nullreference,2.469069
499.1696,Nullreference,2.515499
499.1804,Nullreference,2.559515
499.1917,Nullreference,2.596843
499.2031,Nullreference,2.627212
499.2139,Nullreference,2.633827
499.2249,Nullreference,2.627806
499.2359,Nullreference,2.603837
499.2472,Nullreference,2.573041
499.2583,Nullreference,2.521219
499.2689,Nullreference,2.453457
499.2801,Nullreference,2.387782
499.2911,Nullreference,2.311474
499.3022,Nullreference,2.224724
499.3134,Nullreference,2.148515
499.3245,Nullreference,2.04996
499.3355,Nullreference,1.952085
499.3466,Nullreference,1.822498
499.3576,Nullreference,1.703114
499.3687,Nullreference,1.554877
499.3798,Nullreference,1.39136
499.3909,Nullreference,1.261767
499.4019,Nullreference,1.115121
499.413,Nullreference,1.004347
499.4242,Nullreference,0.8897035
499.4352,Nullreference,0.7994866
499.4464,Nullreference,0.6912236
499.4575,Nullreference,0.5949399
499.4685,Nullreference,0.5050076
499.4796,Nullreference,0.4311887
499.491,Nullreference,0.3660253
499.502,Nullreference,0.272527
499.5129,Nullreference,0.1595449
499.524,Nullreference,0.08656956
499.5353,Nullreference,0.09094249
499.5464,Nullreference,0.2025803
499.5573,Nullreference,0.3275367
499.5685,Nullreference,0.4577014
499.5796,Nullreference,0.5937516
499.5909,Nullreference,0.7089943
499.6018,Nullreference,0.8313754
499.6131,Nullreference,0.9429123
499.6241,Nullreference,1.047192
499.6354,Nullreference,1.116
499.6465,Nullreference,1.174406
499.6578,Nullreference,1.207221
499.6687,Nullreference,1.231781
499.6798,Nullreference,1.246884
499.691,Nullreference,1.252911
499.7021,Nullreference,1.249644
499.7133,Nullreference,1.235358
499.7243,Nullreference,1.199753
499.7354,Nullreference,1.142785
499.7464,Nullreference,1.080554
499.7575,Nullreference,0.9947621
499.7687,Nullreference,0.9055762
499.7799,Nullreference,0.8093657
499.791,Nullreference,0.7357533
499.802,Nullreference,0.647779
499.8136,Nullreference,0.5852932
499.8244,Nullreference,0.5037355
499.8356,Nullreference,0.428405
499.8466,Nullreference,0.3516875
499.8581,Nullreference,0.2610741
499.869,Nullreference,0.1873001
499.88,Nullreference,0.153918
499.8912,Nullreference,0.1716104
499.9024,Nullreference,0.2144361
499.9131,Nullreference,0.2803392
499.9242,Nullreference,0.3408633
499.9353,Nullreference,0.4079849
499.9464,Nullreference,0.4748535
499.9575,Nullreference,0.5323007
499.9685,Nullreference,0.5984195
499.9798,Nullreference,0.650858
499.9909,Nullreference,0.698046
500.0019,Nullreference,0.7445965
500.013,Nullreference,0.7711009
500.0242,Nullreference,0.8061671
500.0355,PROPS_WhiteFreightliner_V2:ctrl_tanker_truck,0.834159
500.0467,PROPS_WhiteFreightliner_V2:ctrl_tanker_truck,0.8712565
500.0575,PROPS_WhiteFreightliner_V2:ctrl_tanker_truck,0.9066313
500.0688,PROPS_WhiteFreightliner_V2:ctrl_tanker_truck,0.9691209
500.0798,PROPS_WhiteFreightliner_V2:ctrl_tanker_truck,1.050793
500.0909,PROPS_WhiteFreightliner_V2:ctrl_tanker_truck,1.130535
500.1023,PROPS_WhiteFreightliner_V2:ctrl_tanker_truck,1.225699
500.1129,PROPS_WhiteFreightliner_V2:ctrl_tanker_truck,1.30937
500.1243,PROPS_WhiteFreightliner_V2:ctrl_tanker_truck,1.404483
500.135,PROPS_WhiteFreightliner_V2:ctrl_tanker_truck,1.483493
500.1462,PROPS_WhiteFreightliner_V2:ctrl_tanker_truck,1.579905
500.1573,PROPS_WhiteFreightliner_V2:ctrl_tanker_truck,1.683025
500.1684,PROPS_WhiteFreightliner_V2:ctrl_tanker_truck,1.772871
500.1795,PROPS_WhiteFreightliner_V2:ctrl_tanker_truck,1.857549
500.1906,PROPS_WhiteFreightliner_V2:ctrl_tanker_truck,1.967304
500.2018,PROPS_WhiteFreightliner_V2:ctrl_tanker_truck,2.082061
500.213,PROPS_WhiteFreightliner_V2:ctrl_tanker_truck,2.212072
500.2241,PROPS_WhiteFreightliner_V2:ctrl_tanker_truck,2.339847
500.2352,PROPS_WhiteFreightliner_V2:ctrl_tanker_truck,2.496557
500.2462,Nullreference,2.619075
500.2574,PROPS_WhiteFreightliner_V2:ctrl_tanker_truck,2.755176
500.2685,Nullreference,2.866784
500.2797,Nullreference,2.960919
500.2905,Nullreference,3.043301
500.3017,Nullreference,3.083654
500.3127,Nullreference,3.111859
500.324,Nullreference,3.113231
500.335,Nullreference,3.099946
500.3461,Nullreference,3.060755
500.3572,Nullreference,2.992214
500.3682,Nullreference,2.913145
500.3795,Nullreference,2.791545
500.3907,Nullreference,2.667881
500.4016,Nullreference,2.491685
500.4127,Nullreference,2.329821
500.4239,Nullreference,2.126095
500.4349,Nullreference,1.914312
500.4459,Nullreference,1.707999
500.457,Nullreference,1.503298
500.468,Nullreference,1.229629
500.4791,Nullreference,0.9900056
500.4903,Nullreference,0.6963601
500.5014,Nullreference,0.4517067
500.5127,Nullreference,0.2792242
500.5236,Nullreference,0.3746373
500.5349,Nullreference,0.6235142
500.5459,Nullreference,0.8390615
500.557,Nullreference,1.073519
500.5681,Nullreference,1.281265
500.5793,Nullreference,1.435233
500.5905,Nullreference,1.613609
500.6016,Nullreference,1.769073
500.6125,Nullreference,1.925227
500.6237,Nullreference,2.051165
500.6348,PROPS_WhiteFreightliner_V2:ctrl_tanker_truck,2.161089
500.646,PROPS_WhiteFreightliner_V2:ctrl_tanker_truck,2.290151
500.6572,PROPS_WhiteFreightliner_V2:ctrl_tanker_truck,2.374177
500.6683,PROPS_WhiteFreightliner_V2:ctrl_tanker_truck,2.431926
500.6792,PROPS_WhiteFreightliner_V2:ctrl_tanker_truck,2.439586
500.6904,PROPS_WhiteFreightliner_V2:ctrl_tanker_truck,2.402865
500.7016,PROPS_WhiteFreightliner_V2:ctrl_tanker_truck,2.358174
500.7126,PROPS_WhiteFreightliner_V2:ctrl_tanker_truck,2.320928
500.724,PROPS_WhiteFreightliner_V2:ctrl_tanker_truck,2.287133
500.7349,PROPS_WhiteFreightliner_V2:ctrl_tanker_truck,2.273516
500.7466,PROPS_WhiteFreightliner_V2:ctrl_tanker_truck,2.247636
500.7572,PROPS_WhiteFreightliner_V2:ctrl_tanker_truck,2.214815
500.7682,PROPS_WhiteFreightliner_V2:ctrl_tanker_truck,2.174571
500.7794,PROPS_WhiteFreightliner_V2:ctrl_tanker_truck,2.129948
500.7904,PROPS_WhiteFreightliner_V2:ctrl_tanker_truck,2.064677
500.8017,PROPS_WhiteFreightliner_V2:ctrl_tanker_truck,1.988821
500.8128,PROPS_WhiteFreightliner_V2:ctrl_tanker_truck,1.936783
500.8238,PROPS_WhiteFreightliner_V2:ctrl_tanker_truck,1.874316
500.835,PROPS_WhiteFreightliner_V2:ctrl_tanker_truck,1.81281
500.8461,PROPS_WhiteFreightliner_V2:ctrl_tanker_truck,1.736428
500.8571,PROPS_WhiteFreightliner_V2:ctrl_tanker_truck,1.662184
500.8682,PROPS_WhiteFreightliner_V2:ctrl_tanker_truck,1.575591
500.8795,PROPS_WhiteFreightliner_V2:ctrl_tanker_truck,1.507483
500.8905,PROPS_WhiteFreightliner_V2:ctrl_tanker_truck,1.424041
500.9016,PROPS_WhiteFreightliner_V2:ctrl_tanker_truck,1.350887
500.9127,PROPS_WhiteFreightliner_V2:ctrl_tanker_truck,1.26184
500.9236,PROPS_WhiteFreightliner_V2:ctrl_tanker_truck,1.194002
500.9348,PROPS_WhiteFreightliner_V2:ctrl_tanker_truck,1.111874
500.946,PROPS_WhiteFreightliner_V2:ctrl_tanker_truck,1.047751
500.9571,PROPS_WhiteFreightliner_V2:ctrl_tanker_truck,0.9872186
500.9681,PROPS_WhiteFreightliner_V2:ctrl_tanker_truck,0.9305537
500.9794,PROPS_WhiteFreightliner_V2:ctrl_tanker_truck,0.887888
500.9904,PROPS_WhiteFreightliner_V2:ctrl_tanker_truck,0.8437788
501.0016,PROPS_WhiteFreightliner_V2:ctrl_tanker_truck,0.7972136
501.0126,PROPS_WhiteFreightliner_V2:ctrl_tanker_truck,0.7549134
501.0238,PROPS_WhiteFreightliner_V2:ctrl_tanker_truck,0.6963834
501.0348,PROPS_WhiteFreightliner_V2:ctrl_tanker_truck,0.640149
501.0459,PROPS_WhiteFreightliner_V2:ctrl_tanker_truck,0.6116083
501.0572,PROPS_WhiteFreightliner_V2:ctrl_tanker_truck,0.6016352
501.0682,PROPS_WhiteFreightliner_V2:ctrl_tanker_truck,0.6074308
501.0793,PROPS_WhiteFreightliner_V2:ctrl_tanker_truck,0.6184195
501.0904,PROPS_WhiteFreightliner_V2:ctrl_tanker_truck,0.6267013
501.1017,PROPS_WhiteFreightliner_V2:ctrl_tanker_truck,0.6308055
501.1126,PROPS_WhiteFreightliner_V2:ctrl_tanker_truck,0.6334822
501.1237,PROPS_WhiteFreightliner_V2:ctrl_tanker_truck,0.6274087
501.1348,PROPS_WhiteFreightliner_V2:ctrl_tanker_truck,0.6241253
501.1458,PROPS_WhiteFreightliner_V2:ctrl_tanker_truck,0.6259813
501.1569,PROPS_WhiteFreightliner_V2:ctrl_tanker_truck,0.6244985
501.1684,PROPS_WhiteFreightliner_V2:ctrl_tanker_truck,0.6415982
501.1792,PROPS_WhiteFreightliner_V2:ctrl_tanker_truck,0.6574247
501.1906,PROPS_WhiteFreightliner_V2:ctrl_tanker_truck,0.6766108
501.2014,PROPS_WhiteFreightliner_V2:ctrl_tanker_truck,0.6986412
501.2128,PROPS_WhiteFreightliner_V2:ctrl_tanker_truck,0.7123299
501.2237,PROPS_WhiteFreightliner_V2:ctrl_tanker_truck,0.7144755
501.2347,PROPS_WhiteFreightliner_V2:ctrl_tanker_truck,0.7130347
501.2458,PROPS_WhiteFreightliner_V2:ctrl_tanker_truck,0.7265821
501.257,PROPS_WhiteFreightliner_V2:ctrl_tanker_truck,0.7548583
501.2682,PROPS_WhiteFreightliner_V2:ctrl_tanker_truck,0.7894483
501.2791,PROPS_WhiteFreightliner_V2:ctrl_tanker_truck,0.8260981
501.2903,PROPS_WhiteFreightliner_V2:ctrl_tanker_truck,0.8499974
501.3015,PROPS_WhiteFreightliner_V2:ctrl_tanker_truck,0.8783962
501.3126,PROPS_WhiteFreightliner_V2:ctrl_tanker_truck,0.9013454
501.3235,PROPS_WhiteFreightliner_V2:ctrl_tanker_truck,0.9146972
501.3347,PROPS_WhiteFreightliner_V2:ctrl_tanker_truck,0.9593456
501.3458,PROPS_WhiteFreightliner_V2:ctrl_tanker_truck,1.009355
501.357,PROPS_WhiteFreightliner_V2:ctrl_tanker_truck,1.083233
501.3681,PROPS_WhiteFreightliner_V2:ctrl_tanker_truck,1.116117
501.3792,PROPS_WhiteFreightliner_V2:ctrl_tanker_truck,1.087354
501.3902,PROPS_WhiteFreightliner_V2:ctrl_tanker_truck,0.9929899
501.4014,PROPS_WhiteFreightliner_V2:ctrl_tanker_truck,0.8935076
501.4124,PROPS_WhiteFreightliner_V2:ctrl_tanker_truck,0.788348
501.4236,PROPS_WhiteFreightliner_V2:ctrl_tanker_truck,0.7260402
501.4348,PROPS_WhiteFreightliner_V2:ctrl_tanker_truck,0.6757773
501.4457,PROPS_WhiteFreightliner_V2:ctrl_tanker_truck,0.6377615
501.457,PROPS_WhiteFreightliner_V2:ctrl_tanker_truck,0.5970494
501.4681,PROPS_WhiteFreightliner_V2:ctrl_tanker_truck,0.5529041
501.4791,PROPS_WhiteFreightliner_V2:ctrl_tanker_truck,0.5040917
501.4902,PROPS_WhiteFreightliner_V2:ctrl_tanker_truck,0.4330845
501.5013,PROPS_WhiteFreightliner_V2:ctrl_tanker_truck,0.3606624
501.5126,PROPS_WhiteFreightliner_V2:ctrl_tanker_truck,0.2800817
501.5236,PROPS_WhiteFreightliner_V2:ctrl_tanker_truck,0.242722
501.5348,PROPS_WhiteFreightliner_V2:ctrl_tanker_truck,0.2613183
501.5457,PROPS_WhiteFreightliner_V2:ctrl_tanker_truck,0.3113432
501.5568,PROPS_WhiteFreightliner_V2:ctrl_tanker_truck,0.391538
501.5684,PROPS_WhiteFreightliner_V2:ctrl_tanker_truck,0.4521361
501.5791,PROPS_WhiteFreightliner_V2:ctrl_tanker_truck,0.5004086
501.5903,PROPS_WhiteFreightliner_V2:ctrl_tanker_truck,0.5266179
501.6014,PROPS_WhiteFreightliner_V2:ctrl_tanker_truck,0.5522999
501.6123,PROPS_WhiteFreightliner_V2:ctrl_tanker_truck,0.56986
501.6236,PROPS_WhiteFreightliner_V2:ctrl_tanker_truck,0.5803506
501.6349,PROPS_WhiteFreightliner_V2:ctrl_tanker_truck,0.6009548
501.6457,PROPS_WhiteFreightliner_V2:ctrl_tanker_truck,0.6160381
501.6584,Nullreference,0.6222134
501.6696,Nullreference,0.6243216
501.6806,Nullreference,0.6360382
501.6916,Nullreference,0.6440449
501.7025,Nullreference,0.6427745
501.7134,Nullreference,0.6429998
501.7246,Nullreference,0.636284
501.7356,Nullreference,0.633184
501.7467,Nullreference,0.6310838
501.7579,Nullreference,0.6372216
501.7692,Nullreference,0.6444445
501.7799,Nullreference,0.6530051
501.7913,Nullreference,0.6614887
501.8022,Nullreference,0.6586788
501.8134,Nullreference,0.6646442
501.8246,Nullreference,0.6583735
501.8357,Nullreference,0.6495233
501.8467,Nullreference,0.63956
501.8583,Nullreference,0.620724
501.869,Nullreference,0.5995957
501.8799,Nullreference,0.5908676
501.8911,Nullreference,0.5858238
501.9022,Nullreference,0.5993775
501.9133,Nullreference,0.6266007
501.9244,Nullreference,0.5506002
501.9357,Nullreference,0.4449245
501.9465,Nullreference,0.4793188
501.9578,Nullreference,0.6550589
501.9695,Nullreference,0.8568988
501.9799,Nullreference,0.9414847
501.9912,Nullreference,0.928265
502.0024,Nullreference,0.8433434
502.0132,Nullreference,0.7371112
502.0244,Nullreference,0.6896194
502.0354,Nullreference,0.7079366
502.0464,Nullreference,0.7763183
502.0578,Collider_Roger_Body,0.8650756
502.069,Nullreference,0.9537529
502.0798,Collider_Roger_Body,1.042023
502.0909,Collider_Roger_Body,1.127397
502.1018,Collider_Roger_Body,1.19201
502.113,Collider_Roger_Body,1.250674
502.1242,Collider_Roger_Body,1.280275
502.1351,Collider_Roger_Body,1.270317
502.1464,Nullreference,1.256202
502.1567,PROPS_WhiteFreightliner_V2:ctrl_tanker_truck,1.227898
502.1677,PROPS_WhiteFreightliner_V2:ctrl_tanker_truck,1.20436
502.1787,PROPS_WhiteFreightliner_V2:ctrl_tanker_truck,1.190744
502.1901,PROPS_WhiteFreightliner_V2:ctrl_tanker_truck,1.179227
502.2009,PROPS_WhiteFreightliner_V2:ctrl_tanker_truck,1.162927
502.2121,PROPS_WhiteFreightliner_V2:ctrl_tanker_truck,1.150074
502.2232,PROPS_WhiteFreightliner_V2:ctrl_tanker_truck,1.126357
502.2344,PROPS_WhiteFreightliner_V2:ctrl_tanker_truck,1.095091
502.2453,PROPS_WhiteFreightliner_V2:ctrl_tanker_truck,1.079793
502.2564,PROPS_WhiteFreightliner_V2:ctrl_tanker_truck,1.078554
502.2677,PROPS_WhiteFreightliner_V2:ctrl_tanker_truck,1.07789
502.279,PROPS_WhiteFreightliner_V2:ctrl_tanker_truck,1.088111
502.2899,PROPS_WhiteFreightliner_V2:ctrl_tanker_truck,1.109224
502.3011,PROPS_WhiteFreightliner_V2:ctrl_tanker_truck,1.123098
502.312,PROPS_WhiteFreightliner_V2:ctrl_tanker_truck,1.149963
502.3231,PROPS_WhiteFreightliner_V2:ctrl_tanker_truck,1.157611
502.3341,PROPS_WhiteFreightliner_V2:ctrl_tanker_truck,1.163583
502.3452,PROPS_WhiteFreightliner_V2:ctrl_tanker_truck,1.15631
502.3564,PROPS_WhiteFreightliner_V2:ctrl_tanker_truck,1.14271
502.3674,PROPS_WhiteFreightliner_V2:ctrl_tanker_truck,1.124919
502.3787,PROPS_WhiteFreightliner_V2:ctrl_tanker_truck,1.10756
502.3896,PROPS_WhiteFreightliner_V2:ctrl_tanker_truck,1.091301
502.4009,PROPS_WhiteFreightliner_V2:ctrl_tanker_truck,1.06788
502.4118,PROPS_WhiteFreightliner_V2:ctrl_tanker_truck,1.034446
502.4231,PROPS_WhiteFreightliner_V2:ctrl_tanker_truck,1.016734
502.434,PROPS_WhiteFreightliner_V2:ctrl_tanker_truck,1.000929
502.4453,PROPS_WhiteFreightliner_V2:ctrl_tanker_truck,0.963342
502.4564,PROPS_WhiteFreightliner_V2:ctrl_tanker_truck,0.9006532
502.4676,PROPS_WhiteFreightliner_V2:ctrl_tanker_truck,0.8268027
502.4787,PROPS_WhiteFreightliner_V2:ctrl_tanker_truck,0.7435429
502.4898,PROPS_WhiteFreightliner_V2:ctrl_tanker_truck,0.6484372
502.5009,PROPS_WhiteFreightliner_V2:ctrl_tanker_truck,0.5712685
502.5118,PROPS_WhiteFreightliner_V2:ctrl_tanker_truck,0.4928205
502.5239,PROPS_WhiteFreightliner_V2:ctrl_tanker_truck,0.423275
502.534,PROPS_WhiteFreightliner_V2:ctrl_tanker_truck,0.3831047
502.5451,PROPS_WhiteFreightliner_V2:ctrl_tanker_truck,0.3530844
502.5564,PROPS_WhiteFreightliner_V2:ctrl_tanker_truck,0.3394164
502.5675,PROPS_WhiteFreightliner_V2:ctrl_tanker_truck,0.3399404
502.5786,PROPS_WhiteFreightliner_V2:ctrl_tanker_truck,0.3723632
502.5898,PROPS_WhiteFreightliner_V2:ctrl_tanker_truck,0.4218269
502.601,PROPS_WhiteFreightliner_V2:ctrl_tanker_truck,0.442983
502.612,PROPS_WhiteFreightliner_V2:ctrl_tanker_truck,0.4423134
502.623,PROPS_WhiteFreightliner_V2:ctrl_tanker_truck,0.4537074
502.6341,PROPS_WhiteFreightliner_V2:ctrl_tanker_truck,0.438612
502.6451,PROPS_WhiteFreightliner_V2:ctrl_tanker_truck,0.3918401
502.6563,PROPS_WhiteFreightliner_V2:ctrl_tanker_truck,0.3385421
502.6673,Nullreference,0.3544098
502.6785,Nullreference,0.495058
502.6895,Nullreference,0.7039105
502.7006,Nullreference,0.8031459
502.7117,Nullreference,0.806729
502.7229,Nullreference,0.7018983
502.734,Nullreference,0.6490379
502.7451,Nullreference,0.7177274
502.7563,Nullreference,0.855584
502.7674,Nullreference,1.077518
502.7784,Nullreference,1.26113
502.7911,Nullreference,1.367395
502.8019,Nullreference,1.413282
502.8135,Nullreference,1.39433
502.8243,Nullreference,1.455926
502.8353,Nullreference,1.685504
502.8464,Nullreference,2.127268
502.8574,Nullreference,2.648812
502.8686,Nullreference,3.089104
502.8796,Nullreference,3.452888
502.8906,Nullreference,3.464401
502.9017,Nullreference,3.195657
502.9127,Nullreference,2.910708
502.924,Nullreference,2.891024
502.9351,Nullreference,3.123803
502.946,Nullreference,3.548453
502.957,Nullreference,4.358147
502.968,Nullreference,5.154867
502.9793,Nullreference,5.85632
502.9906,Nullreference,6.133117
503.001,Nullreference,6.170382
503.0121,Nullreference,5.928247
503.0233,Nullreference,5.431668
503.0344,Nullreference,4.881167
503.0454,Nullreference,4.34452
503.0566,Nullreference,4.035237
503.0677,Nullreference,3.862105
503.0785,Nullreference,3.768506
503.0897,Nullreference,3.679298
503.1006,Nullreference,3.589948
503.1118,Nullreference,3.521448
503.1228,Nullreference,3.330637
503.1342,Nullreference,3.392492
503.1451,Nullreference,3.484244
503.1562,Nullreference,3.342352
503.1675,Nullreference,3.179482
503.1783,Nullreference,2.977842
503.1902,Nullreference,2.917202
503.2007,Nullreference,2.805795
503.2118,Nullreference,2.658494
503.2228,Nullreference,2.512831
503.2341,Nullreference,3.101716
503.245,Nullreference,2.475374
503.2561,Nullreference,1.659367
503.2672,Nullreference,1.5782
503.2782,Nullreference,2.065156
503.2893,Nullreference,1.611176
503.3004,Collider_Roger_State_action,1.523058
503.3116,Collider_Roger_State_action,1.462791
503.3228,Collider_Roger_State_action,1.501548
503.3338,Collider_Roger_State_action,1.646967
503.3449,Collider_Roger_State_action,1.77318
503.3564,Collider_Roger_State_action,1.802714
503.3671,Collider_Roger_State_action,1.694405
503.3783,Collider_Roger_State_action,1.359807
503.3895,Collider_Roger_State_action,0.9693221
503.4005,Collider_Roger_State_action,0.6957537
503.4114,Collider_Roger_State_action,0.6303779
503.4229,Collider_Roger_State_action,0.8349249
503.4338,Collider_Roger_State_action,1.014881
503.4449,Collider_Roger_State_action,0.9966952
503.4563,Collider_Roger_State_action,0.8506275
503.467,Collider_Roger_State_action,0.6413068
503.4787,Collider_Roger_State_action,0.4028091
503.4894,Collider_Roger_State_action,0.5527143
503.5004,Collider_Roger_State_action,0.8682961
503.5114,Collider_Roger_State_action,1.099892
503.5227,Collider_Roger_State_action,1.169304
503.5336,PROPS_WhiteFreightliner_V2:ctrl_tanker_truck,1.07211
503.5449,PROPS_WhiteFreightliner_V2:ctrl_tanker_truck,0.9805877
503.5559,PROPS_WhiteFreightliner_V2:ctrl_tanker_truck,0.9167247
503.5672,PROPS_WhiteFreightliner_V2:ctrl_tanker_truck,0.8018957
503.5782,PROPS_WhiteFreightliner_V2:ctrl_tanker_truck,0.6869988
503.5893,PROPS_WhiteFreightliner_V2:ctrl_tanker_truck,0.546507
503.6004,PROPS_WhiteFreightliner_V2:ctrl_tanker_truck,0.4313495
503.6114,PROPS_WhiteFreightliner_V2:ctrl_tanker_truck,0.3389669
503.6227,Collider_Roger_State_action,0.1719984
503.6335,Collider_Roger_State_action,0.671412
503.6451,PROPS_WhiteFreightliner_V2:ctrl_tanker_truck,0.483743
503.6559,PROPS_WhiteFreightliner_V2:ctrl_tanker_truck,0.3265005
503.6671,PROPS_WhiteFreightliner_V2:ctrl_tanker_truck,0.1639578
503.6784,PROPS_WhiteFreightliner_V2:ctrl_tanker_truck,0.189512
503.6893,PROPS_WhiteFreightliner_V2:ctrl_tanker_truck,0.09547132
503.7003,PROPS_WhiteFreightliner_V2:ctrl_tanker_truck,0.2192519
503.7116,PROPS_WhiteFreightliner_V2:ctrl_tanker_truck,0.4088219
503.7224,PROPS_WhiteFreightliner_V2:ctrl_tanker_truck,0.5459724
503.7336,PROPS_WhiteFreightliner_V2:ctrl_tanker_truck,0.6211023
503.7447,PROPS_WhiteFreightliner_V2:ctrl_tanker_truck,0.630891
503.7559,PROPS_WhiteFreightliner_V2:ctrl_tanker_truck,0.5689656
503.7669,PROPS_WhiteFreightliner_V2:ctrl_tanker_truck,0.4676568
503.778,PROPS_WhiteFreightliner_V2:ctrl_tanker_truck,0.371818
503.7891,PROPS_WhiteFreightliner_V2:ctrl_tanker_truck,0.181342
503.8008,PROPS_WhiteFreightliner_V2:ctrl_tanker_truck,0.1944763
503.8114,PROPS_WhiteFreightliner_V2:ctrl_tanker_truck,0.2142227
503.8228,PROPS_WhiteFreightliner_V2:ctrl_tanker_truck,0.3584041
503.8335,PROPS_WhiteFreightliner_V2:ctrl_tanker_truck,0.4129168
503.8449,PROPS_WhiteFreightliner_V2:ctrl_tanker_truck,0.3795538
503.8558,PROPS_WhiteFreightliner_V2:ctrl_tanker_truck,0.3017772
503.8668,PROPS_WhiteFreightliner_V2:ctrl_tanker_truck,0.3094704
503.8779,PROPS_WhiteFreightliner_V2:ctrl_tanker_truck,0.3989718
503.889,PROPS_WhiteFreightliner_V2:ctrl_tanker_truck,0.4590361
503.9003,PROPS_WhiteFreightliner_V2:ctrl_tanker_truck,0.4587741
503.9113,PROPS_WhiteFreightliner_V2:ctrl_tanker_truck,0.4393023
503.9224,PROPS_WhiteFreightliner_V2:ctrl_tanker_truck,0.4040411
503.9334,PROPS_WhiteFreightliner_V2:ctrl_tanker_truck,0.3788518
503.9445,PROPS_WhiteFreightliner_V2:ctrl_tanker_truck,0.3565048
503.9557,PROPS_WhiteFreightliner_V2:ctrl_tanker_truck,0.3365442
503.9669,PROPS_WhiteFreightliner_V2:ctrl_tanker_truck,0.3064557
503.9777,PROPS_WhiteFreightliner_V2:ctrl_tanker_truck,0.275522
503.989,PROPS_WhiteFreightliner_V2:ctrl_tanker_truck,0.2572162
504,PROPS_WhiteFreightliner_V2:ctrl_tanker_truck,0.2328687
504.0111,PROPS_WhiteFreightliner_V2:ctrl_tanker_truck,0.2111203
504.022,PROPS_WhiteFreightliner_V2:ctrl_tanker_truck,0.218892
504.0332,PROPS_WhiteFreightliner_V2:ctrl_tanker_truck,0.2512248
504.0444,PROPS_WhiteFreightliner_V2:ctrl_tanker_truck,0.3064163
504.0555,PROPS_WhiteFreightliner_V2:ctrl_tanker_truck,0.3479353
504.0666,PROPS_WhiteFreightliner_V2:ctrl_tanker_truck,0.3686898
504.078,PROPS_WhiteFreightliner_V2:ctrl_tanker_truck,0.3662395
504.0889,PROPS_WhiteFreightliner_V2:ctrl_tanker_truck,0.304158
504.1001,PROPS_WhiteFreightliner_V2:ctrl_tanker_truck,0.2501551
504.1111,PROPS_WhiteFreightliner_V2:ctrl_tanker_truck,0.2405367
504.1223,PROPS_WhiteFreightliner_V2:ctrl_tanker_truck,0.2420484
504.1331,PROPS_WhiteFreightliner_V2:ctrl_tanker_truck,0.2671782
504.1442,PROPS_WhiteFreightliner_V2:ctrl_tanker_truck,0.268674
504.1555,PROPS_WhiteFreightliner_V2:ctrl_tanker_truck,0.2756945
504.1668,PROPS_WhiteFreightliner_V2:ctrl_tanker_truck,0.2851431
504.1775,PROPS_WhiteFreightliner_V2:ctrl_tanker_truck,0.2968837
504.1886,PROPS_WhiteFreightliner_V2:ctrl_tanker_truck,0.3037187
504.1996,PROPS_WhiteFreightliner_V2:ctrl_tanker_truck,0.2987275
504.2109,PROPS_WhiteFreightliner_V2:ctrl_tanker_truck,0.2829373
504.2218,PROPS_WhiteFreightliner_V2:ctrl_tanker_truck,0.2607245
504.233,PROPS_WhiteFreightliner_V2:ctrl_tanker_truck,0.2456625
504.244,PROPS_WhiteFreightliner_V2:ctrl_tanker_truck,0.232522
504.2553,PROPS_WhiteFreightliner_V2:ctrl_tanker_truck,0.227252
504.2663,PROPS_WhiteFreightliner_V2:ctrl_tanker_truck,0.2366389
504.2773,PROPS_WhiteFreightliner_V2:ctrl_tanker_truck,0.2484211
504.2888,PROPS_WhiteFreightliner_V2:ctrl_tanker_truck,0.2640232
504.2996,PROPS_WhiteFreightliner_V2:ctrl_tanker_truck,0.2749531
504.3107,PROPS_WhiteFreightliner_V2:ctrl_tanker_truck,0.2801826
504.3219,PROPS_WhiteFreightliner_V2:ctrl_tanker_truck,0.2710366
504.3329,PROPS_WhiteFreightliner_V2:ctrl_tanker_truck,0.2641226
504.344,PROPS_WhiteFreightliner_V2:ctrl_tanker_truck,0.2529204
504.3552,PROPS_WhiteFreightliner_V2:ctrl_tanker_truck,0.2374655
504.3663,PROPS_WhiteFreightliner_V2:ctrl_tanker_truck,0.2264165
504.3773,PROPS_WhiteFreightliner_V2:ctrl_tanker_truck,0.2145187
504.3885,PROPS_WhiteFreightliner_V2:ctrl_tanker_truck,0.1889008
504.3996,PROPS_WhiteFreightliner_V2:ctrl_tanker_truck,0.1579484
504.4107,PROPS_WhiteFreightliner_V2:ctrl_tanker_truck,0.1304201
504.4218,PROPS_WhiteFreightliner_V2:ctrl_tanker_truck,0.1082449
504.4327,PROPS_WhiteFreightliner_V2:ctrl_tanker_truck,0.1063724
504.444,PROPS_WhiteFreightliner_V2:ctrl_tanker_truck,0.1177377
504.4551,PROPS_WhiteFreightliner_V2:ctrl_tanker_truck,0.1382488
504.4662,PROPS_WhiteFreightliner_V2:ctrl_tanker_truck,0.1675719
504.4774,PROPS_WhiteFreightliner_V2:ctrl_tanker_truck,0.1929717
504.4884,PROPS_WhiteFreightliner_V2:ctrl_tanker_truck,0.2302895
504.4996,PROPS_WhiteFreightliner_V2:ctrl_tanker_truck,0.2538523
504.5107,PROPS_WhiteFreightliner_V2:ctrl_tanker_truck,0.2754833
504.522,PROPS_WhiteFreightliner_V2:ctrl_tanker_truck,0.2900873
504.533,PROPS_WhiteFreightliner_V2:ctrl_tanker_truck,0.296659
504.544,PROPS_WhiteFreightliner_V2:ctrl_tanker_truck,0.2820258
504.555,PROPS_WhiteFreightliner_V2:ctrl_tanker_truck,0.252258
504.5662,PROPS_WhiteFreightliner_V2:ctrl_tanker_truck,0.2041477
504.5773,PROPS_WhiteFreightliner_V2:ctrl_tanker_truck,0.1675159
504.5885,PROPS_WhiteFreightliner_V2:ctrl_tanker_truck,0.1343105
504.5996,PROPS_WhiteFreightliner_V2:ctrl_tanker_truck,0.1252168
504.6107,PROPS_WhiteFreightliner_V2:ctrl_tanker_truck,0.1164885
504.6218,PROPS_WhiteFreightliner_V2:ctrl_tanker_truck,0.1060615
504.6329,PROPS_WhiteFreightliner_V2:ctrl_tanker_truck,0.1024831
504.644,PROPS_WhiteFreightliner_V2:ctrl_tanker_truck,0.08887582
504.655,PROPS_WhiteFreightliner_V2:ctrl_tanker_truck,0.07503757
504.6664,PROPS_WhiteFreightliner_V2:ctrl_tanker_truck,0.06329382
504.6772,PROPS_WhiteFreightliner_V2:ctrl_tanker_truck,0.05993208
504.6883,PROPS_WhiteFreightliner_V2:ctrl_tanker_truck,0.06439638
504.6995,PROPS_WhiteFreightliner_V2:ctrl_tanker_truck,0.07508468
504.7109,PROPS_WhiteFreightliner_V2:ctrl_tanker_truck,0.08495108
504.7218,PROPS_WhiteFreightliner_V2:ctrl_tanker_truck,0.09387621
504.7329,PROPS_WhiteFreightliner_V2:ctrl_tanker_truck,0.09772898
504.7439,PROPS_WhiteFreightliner_V2:ctrl_tanker_truck,0.1081728
504.7549,PROPS_WhiteFreightliner_V2:ctrl_tanker_truck,0.1214047
504.7661,PROPS_WhiteFreightliner_V2:ctrl_tanker_truck,0.1369581
504.7771,PROPS_WhiteFreightliner_V2:ctrl_tanker_truck,0.1297948
504.7884,PROPS_WhiteFreightliner_V2:ctrl_tanker_truck,0.1037505
504.7994,PROPS_WhiteFreightliner_V2:ctrl_tanker_truck,0.06849113
504.8104,PROPS_WhiteFreightliner_V2:ctrl_tanker_truck,0.03259322
504.8216,PROPS_WhiteFreightliner_V2:ctrl_tanker_truck,0.06285838
504.8327,PROPS_WhiteFreightliner_V2:ctrl_tanker_truck,0.1395852
504.8439,PROPS_WhiteFreightliner_V2:ctrl_tanker_truck,0.1681499
504.8551,Nullreference,0.2105941
504.866,Nullreference,0.2306584
504.8771,Nullreference,0.2464985
504.8884,Nullreference,0.2447614
504.8994,Nullreference,0.2411255
504.9104,Nullreference,0.235344
504.9217,Nullreference,0.2361781
504.9331,Nullreference,0.2302671
504.9441,Nullreference,0.2369893
504.9549,Nullreference,0.2390026
504.9661,PROPS_WhiteFreightliner_V2:ctrl_tanker_truck,0.2426268
504.9771,PROPS_WhiteFreightliner_V2:ctrl_tanker_truck,0.2423339
504.9882,PROPS_WhiteFreightliner_V2:ctrl_tanker_truck,0.2580899
504.9993,PROPS_WhiteFreightliner_V2:ctrl_tanker_truck,0.262641
505.0104,PROPS_WhiteFreightliner_V2:ctrl_tanker_truck,0.2666267
505.0215,PROPS_WhiteFreightliner_V2:ctrl_tanker_truck,0.2652733
505.0327,PROPS_WhiteFreightliner_V2:ctrl_tanker_truck,0.2696245
505.0438,PROPS_WhiteFreightliner_V2:ctrl_tanker_truck,0.2915115
505.0549,PROPS_WhiteFreightliner_V2:ctrl_tanker_truck,0.3220373
505.066,PROPS_WhiteFreightliner_V2:ctrl_tanker_truck,0.3587054
505.0772,PROPS_WhiteFreightliner_V2:ctrl_tanker_truck,0.3813848
505.0884,PROPS_WhiteFreightliner_V2:ctrl_tanker_truck,0.4023608
505.0993,PROPS_WhiteFreightliner_V2:ctrl_tanker_truck,0.4113927
505.1103,PROPS_WhiteFreightliner_V2:ctrl_tanker_truck,0.4032991
505.1215,PROPS_WhiteFreightliner_V2:ctrl_tanker_truck,0.37853
505.1325,PROPS_WhiteFreightliner_V2:ctrl_tanker_truck,0.3545206
505.1439,PROPS_WhiteFreightliner_V2:ctrl_tanker_truck,0.3246328
505.1549,PROPS_WhiteFreightliner_V2:ctrl_tanker_truck,0.2957044
505.166,PROPS_WhiteFreightliner_V2:ctrl_tanker_truck,0.2803827
505.1773,PROPS_WhiteFreightliner_V2:ctrl_tanker_truck,0.2687242
505.1881,PROPS_WhiteFreightliner_V2:ctrl_tanker_truck,0.2561489
505.1992,PROPS_WhiteFreightliner_V2:ctrl_tanker_truck,0.2490595
505.2104,PROPS_WhiteFreightliner_V2:ctrl_tanker_truck,0.2306205
505.2214,PROPS_WhiteFreightliner_V2:ctrl_tanker_truck,0.2184092
505.2327,PROPS_WhiteFreightliner_V2:ctrl_tanker_truck,0.2107277
505.2439,PROPS_WhiteFreightliner_V2:ctrl_tanker_truck,0.1992704
505.255,PROPS_WhiteFreightliner_V2:ctrl_tanker_truck,0.1899391
505.2661,PROPS_WhiteFreightliner_V2:ctrl_tanker_truck,0.1844062
505.2772,PROPS_WhiteFreightliner_V2:ctrl_tanker_truck,0.1732264
505.2883,PROPS_WhiteFreightliner_V2:ctrl_tanker_truck,0.1641657
505.2992,PROPS_WhiteFreightliner_V2:ctrl_tanker_truck,0.1538001
505.3104,PROPS_WhiteFreightliner_V2:ctrl_tanker_truck,0.1430423
505.3216,PROPS_WhiteFreightliner_V2:ctrl_tanker_truck,0.1329069
505.3327,PROPS_WhiteFreightliner_V2:ctrl_tanker_truck,0.1228608
505.3436,PROPS_WhiteFreightliner_V2:ctrl_tanker_truck,0.1132219
505.3548,PROPS_WhiteFreightliner_V2:ctrl_tanker_truck,0.1165911
505.3659,PROPS_WhiteFreightliner_V2:ctrl_tanker_truck,0.1107767
505.3772,PROPS_WhiteFreightliner_V2:ctrl_tanker_truck,0.1081972
505.3882,PROPS_WhiteFreightliner_V2:ctrl_tanker_truck,0.1127509
505.3992,PROPS_WhiteFreightliner_V2:ctrl_tanker_truck,0.1126838
505.4105,PROPS_WhiteFreightliner_V2:ctrl_tanker_truck,0.1138644
505.4214,PROPS_WhiteFreightliner_V2:ctrl_tanker_truck,0.1144743
505.4324,PROPS_WhiteFreightliner_V2:ctrl_tanker_truck,0.1144572
505.4435,PROPS_WhiteFreightliner_V2:ctrl_tanker_truck,0.1254432
505.4548,PROPS_WhiteFreightliner_V2:ctrl_tanker_truck,0.1356187
505.4658,PROPS_WhiteFreightliner_V2:ctrl_tanker_truck,0.1396611
505.477,PROPS_WhiteFreightliner_V2:ctrl_tanker_truck,0.1428102
505.488,PROPS_WhiteFreightliner_V2:ctrl_tanker_truck,0.1291846
505.4991,PROPS_WhiteFreightliner_V2:ctrl_tanker_truck,0.1188918
505.5102,PROPS_WhiteFreightliner_V2:ctrl_tanker_truck,0.09793677
505.5213,PROPS_WhiteFreightliner_V2:ctrl_tanker_truck,0.08271706
505.5326,PROPS_WhiteFreightliner_V2:ctrl_tanker_truck,0.08535232
505.5435,PROPS_WhiteFreightliner_V2:ctrl_tanker_truck,0.09269743
505.5547,PROPS_WhiteFreightliner_V2:ctrl_tanker_truck,0.1144554
505.5657,PROPS_WhiteFreightliner_V2:ctrl_tanker_truck,0.1421539
505.577,PROPS_WhiteFreightliner_V2:ctrl_tanker_truck,0.1693909
505.588,PROPS_WhiteFreightliner_V2:ctrl_tanker_truck,0.1847056
505.599,PROPS_WhiteFreightliner_V2:ctrl_tanker_truck,0.1976352
505.6101,PROPS_WhiteFreightliner_V2:ctrl_tanker_truck,0.1982881
505.6213,PROPS_WhiteFreightliner_V2:ctrl_tanker_truck,0.2000179
505.6327,PROPS_WhiteFreightliner_V2:ctrl_tanker_truck,0.2016901
505.6434,PROPS_WhiteFreightliner_V2:ctrl_tanker_truck,0.2030128
505.6547,PROPS_WhiteFreightliner_V2:ctrl_tanker_truck,0.2045143
505.6657,PROPS_WhiteFreightliner_V2:ctrl_tanker_truck,0.2163162
505.6772,PROPS_WhiteFreightliner_V2:ctrl_tanker_truck,0.2294818
505.6882,PROPS_WhiteFreightliner_V2:ctrl_tanker_truck,0.2366616
505.6994,PROPS_WhiteFreightliner_V2:ctrl_tanker_truck,0.2403986
505.7101,PROPS_WhiteFreightliner_V2:ctrl_tanker_truck,0.2522937
505.7214,PROPS_WhiteFreightliner_V2:ctrl_tanker_truck,0.2537722
505.7324,PROPS_WhiteFreightliner_V2:ctrl_tanker_truck,0.2506894
505.7435,PROPS_WhiteFreightliner_V2:ctrl_tanker_truck,0.2528661
505.7549,PROPS_WhiteFreightliner_V2:ctrl_tanker_truck,0.2512867
505.7658,PROPS_WhiteFreightliner_V2:ctrl_tanker_truck,0.2677907
505.7769,PROPS_WhiteFreightliner_V2:ctrl_tanker_truck,0.3048105
505.7879,PROPS_WhiteFreightliner_V2:ctrl_tanker_truck,0.3482397
505.7991,PROPS_WhiteFreightliner_V2:ctrl_tanker_truck,0.3930169
505.8105,PROPS_WhiteFreightliner_V2:ctrl_tanker_truck,0.4444593
505.8213,PROPS_WhiteFreightliner_V2:ctrl_tanker_truck,0.4706604
505.8325,PROPS_WhiteFreightliner_V2:ctrl_tanker_truck,0.4831845
505.8435,PROPS_WhiteFreightliner_V2:ctrl_tanker_truck,0.4806191
505.8547,PROPS_WhiteFreightliner_V2:ctrl_tanker_truck,0.4646654
505.8656,PROPS_WhiteFreightliner_V2:ctrl_tanker_truck,0.428862
505.8769,PROPS_WhiteFreightliner_V2:ctrl_tanker_truck,0.3845971
505.8881,PROPS_WhiteFreightliner_V2:ctrl_tanker_truck,0.3305231
505.8994,PROPS_WhiteFreightliner_V2:ctrl_tanker_truck,0.2823412
505.9101,PROPS_WhiteFreightliner_V2:ctrl_tanker_truck,0.2349869
505.9213,PROPS_WhiteFreightliner_V2:ctrl_tanker_truck,0.1971437
505.9324,PROPS_WhiteFreightliner_V2:ctrl_tanker_truck,0.1724471
505.9434,PROPS_WhiteFreightliner_V2:ctrl_tanker_truck,0.1598895
505.9545,PROPS_WhiteFreightliner_V2:ctrl_tanker_truck,0.1672847
505.9656,PROPS_WhiteFreightliner_V2:ctrl_tanker_truck,0.189338
505.9771,PROPS_WhiteFreightliner_V2:ctrl_tanker_truck,0.2162485
505.988,PROPS_WhiteFreightliner_V2:ctrl_tanker_truck,0.251524
505.9991,PROPS_WhiteFreightliner_V2:ctrl_tanker_truck,0.2827931
506.0101,PROPS_WhiteFreightliner_V2:ctrl_tanker_truck,0.3046226
506.0213,PROPS_WhiteFreightliner_V2:ctrl_tanker_truck,0.3207946
506.0323,PROPS_WhiteFreightliner_V2:ctrl_tanker_truck,0.3254845
506.0436,PROPS_WhiteFreightliner_V2:ctrl_tanker_truck,0.3331121
506.0546,PROPS_WhiteFreightliner_V2:ctrl_tanker_truck,0.3424602
506.0656,PROPS_WhiteFreightliner_V2:ctrl_tanker_truck,0.3474682
506.077,PROPS_WhiteFreightliner_V2:ctrl_tanker_truck,0.3591787
506.0879,PROPS_WhiteFreightliner_V2:ctrl_tanker_truck,0.3821529
506.0992,PROPS_WhiteFreightliner_V2:ctrl_tanker_truck,0.4136372
506.1102,PROPS_WhiteFreightliner_V2:ctrl_tanker_truck,0.447588
506.1213,PROPS_WhiteFreightliner_V2:ctrl_tanker_truck,0.4897525
506.1324,PROPS_WhiteFreightliner_V2:ctrl_tanker_truck,0.5197375
506.1435,PROPS_WhiteFreightliner_V2:ctrl_tanker_truck,0.5498838
506.1548,PROPS_WhiteFreightliner_V2:ctrl_tanker_truck,0.5676573
506.1659,PROPS_WhiteFreightliner_V2:ctrl_tanker_truck,0.5703341
506.1771,PROPS_WhiteFreightliner_V2:ctrl_tanker_truck,0.5666961
506.1882,Nullreference,0.5534256
506.1992,Nullreference,0.5282624
506.2101,Nullreference,0.4933414
506.2212,Nullreference,0.443978
506.2322,Nullreference,0.4003954
506.2434,Nullreference,0.3384762
506.2545,Nullreference,0.2843586
506.2659,Nullreference,0.2217374
506.2767,Nullreference,0.193479
506.288,Nullreference,0.2063253
506.299,Nullreference,0.2360599
506.3101,Nullreference,0.2722077
506.3214,Nullreference,0.3033746
506.3325,Nullreference,0.3187286
506.3434,Nullreference,0.331762
506.3546,Nullreference,0.3430282
506.3656,Nullreference,0.3444626
506.3766,Nullreference,0.3299713
506.3879,Nullreference,0.3159295
506.3988,Nullreference,0.2833134
506.4101,Nullreference,0.2443583
506.4212,Nullreference,0.2121098
506.4323,Nullreference,0.1675456
506.4435,Nullreference,0.1488151
506.4545,Nullreference,0.1631061
506.4657,Nullreference,0.1972634
506.4766,Nullreference,0.2440632
506.4878,Nullreference,0.3266475
506.4992,Nullreference,0.395709
506.5099,Nullreference,0.4557328
506.5213,Nullreference,0.4874384
506.5323,Nullreference,0.5181698
506.5434,Nullreference,0.5464214
506.5547,Nullreference,0.5640275
506.5655,Nullreference,0.6036165
506.5767,Nullreference,0.6437805
506.5878,Nullreference,0.6802354
506.5989,Nullreference,0.6913317
506.6139,Nullreference,0.696052
506.6215,Nullreference,0.6668332
506.6301,Nullreference,0.6289713
506.6412,Nullreference,0.5465159
506.6523,Nullreference,0.4987427
506.6635,Nullreference,0.4857467
506.6746,Nullreference,0.4843769
506.6857,Nullreference,0.3374916
506.6975,Nullreference,0.4111198
506.7078,Nullreference,0.3745461
506.719,Nullreference,0.3606144
506.7303,Nullreference,0.2999812
506.7415,Nullreference,0.2000385
506.7522,Nullreference,0.1385306
506.7634,Nullreference,0.1743915
506.7745,Nullreference,0.2106177
506.7856,Nullreference,0.2747961
506.7967,Nullreference,0.3533249
506.8078,Nullreference,0.4188709
506.819,Nullreference,0.5241733
506.8302,Nullreference,0.5999809
506.8412,Nullreference,0.6962603
506.8522,Nullreference,0.7598678
506.8634,Nullreference,0.8278751
506.8744,Nullreference,0.8835403
506.8854,Nullreference,0.8992873
506.8967,Nullreference,0.8963752
506.9079,Nullreference,0.8913711
506.9187,Nullreference,0.8855537
506.93,Nullreference,0.8772762
506.941,Nullreference,0.8312513
506.952,Nullreference,0.741652
506.9633,Plane,0.6603255
506.9746,Plane,0.6162714
506.9858,Plane,0.5508378
506.9969,Plane,0.4823773
507.0083,Plane,0.4076341
507.0196,Plane,0.3499555
507.0311,Plane,0.3011377
507.0421,Plane,0.2452734
507.0532,Plane,0.2093887
507.0645,Plane,0.1833646
507.0757,Plane,0.1421573
507.0871,Plane,0.1138354
507.0983,Plane,0.1195902
507.1097,Plane,0.144801
507.1208,Plane,0.1679352
507.1318,Plane,0.2018213
507.1431,Plane,0.2494162
507.154,Plane,0.3326631
507.1652,Plane,0.3966361
507.1765,Plane,0.4185734
507.1873,Plane,0.4119098
507.1985,Plane,0.4151246
507.2097,Plane,0.4117392
507.2208,Plane,0.3980319
507.2318,Plane,0.346632
507.243,Plane,0.2887302
507.2544,Plane,0.2187714
507.2654,Plane,0.1040196
507.2762,Plane,0.02663779
507.2874,Plane,0.1219027
507.2987,Plane,0.2390577
507.3097,Plane,0.343744
507.3208,Plane,0.4222098
507.3319,Plane,0.4918789
507.3429,Nullreference,0.5519967
507.354,Nullreference,0.5997434
507.3651,Nullreference,0.60878
507.3763,Nullreference,0.5804814
507.3873,Nullreference,0.5311165
507.3987,Nullreference,0.4772675
507.4095,Nullreference,0.4099919
507.4207,Nullreference,0.3484426
507.4319,Nullreference,0.3088181
507.4469,Nullreference,0.2937669
507.4549,Nullreference,0.3118577
507.4629,Nullreference,0.3512094
507.4739,Nullreference,0.4219998
507.4851,Nullreference,0.4858105
507.4963,Nullreference,0.5546913
507.5074,Nullreference,0.6030957
507.5185,Nullreference,0.6144786
507.5295,Nullreference,0.5619746
507.5407,Nullreference,0.4992511
507.5518,Nullreference,0.4119428
507.563,Nullreference,0.3673432
507.574,Nullreference,0.3608834
507.5853,Nullreference,0.3951747
507.5962,Nullreference,0.4254748
507.6073,Nullreference,0.4560854
507.6186,Nullreference,0.5060582
507.6295,Nullreference,0.5707242
507.6406,Nullreference,0.6324148
507.6516,Nullreference,0.6982455
507.6628,Nullreference,0.7703609
507.6738,Nullreference,0.8226192
507.6853,Nullreference,0.889044
507.6961,Nullreference,0.9560279
507.708,Nullreference,1.042932
507.7191,Nullreference,1.105913
507.7302,Nullreference,1.190693
507.7414,PROPS_WhiteFreightliner_V2:ctrl_tanker_truck,1.261548
507.7523,PROPS_WhiteFreightliner_V2:ctrl_tanker_truck,1.318101
507.7633,PROPS_WhiteFreightliner_V2:ctrl_tanker_truck,1.378626
507.775,PROPS_WhiteFreightliner_V2:ctrl_tanker_truck,1.43234
507.7857,PROPS_WhiteFreightliner_V2:ctrl_tanker_truck,1.473627
507.7965,PROPS_WhiteFreightliner_V2:ctrl_tanker_truck,1.49599
507.808,PROPS_WhiteFreightliner_V2:ctrl_tanker_truck,1.526926
507.8192,Nullreference,1.543495
507.8307,Nullreference,1.547653
507.8416,Nullreference,1.544006
507.8529,PROPS_WhiteFreightliner_V2:ctrl_tanker_truck,1.532344
507.8643,PROPS_WhiteFreightliner_V2:ctrl_tanker_truck,1.523795
507.8755,Nullreference,1.50834
507.8871,Nullreference,1.502315
507.8978,Nullreference,1.499825
507.9093,Nullreference,1.499544
507.9205,Nullreference,1.508556
507.9321,Nullreference,1.513526
507.9431,Nullreference,1.523375
507.9544,Nullreference,1.537606
507.9657,Nullreference,1.563524
507.9767,Nullreference,1.589184
507.9879,Nullreference,1.594665
507.9991,Nullreference,1.589668
508.01,Nullreference,1.566926
508.0211,Nullreference,1.541483
508.0322,Nullreference,1.508276
508.0433,Nullreference,1.465118
508.0555,Nullreference,1.415212
508.0666,Nullreference,1.383682
508.0767,Nullreference,1.331971
508.0877,PROPS_WhiteFreightliner_V2:ctrl_tanker_truck,1.293809
508.0987,PROPS_WhiteFreightliner_V2:ctrl_tanker_truck,1.242358
508.1099,PROPS_WhiteFreightliner_V2:ctrl_tanker_truck,1.180303
508.1208,PROPS_WhiteFreightliner_V2:ctrl_tanker_truck,1.12343
508.1366,PROPS_WhiteFreightliner_V2:ctrl_tanker_truck,1.045407
508.1454,PROPS_WhiteFreightliner_V2:ctrl_tanker_truck,0.97122
508.153,PROPS_WhiteFreightliner_V2:ctrl_tanker_truck,0.909907
508.1622,PROPS_WhiteFreightliner_V2:ctrl_tanker_truck,0.7803534
508.1734,PROPS_WhiteFreightliner_V2:ctrl_tanker_truck,0.687301
508.1847,PROPS_WhiteFreightliner_V2:ctrl_tanker_truck,0.5699264
508.1955,PROPS_WhiteFreightliner_V2:ctrl_tanker_truck,0.4819889
508.2072,PROPS_WhiteFreightliner_V2:ctrl_tanker_truck,0.3489059
508.2177,PROPS_WhiteFreightliner_V2:ctrl_tanker_truck,0.2729009
508.2288,PROPS_WhiteFreightliner_V2:ctrl_tanker_truck,0.2196605
508.2398,PROPS_WhiteFreightliner_V2:ctrl_tanker_truck,0.2030615
508.2511,PROPS_WhiteFreightliner_V2:ctrl_tanker_truck,0.2211381
508.2623,PROPS_WhiteFreightliner_V2:ctrl_tanker_truck,0.255415
508.2734,PROPS_WhiteFreightliner_V2:ctrl_tanker_truck,0.27855
508.2845,PROPS_WhiteFreightliner_V2:ctrl_tanker_truck,0.3133956
508.2955,PROPS_WhiteFreightliner_V2:ctrl_tanker_truck,0.3461516
508.3066,PROPS_WhiteFreightliner_V2:ctrl_tanker_truck,0.3757882
508.3177,PROPS_WhiteFreightliner_V2:ctrl_tanker_truck,0.3832261
508.3288,PROPS_WhiteFreightliner_V2:ctrl_tanker_truck,0.3758472
508.34,PROPS_WhiteFreightliner_V2:ctrl_tanker_truck,0.3613997
508.3511,PROPS_WhiteFreightliner_V2:ctrl_tanker_truck,0.345771
508.3621,PROPS_WhiteFreightliner_V2:ctrl_tanker_truck,0.3342681
508.3733,PROPS_WhiteFreightliner_V2:ctrl_tanker_truck,0.3298865
508.3844,PROPS_WhiteFreightliner_V2:ctrl_tanker_truck,0.3278902
508.3956,PROPS_WhiteFreightliner_V2:ctrl_tanker_truck,0.3235765
508.4065,PROPS_WhiteFreightliner_V2:ctrl_tanker_truck,0.3179564
508.4175,PROPS_WhiteFreightliner_V2:ctrl_tanker_truck,0.3041752
508.4288,PROPS_WhiteFreightliner_V2:ctrl_tanker_truck,0.2958841
508.4398,PROPS_WhiteFreightliner_V2:ctrl_tanker_truck,0.2744623
508.4509,PROPS_WhiteFreightliner_V2:ctrl_tanker_truck,0.2609872
508.462,PROPS_WhiteFreightliner_V2:ctrl_tanker_truck,0.2461002
508.4731,PROPS_WhiteFreightliner_V2:ctrl_tanker_truck,0.2386276
508.4843,PROPS_WhiteFreightliner_V2:ctrl_tanker_truck,0.2319734
508.4955,PROPS_WhiteFreightliner_V2:ctrl_tanker_truck,0.2255217
508.5067,PROPS_WhiteFreightliner_V2:ctrl_tanker_truck,0.2120111
508.5181,PROPS_WhiteFreightliner_V2:ctrl_tanker_truck,0.1975303
508.5295,PROPS_WhiteFreightliner_V2:ctrl_tanker_truck,0.1882927
508.5407,PROPS_WhiteFreightliner_V2:ctrl_tanker_truck,0.1897964
508.5521,PROPS_WhiteFreightliner_V2:ctrl_tanker_truck,0.1913856
508.5632,PROPS_WhiteFreightliner_V2:ctrl_tanker_truck,0.1863944
508.5745,PROPS_WhiteFreightliner_V2:ctrl_tanker_truck,0.1903495
508.5864,PROPS_WhiteFreightliner_V2:ctrl_tanker_truck,0.1987128
508.5971,PROPS_WhiteFreightliner_V2:ctrl_tanker_truck,0.2120016
508.6085,PROPS_WhiteFreightliner_V2:ctrl_tanker_truck,0.2318275
508.6197,PROPS_WhiteFreightliner_V2:ctrl_tanker_truck,0.2491809
508.631,PROPS_WhiteFreightliner_V2:ctrl_tanker_truck,0.2657826
508.6424,PROPS_WhiteFreightliner_V2:ctrl_tanker_truck,0.275679
508.6534,PROPS_WhiteFreightliner_V2:ctrl_tanker_truck,0.278561
508.6648,PROPS_WhiteFreightliner_V2:ctrl_tanker_truck,0.2826571
508.6761,PROPS_WhiteFreightliner_V2:ctrl_tanker_truck,0.2977256
508.6872,PROPS_WhiteFreightliner_V2:ctrl_tanker_truck,0.3128012
508.6983,PROPS_WhiteFreightliner_V2:ctrl_tanker_truck,0.3200471
508.7096,PROPS_WhiteFreightliner_V2:ctrl_tanker_truck,0.3404655
508.7206,PROPS_WhiteFreightliner_V2:ctrl_tanker_truck,0.357029
508.7316,PROPS_WhiteFreightliner_V2:ctrl_tanker_truck,0.3813932
508.7428,PROPS_WhiteFreightliner_V2:ctrl_tanker_truck,0.3820128
508.7538,PROPS_WhiteFreightliner_V2:ctrl_tanker_truck,0.3783324
508.7649,PROPS_WhiteFreightliner_V2:ctrl_tanker_truck,0.3708659
508.7761,PROPS_WhiteFreightliner_V2:ctrl_tanker_truck,0.3693284
508.7872,PROPS_WhiteFreightliner_V2:ctrl_tanker_truck,0.368336
508.7983,PROPS_WhiteFreightliner_V2:ctrl_tanker_truck,0.3738533
508.8093,PROPS_WhiteFreightliner_V2:ctrl_tanker_truck,0.3759365
508.8205,PROPS_WhiteFreightliner_V2:ctrl_tanker_truck,0.3738568
508.8318,PROPS_WhiteFreightliner_V2:ctrl_tanker_truck,0.37561
508.8431,PROPS_WhiteFreightliner_V2:ctrl_tanker_truck,0.3715042
508.8537,PROPS_WhiteFreightliner_V2:ctrl_tanker_truck,0.3711159
508.8648,PROPS_WhiteFreightliner_V2:ctrl_tanker_truck,0.3682782
508.8762,PROPS_WhiteFreightliner_V2:ctrl_tanker_truck,0.3592564
508.8871,PROPS_WhiteFreightliner_V2:ctrl_tanker_truck,0.3598167
508.8981,PROPS_WhiteFreightliner_V2:ctrl_tanker_truck,0.3532486
508.9093,PROPS_WhiteFreightliner_V2:ctrl_tanker_truck,0.3401351
508.9203,PROPS_WhiteFreightliner_V2:ctrl_tanker_truck,0.3141536
508.9315,PROPS_WhiteFreightliner_V2:ctrl_tanker_truck,0.2878144
508.9428,PROPS_WhiteFreightliner_V2:ctrl_tanker_truck,0.2685502
508.9538,PROPS_WhiteFreightliner_V2:ctrl_tanker_truck,0.249202
508.9649,PROPS_WhiteFreightliner_V2:ctrl_tanker_truck,0.2425056
508.976,PROPS_WhiteFreightliner_V2:ctrl_tanker_truck,0.2308186
508.9872,PROPS_WhiteFreightliner_V2:ctrl_tanker_truck,0.2266985
508.9983,PROPS_WhiteFreightliner_V2:ctrl_tanker_truck,0.2147854
509.0093,PROPS_WhiteFreightliner_V2:ctrl_tanker_truck,0.1962614
509.0203,PROPS_WhiteFreightliner_V2:ctrl_tanker_truck,0.1845081
509.0316,PROPS_WhiteFreightliner_V2:ctrl_tanker_truck,0.1896465
509.0427,PROPS_WhiteFreightliner_V2:ctrl_tanker_truck,0.1868934
509.0537,PROPS_WhiteFreightliner_V2:ctrl_tanker_truck,0.189167
509.0648,PROPS_WhiteFreightliner_V2:ctrl_tanker_truck,0.1876807
509.076,PROPS_WhiteFreightliner_V2:ctrl_tanker_truck,0.1829394
509.0869,PROPS_WhiteFreightliner_V2:ctrl_tanker_truck,0.1830778
509.0983,PROPS_WhiteFreightliner_V2:ctrl_tanker_truck,0.1848789
509.1093,PROPS_WhiteFreightliner_V2:ctrl_tanker_truck,0.1978805
509.1203,PROPS_WhiteFreightliner_V2:ctrl_tanker_truck,0.2123292
509.1315,PROPS_WhiteFreightliner_V2:ctrl_tanker_truck,0.2427871
509.1429,PROPS_WhiteFreightliner_V2:ctrl_tanker_truck,0.2912815
509.1538,PROPS_WhiteFreightliner_V2:ctrl_tanker_truck,0.3245636
509.1649,PROPS_WhiteFreightliner_V2:ctrl_tanker_truck,0.3427941
509.1759,PROPS_WhiteFreightliner_V2:ctrl_tanker_truck,0.3445811
509.1871,PROPS_WhiteFreightliner_V2:ctrl_tanker_truck,0.3364085
509.1986,PROPS_WhiteFreightliner_V2:ctrl_tanker_truck,0.337009
509.2091,PROPS_WhiteFreightliner_V2:ctrl_tanker_truck,0.3364426
509.2203,PROPS_WhiteFreightliner_V2:ctrl_tanker_truck,0.3406647
509.2314,PROPS_WhiteFreightliner_V2:ctrl_tanker_truck,0.3527372
509.2426,PROPS_WhiteFreightliner_V2:ctrl_tanker_truck,0.3680461
509.2535,PROPS_WhiteFreightliner_V2:ctrl_tanker_truck,0.3792464
509.2648,PROPS_WhiteFreightliner_V2:ctrl_tanker_truck,0.3839961
509.2758,PROPS_WhiteFreightliner_V2:ctrl_tanker_truck,0.3873686
509.2872,PROPS_WhiteFreightliner_V2:ctrl_tanker_truck,0.3921895
509.298,PROPS_WhiteFreightliner_V2:ctrl_tanker_truck,0.4006425
509.3092,PROPS_WhiteFreightliner_V2:ctrl_tanker_truck,0.403222
509.3202,PROPS_WhiteFreightliner_V2:ctrl_tanker_truck,0.4076958
509.3315,PROPS_WhiteFreightliner_V2:ctrl_tanker_truck,0.4011784
509.3425,PROPS_WhiteFreightliner_V2:ctrl_tanker_truck,0.4025792
509.3539,PROPS_WhiteFreightliner_V2:ctrl_tanker_truck,0.3825799
509.3646,PROPS_WhiteFreightliner_V2:ctrl_tanker_truck,0.3733665
509.3757,PROPS_WhiteFreightliner_V2:ctrl_tanker_truck,0.3606777
509.3871,PROPS_WhiteFreightliner_V2:ctrl_tanker_truck,0.3473578
509.3979,PROPS_WhiteFreightliner_V2:ctrl_tanker_truck,0.335302
509.4091,PROPS_WhiteFreightliner_V2:ctrl_tanker_truck,0.3370981
509.4201,PROPS_WhiteFreightliner_V2:ctrl_tanker_truck,0.3394623
509.4314,PROPS_WhiteFreightliner_V2:ctrl_tanker_truck,0.3469858
509.4424,PROPS_WhiteFreightliner_V2:ctrl_tanker_truck,0.3535358
509.4536,PROPS_WhiteFreightliner_V2:ctrl_tanker_truck,0.3638292
509.4647,PROPS_WhiteFreightliner_V2:ctrl_tanker_truck,0.3760601
509.4758,PROPS_WhiteFreightliner_V2:ctrl_tanker_truck,0.3833658
509.4868,PROPS_WhiteFreightliner_V2:ctrl_tanker_truck,0.3951428
509.498,PROPS_WhiteFreightliner_V2:ctrl_tanker_truck,0.4007112
509.5092,PROPS_WhiteFreightliner_V2:ctrl_tanker_truck,0.4126908
509.5203,PROPS_WhiteFreightliner_V2:ctrl_tanker_truck,0.4259859
509.5312,PROPS_WhiteFreightliner_V2:ctrl_tanker_truck,0.4477428
509.5424,PROPS_WhiteFreightliner_V2:ctrl_tanker_truck,0.4728045
509.5536,PROPS_WhiteFreightliner_V2:ctrl_tanker_truck,0.4871631
509.5649,PROPS_WhiteFreightliner_V2:ctrl_tanker_truck,0.5104263
509.5758,PROPS_WhiteFreightliner_V2:ctrl_tanker_truck,0.5146912
509.5869,PROPS_WhiteFreightliner_V2:ctrl_tanker_truck,0.5098451
509.5979,PROPS_WhiteFreightliner_V2:ctrl_tanker_truck,0.4821209
509.6092,PROPS_WhiteFreightliner_V2:ctrl_tanker_truck,0.4516986
509.6201,PROPS_WhiteFreightliner_V2:ctrl_tanker_truck,0.4124756
509.6313,PROPS_WhiteFreightliner_V2:ctrl_tanker_truck,0.3895532
509.6422,PROPS_WhiteFreightliner_V2:ctrl_tanker_truck,0.3839732
509.6534,PROPS_WhiteFreightliner_V2:ctrl_tanker_truck,0.3762038
509.6646,PROPS_WhiteFreightliner_V2:ctrl_tanker_truck,0.3780557
509.6758,PROPS_WhiteFreightliner_V2:ctrl_tanker_truck,0.3734887
509.6869,PROPS_WhiteFreightliner_V2:ctrl_tanker_truck,0.3640076
509.6985,PROPS_WhiteFreightliner_V2:ctrl_tanker_truck,0.3563044
509.709,PROPS_WhiteFreightliner_V2:ctrl_tanker_truck,0.3263761
509.7201,PROPS_WhiteFreightliner_V2:ctrl_tanker_truck,0.2911501
509.7311,PROPS_WhiteFreightliner_V2:ctrl_tanker_truck,0.2519668
509.7423,PROPS_WhiteFreightliner_V2:ctrl_tanker_truck,0.2164276
509.7539,PROPS_WhiteFreightliner_V2:ctrl_tanker_truck,0.1977705
509.7646,PROPS_WhiteFreightliner_V2:ctrl_tanker_truck,0.1924994
509.7757,PROPS_WhiteFreightliner_V2:ctrl_tanker_truck,0.183267
509.7867,PROPS_WhiteFreightliner_V2:ctrl_tanker_truck,0.1875579
509.7979,PROPS_WhiteFreightliner_V2:ctrl_tanker_truck,0.1990879
509.8088,PROPS_WhiteFreightliner_V2:ctrl_tanker_truck,0.2152381
509.8201,PROPS_WhiteFreightliner_V2:ctrl_tanker_truck,0.236042
509.8311,PROPS_WhiteFreightliner_V2:ctrl_tanker_truck,0.2456799
509.8423,PROPS_WhiteFreightliner_V2:ctrl_tanker_truck,0.246361
509.8533,PROPS_WhiteFreightliner_V2:ctrl_tanker_truck,0.2448896
509.8643,PROPS_WhiteFreightliner_V2:ctrl_tanker_truck,0.2246408
509.8755,PROPS_WhiteFreightliner_V2:ctrl_tanker_truck,0.2071
509.887,PROPS_WhiteFreightliner_V2:ctrl_tanker_truck,0.1996648
509.8978,PROPS_WhiteFreightliner_V2:ctrl_tanker_truck,0.2082558
509.9091,PROPS_WhiteFreightliner_V2:ctrl_tanker_truck,0.2319424
509.9201,PROPS_WhiteFreightliner_V2:ctrl_tanker_truck,0.2590911
509.9313,PROPS_WhiteFreightliner_V2:ctrl_tanker_truck,0.2820702
509.9422,PROPS_WhiteFreightliner_V2:ctrl_tanker_truck,0.2987306
509.9535,PROPS_WhiteFreightliner_V2:ctrl_tanker_truck,0.3073085
509.9644,PROPS_WhiteFreightliner_V2:ctrl_tanker_truck,0.2979555
509.9757,PROPS_WhiteFreightliner_V2:ctrl_tanker_truck,0.2809091
509.9867,PROPS_WhiteFreightliner_V2:ctrl_tanker_truck,0.2608688
509.9978,PROPS_WhiteFreightliner_V2:ctrl_tanker_truck,0.2364418
510.0089,PROPS_WhiteFreightliner_V2:ctrl_tanker_truck,0.2103657
510.0199,PROPS_WhiteFreightliner_V2:ctrl_tanker_truck,0.1929862
510.0312,PROPS_WhiteFreightliner_V2:ctrl_tanker_truck,0.1713317
510.0421,PROPS_WhiteFreightliner_V2:ctrl_tanker_truck,0.136511
510.0534,PROPS_WhiteFreightliner_V2:ctrl_tanker_truck,0.1118204
510.0643,PROPS_WhiteFreightliner_V2:ctrl_tanker_truck,0.09306005
510.0756,PROPS_WhiteFreightliner_V2:ctrl_tanker_truck,0.0797113
510.0866,PROPS_WhiteFreightliner_V2:ctrl_tanker_truck,0.0813557
510.0978,PROPS_WhiteFreightliner_V2:ctrl_tanker_truck,0.08126435
510.1089,PROPS_WhiteFreightliner_V2:ctrl_tanker_truck,0.09150566
510.1201,PROPS_WhiteFreightliner_V2:ctrl_tanker_truck,0.086566
510.1312,PROPS_WhiteFreightliner_V2:ctrl_tanker_truck,0.09061714
510.1422,PROPS_WhiteFreightliner_V2:ctrl_tanker_truck,0.1184743
510.1536,PROPS_WhiteFreightliner_V2:ctrl_tanker_truck,0.1439133
510.1644,PROPS_WhiteFreightliner_V2:ctrl_tanker_truck,0.17838
510.1756,PROPS_WhiteFreightliner_V2:ctrl_tanker_truck,0.189893
510.1866,PROPS_WhiteFreightliner_V2:ctrl_tanker_truck,0.1861989
510.1979,PROPS_WhiteFreightliner_V2:ctrl_tanker_truck,0.1806473
510.2088,PROPS_WhiteFreightliner_V2:ctrl_tanker_truck,0.1809491
510.2199,PROPS_WhiteFreightliner_V2:ctrl_tanker_truck,0.1908551
510.2314,PROPS_WhiteFreightliner_V2:ctrl_tanker_truck,0.2113261
510.2422,PROPS_WhiteFreightliner_V2:ctrl_tanker_truck,0.2304513
510.2533,PROPS_WhiteFreightliner_V2:ctrl_tanker_truck,0.2197912
510.2644,Nullreference,0.2055154
510.2755,Nullreference,0.2392544
510.2869,Nullreference,0.2742131
510.2977,Nullreference,0.3350473
510.3088,Nullreference,0.3763632
510.3199,PROPS_WhiteFreightliner_V2:ctrl_tanker_truck,0.3881233
510.3311,PROPS_WhiteFreightliner_V2:ctrl_tanker_truck,0.3744844
510.342,PROPS_WhiteFreightliner_V2:ctrl_tanker_truck,0.403696
510.3533,PROPS_WhiteFreightliner_V2:ctrl_tanker_truck,0.344828
510.3643,PROPS_WhiteFreightliner_V2:ctrl_tanker_truck,0.4008357
510.3754,PROPS_WhiteFreightliner_V2:ctrl_tanker_truck,0.4293587
510.3867,PROPS_WhiteFreightliner_V2:ctrl_tanker_truck,0.4177474
510.3978,PROPS_WhiteFreightliner_V2:ctrl_tanker_truck,0.4206466
510.4089,PROPS_WhiteFreightliner_V2:ctrl_tanker_truck,0.410266
510.4197,PROPS_WhiteFreightliner_V2:ctrl_tanker_truck,0.4094456
510.431,PROPS_WhiteFreightliner_V2:ctrl_tanker_truck,0.4028228
510.4424,PROPS_WhiteFreightliner_V2:ctrl_tanker_truck,0.3876192
510.4531,PROPS_WhiteFreightliner_V2:ctrl_tanker_truck,0.3935956
510.4644,PROPS_WhiteFreightliner_V2:ctrl_tanker_truck,0.3665012
510.4754,PROPS_WhiteFreightliner_V2:ctrl_tanker_truck,0.3246086
510.4864,PROPS_WhiteFreightliner_V2:ctrl_tanker_truck,0.2965237
510.4976,PROPS_WhiteFreightliner_V2:ctrl_tanker_truck,0.2795411
510.5087,PROPS_WhiteFreightliner_V2:ctrl_tanker_truck,0.1840032
510.5199,PROPS_WhiteFreightliner_V2:ctrl_tanker_truck,0.2130226
510.5308,PROPS_WhiteFreightliner_V2:ctrl_tanker_truck,0.2716942
510.5421,PROPS_WhiteFreightliner_V2:ctrl_tanker_truck,0.3763294
510.553,PROPS_WhiteFreightliner_V2:ctrl_tanker_truck,0.3286378
510.5642,PROPS_WhiteFreightliner_V2:ctrl_tanker_truck,0.2992149
510.5753,PROPS_WhiteFreightliner_V2:ctrl_tanker_truck,0.3117617
510.5863,PROPS_WhiteFreightliner_V2:ctrl_tanker_truck,0.3260032
510.5981,PROPS_WhiteFreightliner_V2:ctrl_tanker_truck,0.3358419
510.6086,PROPS_WhiteFreightliner_V2:ctrl_tanker_truck,0.3217057
510.6197,PROPS_WhiteFreightliner_V2:ctrl_tanker_truck,0.3021006
510.631,PROPS_WhiteFreightliner_V2:ctrl_tanker_truck,0.2703565
510.6419,PROPS_WhiteFreightliner_V2:ctrl_tanker_truck,0.245433
510.6531,PROPS_WhiteFreightliner_V2:ctrl_tanker_truck,0.2112983
510.6643,PROPS_WhiteFreightliner_V2:ctrl_tanker_truck,0.187931
510.6754,PROPS_WhiteFreightliner_V2:ctrl_tanker_truck,0.1711072
510.6864,PROPS_WhiteFreightliner_V2:ctrl_tanker_truck,0.1670056
510.6976,PROPS_WhiteFreightliner_V2:ctrl_tanker_truck,0.1532171
510.7086,PROPS_WhiteFreightliner_V2:ctrl_tanker_truck,0.1568113
510.7198,PROPS_WhiteFreightliner_V2:ctrl_tanker_truck,0.1562571
510.7307,PROPS_WhiteFreightliner_V2:ctrl_tanker_truck,0.1564926
510.742,PROPS_WhiteFreightliner_V2:ctrl_tanker_truck,0.1620822
510.753,PROPS_WhiteFreightliner_V2:ctrl_tanker_truck,0.1662552
510.7642,PROPS_WhiteFreightliner_V2:ctrl_tanker_truck,0.1651023
510.7752,PROPS_WhiteFreightliner_V2:ctrl_tanker_truck,0.1647088
510.7865,PROPS_WhiteFreightliner_V2:ctrl_tanker_truck,0.1596566
510.7974,PROPS_WhiteFreightliner_V2:ctrl_tanker_truck,0.1511253
510.8086,PROPS_WhiteFreightliner_V2:ctrl_tanker_truck,0.143672
510.8197,PROPS_WhiteFreightliner_V2:ctrl_tanker_truck,0.1450287
510.8307,PROPS_WhiteFreightliner_V2:ctrl_tanker_truck,0.1492637
510.8419,PROPS_WhiteFreightliner_V2:ctrl_tanker_truck,0.1521059
510.853,PROPS_WhiteFreightliner_V2:ctrl_tanker_truck,0.1624649
510.8641,PROPS_WhiteFreightliner_V2:ctrl_tanker_truck,0.1787778
510.8753,PROPS_WhiteFreightliner_V2:ctrl_tanker_truck,0.1938806
510.8864,PROPS_WhiteFreightliner_V2:ctrl_tanker_truck,0.2125868
510.8976,PROPS_WhiteFreightliner_V2:ctrl_tanker_truck,0.2356697
510.9085,PROPS_WhiteFreightliner_V2:ctrl_tanker_truck,0.2561836
510.9198,PROPS_WhiteFreightliner_V2:ctrl_tanker_truck,0.2842155
510.9308,PROPS_WhiteFreightliner_V2:ctrl_tanker_truck,0.3211777
510.942,PROPS_WhiteFreightliner_V2:ctrl_tanker_truck,0.3634447
510.9533,PROPS_WhiteFreightliner_V2:ctrl_tanker_truck,0.4050524
510.9641,PROPS_WhiteFreightliner_V2:ctrl_tanker_truck,0.4507273
510.9753,PROPS_WhiteFreightliner_V2:ctrl_tanker_truck,0.4753851
510.9862,PROPS_WhiteFreightliner_V2:ctrl_tanker_truck,0.4840671
510.9977,PROPS_WhiteFreightliner_V2:ctrl_tanker_truck,0.4958451
511.0085,PROPS_WhiteFreightliner_V2:ctrl_tanker_truck,0.4933312
511.0197,PROPS_WhiteFreightliner_V2:ctrl_tanker_truck,0.4842561
511.031,PROPS_WhiteFreightliner_V2:ctrl_tanker_truck,0.4669915
511.042,PROPS_WhiteFreightliner_V2:ctrl_tanker_truck,0.4614284
511.0529,PROPS_WhiteFreightliner_V2:ctrl_tanker_truck,0.4463995
511.064,PROPS_WhiteFreightliner_V2:ctrl_tanker_truck,0.4403261
511.0751,PROPS_WhiteFreightliner_V2:ctrl_tanker_truck,0.4400182
511.0863,PROPS_WhiteFreightliner_V2:ctrl_tanker_truck,0.4452031
511.0975,PROPS_WhiteFreightliner_V2:ctrl_tanker_truck,0.4442331
511.1084,PROPS_WhiteFreightliner_V2:ctrl_tanker_truck,0.447102
511.1195,PROPS_WhiteFreightliner_V2:ctrl_tanker_truck,0.4515619
511.1306,PROPS_WhiteFreightliner_V2:ctrl_tanker_truck,0.4521765
511.1418,PROPS_WhiteFreightliner_V2:ctrl_tanker_truck,0.4556194
511.153,PROPS_WhiteFreightliner_V2:ctrl_tanker_truck,0.4581074
511.1639,PROPS_WhiteFreightliner_V2:ctrl_tanker_truck,0.4545841
511.1752,PROPS_WhiteFreightliner_V2:ctrl_tanker_truck,0.4456351
511.1864,PROPS_WhiteFreightliner_V2:ctrl_tanker_truck,0.4311117
511.1974,PROPS_WhiteFreightliner_V2:ctrl_tanker_truck,0.4119516
511.2084,PROPS_WhiteFreightliner_V2:ctrl_tanker_truck,0.3874703
511.2196,PROPS_WhiteFreightliner_V2:ctrl_tanker_truck,0.3614565
511.2309,PROPS_WhiteFreightliner_V2:ctrl_tanker_truck,0.327741
511.2419,PROPS_WhiteFreightliner_V2:ctrl_tanker_truck,0.2873498
511.253,PROPS_WhiteFreightliner_V2:ctrl_tanker_truck,0.2545316
511.264,PROPS_WhiteFreightliner_V2:ctrl_tanker_truck,0.2293641
511.2751,PROPS_WhiteFreightliner_V2:ctrl_tanker_truck,0.2042135
511.2862,PROPS_WhiteFreightliner_V2:ctrl_tanker_truck,0.193163
511.2973,PROPS_WhiteFreightliner_V2:ctrl_tanker_truck,0.1801777
511.3085,PROPS_WhiteFreightliner_V2:ctrl_tanker_truck,0.1726722
511.3196,PROPS_WhiteFreightliner_V2:ctrl_tanker_truck,0.1703512
511.3306,PROPS_WhiteFreightliner_V2:ctrl_tanker_truck,0.1697048
511.3421,PROPS_WhiteFreightliner_V2:ctrl_tanker_truck,0.1705775
511.3528,PROPS_WhiteFreightliner_V2:ctrl_tanker_truck,0.1658174
511.3639,PROPS_WhiteFreightliner_V2:ctrl_tanker_truck,0.155904
511.3751,PROPS_WhiteFreightliner_V2:ctrl_tanker_truck,0.1529634
511.386,PROPS_WhiteFreightliner_V2:ctrl_tanker_truck,0.1481976
511.3973,PROPS_WhiteFreightliner_V2:ctrl_tanker_truck,0.1562141
511.4083,PROPS_WhiteFreightliner_V2:ctrl_tanker_truck,0.1449759
511.4197,PROPS_WhiteFreightliner_V2:ctrl_tanker_truck,0.1100378
511.4307,PROPS_WhiteFreightliner_V2:ctrl_tanker_truck,0.07846276
511.4418,PROPS_WhiteFreightliner_V2:ctrl_tanker_truck,0.07171968
511.4527,PROPS_WhiteFreightliner_V2:ctrl_tanker_truck,0.0757604
511.4639,PROPS_WhiteFreightliner_V2:ctrl_tanker_truck,0.09009411
511.4749,PROPS_WhiteFreightliner_V2:ctrl_tanker_truck,0.08295573
511.4859,PROPS_WhiteFreightliner_V2:ctrl_tanker_truck,0.07481942
511.4973,PROPS_WhiteFreightliner_V2:ctrl_tanker_truck,0.0612608
511.5082,PROPS_WhiteFreightliner_V2:ctrl_tanker_truck,0.05443219
511.5194,PROPS_WhiteFreightliner_V2:ctrl_tanker_truck,0.04897006
511.5304,PROPS_WhiteFreightliner_V2:ctrl_tanker_truck,0.07366028
511.5416,PROPS_WhiteFreightliner_V2:ctrl_tanker_truck,0.08584933
511.5528,PROPS_WhiteFreightliner_V2:ctrl_tanker_truck,0.1140765
511.5638,PROPS_WhiteFreightliner_V2:ctrl_tanker_truck,0.13006
511.575,PROPS_WhiteFreightliner_V2:ctrl_tanker_truck,0.1415408
511.586,PROPS_WhiteFreightliner_V2:ctrl_tanker_truck,0.1476739
511.5973,PROPS_WhiteFreightliner_V2:ctrl_tanker_truck,0.1477115
511.6082,PROPS_WhiteFreightliner_V2:ctrl_tanker_truck,0.1487229
511.6194,PROPS_WhiteFreightliner_V2:ctrl_tanker_truck,0.1470201
511.6307,PROPS_WhiteFreightliner_V2:ctrl_tanker_truck,0.1422236
511.6416,PROPS_WhiteFreightliner_V2:ctrl_tanker_truck,0.1387805
511.6526,PROPS_WhiteFreightliner_V2:ctrl_tanker_truck,0.1426506
511.6638,PROPS_WhiteFreightliner_V2:ctrl_tanker_truck,0.1446047
511.6751,PROPS_WhiteFreightliner_V2:ctrl_tanker_truck,0.1482984
511.6861,PROPS_WhiteFreightliner_V2:ctrl_tanker_truck,0.1527653
511.6974,PROPS_WhiteFreightliner_V2:ctrl_tanker_truck,0.1554346
511.7084,PROPS_WhiteFreightliner_V2:ctrl_tanker_truck,0.1618473
511.7195,PROPS_WhiteFreightliner_V2:ctrl_tanker_truck,0.1773662
511.7305,PROPS_WhiteFreightliner_V2:ctrl_tanker_truck,0.1915146
511.7416,PROPS_WhiteFreightliner_V2:ctrl_tanker_truck,0.1998879
511.7528,PROPS_WhiteFreightliner_V2:ctrl_tanker_truck,0.2084525
511.7639,PROPS_WhiteFreightliner_V2:ctrl_tanker_truck,0.2086952
511.7754,PROPS_WhiteFreightliner_V2:ctrl_tanker_truck,0.2081984
511.786,PROPS_WhiteFreightliner_V2:ctrl_tanker_truck,0.2069699
511.7972,PROPS_WhiteFreightliner_V2:ctrl_tanker_truck,0.1908936
511.8083,PROPS_WhiteFreightliner_V2:ctrl_tanker_truck,0.1802401
511.8194,PROPS_WhiteFreightliner_V2:ctrl_tanker_truck,0.1605552
511.8305,PROPS_WhiteFreightliner_V2:ctrl_tanker_truck,0.1468657
511.8415,PROPS_WhiteFreightliner_V2:ctrl_tanker_truck,0.1250424
511.8527,PROPS_WhiteFreightliner_V2:ctrl_tanker_truck,0.1124952
511.8638,PROPS_WhiteFreightliner_V2:ctrl_tanker_truck,0.08376095
511.8749,PROPS_WhiteFreightliner_V2:ctrl_tanker_truck,0.06538095
511.8859,PROPS_WhiteFreightliner_V2:ctrl_tanker_truck,0.05204382
511.897,PROPS_WhiteFreightliner_V2:ctrl_tanker_truck,0.04127632
511.9082,PROPS_WhiteFreightliner_V2:ctrl_tanker_truck,0.04397539
511.9193,PROPS_WhiteFreightliner_V2:ctrl_tanker_truck,0.05109069
511.9304,PROPS_WhiteFreightliner_V2:ctrl_tanker_truck,0.06858389
511.9415,PROPS_WhiteFreightliner_V2:ctrl_tanker_truck,0.07507865
511.9527,PROPS_WhiteFreightliner_V2:ctrl_tanker_truck,0.0885846
511.9637,PROPS_WhiteFreightliner_V2:ctrl_tanker_truck,0.0936427
511.9748,PROPS_WhiteFreightliner_V2:ctrl_tanker_truck,0.09850247
511.9858,PROPS_WhiteFreightliner_V2:ctrl_tanker_truck,0.1039164
511.9973,PROPS_WhiteFreightliner_V2:ctrl_tanker_truck,0.1060239
512.0081,PROPS_WhiteFreightliner_V2:ctrl_tanker_truck,0.1089278
512.0193,PROPS_WhiteFreightliner_V2:ctrl_tanker_truck,0.1076572
512.0305,PROPS_WhiteFreightliner_V2:ctrl_tanker_truck,0.1123767
512.0416,PROPS_WhiteFreightliner_V2:ctrl_tanker_truck,0.1145849
512.0526,PROPS_WhiteFreightliner_V2:ctrl_tanker_truck,0.1202051
512.0638,PROPS_WhiteFreightliner_V2:ctrl_tanker_truck,0.1289044
512.0748,PROPS_WhiteFreightliner_V2:ctrl_tanker_truck,0.1375423
512.0859,PROPS_WhiteFreightliner_V2:ctrl_tanker_truck,0.1421534
512.0973,PROPS_WhiteFreightliner_V2:ctrl_tanker_truck,0.1428471
512.1082,PROPS_WhiteFreightliner_V2:ctrl_tanker_truck,0.1426512
512.1192,PROPS_WhiteFreightliner_V2:ctrl_tanker_truck,0.1413385
512.1304,PROPS_WhiteFreightliner_V2:ctrl_tanker_truck,0.1449799
512.1415,PROPS_WhiteFreightliner_V2:ctrl_tanker_truck,0.1437328
512.1528,PROPS_WhiteFreightliner_V2:ctrl_tanker_truck,0.1432702
512.1636,PROPS_WhiteFreightliner_V2:ctrl_tanker_truck,0.1407121
512.1749,PROPS_WhiteFreightliner_V2:ctrl_tanker_truck,0.1396902
512.1862,PROPS_WhiteFreightliner_V2:ctrl_tanker_truck,0.1417141
512.1973,PROPS_WhiteFreightliner_V2:ctrl_tanker_truck,0.1435497
512.2081,PROPS_WhiteFreightliner_V2:ctrl_tanker_truck,0.1468506
512.2192,PROPS_WhiteFreightliner_V2:ctrl_tanker_truck,0.1483721
512.2302,PROPS_WhiteFreightliner_V2:ctrl_tanker_truck,0.1554696
512.2413,PROPS_WhiteFreightliner_V2:ctrl_tanker_truck,0.1611034
512.2525,PROPS_WhiteFreightliner_V2:ctrl_tanker_truck,0.1681197
512.2635,PROPS_WhiteFreightliner_V2:ctrl_tanker_truck,0.1599059
512.2748,PROPS_WhiteFreightliner_V2:ctrl_tanker_truck,0.1668809
512.2857,PROPS_WhiteFreightliner_V2:ctrl_tanker_truck,0.1616896
512.297,PROPS_WhiteFreightliner_V2:ctrl_tanker_truck,0.1606209
512.308,PROPS_WhiteFreightliner_V2:ctrl_tanker_truck,0.1599315
512.3191,PROPS_WhiteFreightliner_V2:ctrl_tanker_truck,0.1549498
512.3303,PROPS_WhiteFreightliner_V2:ctrl_tanker_truck,0.1529129
512.3414,PROPS_WhiteFreightliner_V2:ctrl_tanker_truck,0.1392672
512.3524,PROPS_WhiteFreightliner_V2:ctrl_tanker_truck,0.1301035
512.3635,PROPS_WhiteFreightliner_V2:ctrl_tanker_truck,0.1188027
512.3746,PROPS_WhiteFreightliner_V2:ctrl_tanker_truck,0.1053537
512.3858,PROPS_WhiteFreightliner_V2:ctrl_tanker_truck,0.09635763
512.397,PROPS_WhiteFreightliner_V2:ctrl_tanker_truck,0.08974565
512.408,PROPS_WhiteFreightliner_V2:ctrl_tanker_truck,0.07854442
512.419,PROPS_WhiteFreightliner_V2:ctrl_tanker_truck,0.07601199
512.4303,PROPS_WhiteFreightliner_V2:ctrl_tanker_truck,0.07100917
512.4412,PROPS_WhiteFreightliner_V2:ctrl_tanker_truck,0.06423157
512.4523,PROPS_WhiteFreightliner_V2:ctrl_tanker_truck,0.07103717
512.4642,PROPS_WhiteFreightliner_V2:ctrl_tanker_truck,0.06911691
512.4745,PROPS_WhiteFreightliner_V2:ctrl_tanker_truck,0.07371208
512.4856,PROPS_WhiteFreightliner_V2:ctrl_tanker_truck,0.07583175
512.497,PROPS_WhiteFreightliner_V2:ctrl_tanker_truck,0.0896996
512.5079,PROPS_WhiteFreightliner_V2:ctrl_tanker_truck,0.1008563
512.519,PROPS_WhiteFreightliner_V2:ctrl_tanker_truck,0.1037427
512.5303,PROPS_WhiteFreightliner_V2:ctrl_tanker_truck,0.1132717
512.5413,PROPS_WhiteFreightliner_V2:ctrl_tanker_truck,0.1061682
512.5523,PROPS_WhiteFreightliner_V2:ctrl_tanker_truck,0.09351295
512.5635,PROPS_WhiteFreightliner_V2:ctrl_tanker_truck,0.08472414
512.5745,PROPS_WhiteFreightliner_V2:ctrl_tanker_truck,0.07450546
512.5858,PROPS_WhiteFreightliner_V2:ctrl_tanker_truck,0.07456866
512.5973,PROPS_WhiteFreightliner_V2:ctrl_tanker_truck,0.0717078
512.6079,PROPS_WhiteFreightliner_V2:ctrl_tanker_truck,0.07309796
512.6189,PROPS_WhiteFreightliner_V2:ctrl_tanker_truck,0.07517727
512.6302,PROPS_WhiteFreightliner_V2:ctrl_tanker_truck,0.0802127
512.6413,PROPS_WhiteFreightliner_V2:ctrl_tanker_truck,0.09249169
512.6522,PROPS_WhiteFreightliner_V2:ctrl_tanker_truck,0.1057653
512.6639,PROPS_WhiteFreightliner_V2:ctrl_tanker_truck,0.1168974
512.6746,PROPS_WhiteFreightliner_V2:ctrl_tanker_truck,0.1274541
512.6855,PROPS_WhiteFreightliner_V2:ctrl_tanker_truck,0.1346061
512.6967,PROPS_WhiteFreightliner_V2:ctrl_tanker_truck,0.1466709
512.7077,PROPS_WhiteFreightliner_V2:ctrl_tanker_truck,0.154857
512.7191,PROPS_WhiteFreightliner_V2:ctrl_tanker_truck,0.1655581
512.73,PROPS_WhiteFreightliner_V2:ctrl_tanker_truck,0.1644886
512.7412,PROPS_WhiteFreightliner_V2:ctrl_tanker_truck,0.1711163
512.7523,PROPS_WhiteFreightliner_V2:ctrl_tanker_truck,0.1737663
512.7635,PROPS_WhiteFreightliner_V2:ctrl_tanker_truck,0.1741389
512.7743,PROPS_WhiteFreightliner_V2:ctrl_tanker_truck,0.1752024
512.7855,PROPS_WhiteFreightliner_V2:ctrl_tanker_truck,0.1739191
512.7968,PROPS_WhiteFreightliner_V2:ctrl_tanker_truck,0.1739317
512.8077,PROPS_WhiteFreightliner_V2:ctrl_tanker_truck,0.1728182
512.8187,PROPS_WhiteFreightliner_V2:ctrl_tanker_truck,0.1807587
512.83,PROPS_WhiteFreightliner_V2:ctrl_tanker_truck,0.1909972
512.8411,PROPS_WhiteFreightliner_V2:ctrl_tanker_truck,0.2114265
512.852,PROPS_WhiteFreightliner_V2:ctrl_tanker_truck,0.2315958
512.8633,PROPS_WhiteFreightliner_V2:ctrl_tanker_truck,0.2575537
512.8744,PROPS_WhiteFreightliner_V2:ctrl_tanker_truck,0.2785855
512.8855,PROPS_WhiteFreightliner_V2:ctrl_tanker_truck,0.3032499
512.8967,PROPS_WhiteFreightliner_V2:ctrl_tanker_truck,0.3242875
512.9077,PROPS_WhiteFreightliner_V2:ctrl_tanker_truck,0.3306813
512.9188,PROPS_WhiteFreightliner_V2:ctrl_tanker_truck,0.3342249
512.9298,PROPS_WhiteFreightliner_V2:ctrl_tanker_truck,0.3298996
512.9409,PROPS_WhiteFreightliner_V2:ctrl_tanker_truck,0.3192422
512.9522,PROPS_WhiteFreightliner_V2:ctrl_tanker_truck,0.306668
512.9634,PROPS_WhiteFreightliner_V2:ctrl_tanker_truck,0.2891078
512.9743,PROPS_WhiteFreightliner_V2:ctrl_tanker_truck,0.2721244
512.9855,PROPS_WhiteFreightliner_V2:ctrl_tanker_truck,0.2473674
512.9968,PROPS_WhiteFreightliner_V2:ctrl_tanker_truck,0.2297483
513.0076,PROPS_WhiteFreightliner_V2:ctrl_tanker_truck,0.2175695
513.0187,PROPS_WhiteFreightliner_V2:ctrl_tanker_truck,0.2115654
513.0308,PROPS_WhiteFreightliner_V2:ctrl_tanker_truck,0.2104391
513.0411,PROPS_WhiteFreightliner_V2:ctrl_tanker_truck,0.2011337
513.0521,PROPS_WhiteFreightliner_V2:ctrl_tanker_truck,0.1982226
513.0632,PROPS_WhiteFreightliner_V2:ctrl_tanker_truck,0.1883799
513.0744,PROPS_WhiteFreightliner_V2:ctrl_tanker_truck,0.1812902
513.0854,PROPS_WhiteFreightliner_V2:ctrl_tanker_truck,0.1714566
513.0966,PROPS_WhiteFreightliner_V2:ctrl_tanker_truck,0.1604944
513.108,PROPS_WhiteFreightliner_V2:ctrl_tanker_truck,0.1535553
513.1189,PROPS_WhiteFreightliner_V2:ctrl_tanker_truck,0.1520354
513.1299,PROPS_WhiteFreightliner_V2:ctrl_tanker_truck,0.1557668
513.1409,PROPS_WhiteFreightliner_V2:ctrl_tanker_truck,0.1729247
513.1523,PROPS_WhiteFreightliner_V2:ctrl_tanker_truck,0.197424
513.1633,PROPS_WhiteFreightliner_V2:ctrl_tanker_truck,0.2193648
513.1744,PROPS_WhiteFreightliner_V2:ctrl_tanker_truck,0.2561838
513.1857,PROPS_WhiteFreightliner_V2:ctrl_tanker_truck,0.2882779
513.1968,PROPS_WhiteFreightliner_V2:ctrl_tanker_truck,0.3259064
513.2079,PROPS_WhiteFreightliner_V2:ctrl_tanker_truck,0.3576902
513.2188,PROPS_WhiteFreightliner_V2:ctrl_tanker_truck,0.4068218
513.2299,PROPS_WhiteFreightliner_V2:ctrl_tanker_truck,0.4514611
513.2411,PROPS_WhiteFreightliner_V2:ctrl_tanker_truck,0.5114566
513.252,PROPS_WhiteFreightliner_V2:ctrl_tanker_truck,0.5778631
513.2632,PROPS_WhiteFreightliner_V2:ctrl_tanker_truck,0.6588104
513.2745,PROPS_WhiteFreightliner_V2:ctrl_tanker_truck,0.7434091
513.2855,PROPS_WhiteFreightliner_V2:ctrl_tanker_truck,0.8373585
513.2968,PROPS_WhiteFreightliner_V2:ctrl_tanker_truck,0.9074616
513.3077,PROPS_WhiteFreightliner_V2:ctrl_tanker_truck,0.9543676
513.319,PROPS_WhiteFreightliner_V2:ctrl_tanker_truck,0.964816
513.3299,PROPS_WhiteFreightliner_V2:ctrl_tanker_truck,0.963133
513.3412,PROPS_WhiteFreightliner_V2:ctrl_tanker_truck,0.9322299
513.3524,PROPS_WhiteFreightliner_V2:ctrl_tanker_truck,0.9061515
513.3634,PROPS_WhiteFreightliner_V2:ctrl_tanker_truck,0.852272
513.3746,PROPS_WhiteFreightliner_V2:ctrl_tanker_truck,0.8133459
513.3856,PROPS_WhiteFreightliner_V2:ctrl_tanker_truck,0.750203
513.3968,PROPS_WhiteFreightliner_V2:ctrl_tanker_truck,0.6790574
513.4078,PROPS_WhiteFreightliner_V2:ctrl_tanker_truck,0.6235443
513.4188,PROPS_WhiteFreightliner_V2:ctrl_tanker_truck,0.5249771
513.43,PROPS_WhiteFreightliner_V2:ctrl_tanker_truck,0.4656405
513.441,PROPS_WhiteFreightliner_V2:ctrl_tanker_truck,0.4037434
513.4526,PROPS_WhiteFreightliner_V2:ctrl_tanker_truck,0.374954
513.4633,PROPS_WhiteFreightliner_V2:ctrl_tanker_truck,0.370817
513.4743,PROPS_WhiteFreightliner_V2:ctrl_tanker_truck,0.3894703
513.4857,PROPS_WhiteFreightliner_V2:ctrl_tanker_truck,0.4106524
513.4966,PROPS_WhiteFreightliner_V2:ctrl_tanker_truck,0.4435255
513.5077,PROPS_WhiteFreightliner_V2:ctrl_tanker_truck,0.4693297
513.5189,PROPS_WhiteFreightliner_V2:ctrl_tanker_truck,0.5050422
513.53,PROPS_WhiteFreightliner_V2:ctrl_tanker_truck,0.5368209
513.5411,PROPS_WhiteFreightliner_V2:ctrl_tanker_truck,0.5728925
513.5521,PROPS_WhiteFreightliner_V2:ctrl_tanker_truck,0.6165413
513.5634,PROPS_WhiteFreightliner_V2:ctrl_tanker_truck,0.6550066
513.5744,PROPS_WhiteFreightliner_V2:ctrl_tanker_truck,0.7142993
513.5854,PROPS_WhiteFreightliner_V2:ctrl_tanker_truck,0.7980014
513.5966,PROPS_WhiteFreightliner_V2:ctrl_tanker_truck,0.8619648
513.6079,PROPS_WhiteFreightliner_V2:ctrl_tanker_truck,0.9619307
513.6188,PROPS_WhiteFreightliner_V2:ctrl_tanker_truck,1.079412
513.6299,PROPS_WhiteFreightliner_V2:ctrl_tanker_truck,1.163943
513.6412,PROPS_WhiteFreightliner_V2:ctrl_tanker_truck,1.267409
513.6522,PROPS_WhiteFreightliner_V2:ctrl_tanker_truck,1.351188
513.6632,PROPS_WhiteFreightliner_V2:ctrl_tanker_truck,1.451454
513.6743,Nullreference,1.517737
513.6854,Nullreference,1.581304
513.6965,Nullreference,1.615727
513.7076,Nullreference,1.64831
513.7189,Nullreference,1.672927
513.7299,Nullreference,1.691381
513.7411,Nullreference,1.701387
513.7521,Nullreference,1.708519
513.7632,Nullreference,1.70893
513.7742,Nullreference,1.711229
513.7859,Nullreference,1.697646
513.7967,Nullreference,1.684758
513.8085,Nullreference,1.666165
513.8187,Nullreference,1.636524
513.8298,Nullreference,1.629222
513.841,Nullreference,1.624428
513.8521,Nullreference,1.629203
513.863,Nullreference,1.617824
513.8743,Nullreference,1.596814
513.8857,Nullreference,1.578466
513.8964,Nullreference,1.555231
513.9076,Nullreference,1.547366
513.9186,Nullreference,1.548399
513.9297,Nullreference,1.563348
513.9408,Nullreference,1.585418
513.952,Nullreference,1.605296
513.9631,Nullreference,1.618429
513.9741,Nullreference,1.624418
513.9852,Nullreference,1.618493
513.9963,Nullreference,1.596934
514.0074,Nullreference,1.55543
514.0185,Nullreference,1.500298
514.0296,Nullreference,1.430871
514.0406,Nullreference,1.360206
514.0521,Nullreference,1.303171
514.0627,Nullreference,1.235023
514.0739,Nullreference,1.171728
514.085,Nullreference,1.094116
514.0959,Nullreference,1.005907
514.107,Nullreference,0.9447048
514.1181,Nullreference,0.8613343
514.129,Nullreference,0.7925071
514.1403,Nullreference,0.7170455
514.1516,Nullreference,0.6624217
514.1625,Nullreference,0.6083883
514.1736,Nullreference,0.5624335
514.185,Nullreference,0.5360364
514.1959,Nullreference,0.5059447
514.2068,Nullreference,0.4847196
514.218,Nullreference,0.4654354
514.229,Nullreference,0.4470557
514.2401,Nullreference,0.430025
514.2512,Nullreference,0.4074324
514.2626,Nullreference,0.3870039
514.2734,Nullreference,0.3553052
514.2845,Nullreference,0.3276967
514.2957,Nullreference,0.2920575
514.3068,Nullreference,0.2498196
514.3179,Nullreference,0.2348412
514.3291,Nullreference,0.2562034
514.3401,Nullreference,0.3149256
514.3513,Nullreference,0.3986841
514.3627,Nullreference,0.4919038
514.3737,Nullreference,0.5844508
514.3847,Nullreference,0.6439671
514.3959,Nullreference,0.6965885
514.4073,Nullreference,0.7245187
514.4181,Nullreference,0.7412488
514.4294,Nullreference,0.756019
514.4404,Nullreference,0.7813405
514.4515,Nullreference,0.8059568
514.4626,Nullreference,0.8419171
514.4739,Nullreference,0.8685888
514.485,Nullreference,0.887145
514.4988,Nullreference,0.8921811
514.5072,Nullreference,0.8775472
514.5185,Nullreference,0.8384887
514.5294,Nullreference,0.7861433
514.5406,Nullreference,0.7443904
514.5518,Nullreference,0.6983569
514.5628,Nullreference,0.6642385
514.574,Nullreference,0.6345057
514.5851,Nullreference,0.6237496
514.5961,Nullreference,0.6149626
514.6072,Nullreference,0.6125889
514.6184,Nullreference,0.6125526
514.6293,Nullreference,0.6038998
514.6406,Nullreference,0.6002733
514.6522,Nullreference,0.5912922
514.6628,Nullreference,0.5926753
514.674,Nullreference,0.5913262
514.685,Nullreference,0.5872787
514.6965,Nullreference,0.5797799
514.7071,Nullreference,0.5856647
514.7183,Nullreference,0.5771329
514.7293,Nullreference,0.567745
514.7407,Nullreference,0.5513147
514.7515,Nullreference,0.5437584
514.7629,PROPS_WhiteFreightliner_V2:ctrl_tanker_truck,0.5458745
514.7738,PROPS_WhiteFreightliner_V2:ctrl_tanker_truck,0.5495016
514.7849,PROPS_WhiteFreightliner_V2:ctrl_tanker_truck,0.5600728
514.7961,PROPS_WhiteFreightliner_V2:ctrl_tanker_truck,0.5854629
514.8071,PROPS_WhiteFreightliner_V2:ctrl_tanker_truck,0.6030729
514.8181,PROPS_WhiteFreightliner_V2:ctrl_tanker_truck,0.6132734
514.8293,PROPS_WhiteFreightliner_V2:ctrl_tanker_truck,0.6161655
514.8404,PROPS_WhiteFreightliner_V2:ctrl_tanker_truck,0.6199142
514.8514,PROPS_WhiteFreightliner_V2:ctrl_tanker_truck,0.625401
514.8627,PROPS_WhiteFreightliner_V2:ctrl_tanker_truck,0.6322832
514.8737,PROPS_WhiteFreightliner_V2:ctrl_tanker_truck,0.636842
514.8848,PROPS_WhiteFreightliner_V2:ctrl_tanker_truck,0.6481444
514.896,PROPS_WhiteFreightliner_V2:ctrl_tanker_truck,0.6469044
514.907,PROPS_WhiteFreightliner_V2:ctrl_tanker_truck,0.6445923
514.9182,PROPS_WhiteFreightliner_V2:ctrl_tanker_truck,0.6533871
514.9292,PROPS_WhiteFreightliner_V2:ctrl_tanker_truck,0.6721074
514.9404,PROPS_WhiteFreightliner_V2:ctrl_tanker_truck,0.7006572
514.9514,PROPS_WhiteFreightliner_V2:ctrl_tanker_truck,0.7443311
514.9627,PROPS_WhiteFreightliner_V2:ctrl_tanker_truck,0.7795771
514.9738,PROPS_WhiteFreightliner_V2:ctrl_tanker_truck,0.8113751
514.9847,PROPS_WhiteFreightliner_V2:ctrl_tanker_truck,0.8450794
514.996,PROPS_WhiteFreightliner_V2:ctrl_tanker_truck,0.8576457
515.007,PROPS_WhiteFreightliner_V2:ctrl_tanker_truck,0.8776342
515.0182,PROPS_WhiteFreightliner_V2:ctrl_tanker_truck,0.8988568
515.0292,PROPS_WhiteFreightliner_V2:ctrl_tanker_truck,0.938383
515.0403,PROPS_WhiteFreightliner_V2:ctrl_tanker_truck,0.9873896
515.0521,PROPS_WhiteFreightliner_V2:ctrl_tanker_truck,1.042436
515.0627,Collider_Roger_State_action,1.082342
515.0737,Collider_Roger_State_action,1.115052
515.0854,Collider_Roger_State_action,1.134886
515.0962,Collider_Roger_State_action,1.142962
515.1077,Collider_Roger_State_action,1.136155
515.1187,Collider_Roger_State_action,1.123332
515.1292,Collider_Roger_State_action,1.11205
515.1404,Collider_Roger_State_action,1.097825
515.1516,Collider_Roger_State_action,1.072798
515.1627,Collider_Roger_State_action,1.038203
515.1737,Collider_Roger_State_action,0.9798452
515.1849,Collider_Roger_State_action,0.9508422
515.1963,Collider_Roger_State_action,0.9053365
515.2072,Collider_Roger_State_action,0.8520959
515.2182,Collider_Roger_State_action,0.8127913
515.2291,Collider_Roger_State_action,0.7548501
515.2403,Collider_Roger_State_action,0.6956662
515.2515,Collider_Roger_State_action,0.6493919
515.2626,Collider_Roger_State_action,0.6024754
515.2737,Collider_Roger_State_action,0.5639844
515.2847,Collider_Roger_State_action,0.5206107
515.296,Collider_Roger_State_action,0.4906648
515.3071,Collider_Roger_State_action,0.4656918
515.3188,Collider_Roger_State_action,0.4432822
515.3291,Collider_Roger_State_action,0.4256113
515.3403,Collider_Roger_State_action,0.4168335
515.3513,Collider_Roger_State_action,0.4152123
515.3626,Collider_Roger_State_action,0.4139011
515.374,Collider_Roger_State_action,0.418196
515.3846,Collider_Roger_State_action,0.4181831
515.3956,Collider_Roger_State_action,0.4218983
515.4069,Collider_Roger_State_action,0.420243
515.4179,Collider_Roger_State_action,0.4100347
515.4291,Collider_Roger_State_action,0.3947782
515.4401,Collider_Roger_State_action,0.3786435
515.4512,Collider_Roger_State_action,0.3629982
515.4624,Collider_Roger_State_action,0.3545285
515.4734,Collider_Roger_State_action,0.3619571
515.4846,Collider_Roger_State_action,0.3585661
515.4955,Collider_Roger_State_action,0.3284011
515.5067,Collider_Roger_State_action,0.310243
515.518,Collider_Roger_State_action,0.3088482
515.5289,Collider_Roger_State_action,0.3100169
515.54,Collider_Roger_State_action,0.3059081
515.5511,Collider_Roger_State_action,0.3012339
515.5622,Collider_Roger_State_action,0.3010275
515.5734,Collider_Roger_State_action,0.3174448
515.5846,Collider_Roger_State_action,0.3219063
515.5956,Collider_Roger_State_action,0.3157785
515.6068,Collider_Roger_State_action,0.3168224
515.6182,Collider_Roger_State_action,0.3176533
515.6288,Collider_Roger_State_action,0.3209794
515.6401,Collider_Roger_State_action,0.3295363
515.6512,Collider_Roger_State_action,0.3331429
515.6622,Collider_Roger_State_action,0.3274629
515.6733,Collider_Roger_State_action,0.311575
515.6844,Collider_Roger_State_action,0.2919938
515.6954,Collider_Roger_State_action,0.2758823
515.7067,Collider_Roger_State_action,0.2653939
515.7177,Collider_Roger_State_action,0.26136
515.7288,Collider_Roger_State_action,0.2612432
515.7403,Collider_Roger_State_action,0.2589604
515.751,Collider_Roger_State_action,0.256009
515.7624,Collider_Roger_State_action,0.2474641
515.7731,Collider_Roger_State_action,0.2458105
515.7842,Collider_Roger_State_action,0.2483992
515.7953,Collider_Roger_State_action,0.2462006
515.8066,Collider_Roger_State_action,0.2520606
515.8176,Collider_Roger_State_action,0.2509059
515.8288,Collider_Roger_State_action,0.2508182
515.8397,Collider_Roger_State_action,0.2597287
515.8508,Collider_Roger_State_action,0.2888804
515.8621,Collider_Roger_State_action,0.3303294
515.873,Collider_Roger_State_action,0.4009556
515.8842,Collider_Roger_State_action,0.4735377
515.8954,Collider_Roger_State_action,0.5474001
515.9063,Collider_Roger_State_action,0.6180148
515.9175,Collider_Roger_State_action,0.6646909
515.9286,Collider_Roger_State_action,0.7242016
515.9396,Collider_Roger_State_action,0.7672525
515.9507,Collider_Roger_State_action,0.8205925
515.9622,Collider_Roger_State_action,0.8757193
515.9729,Collider_Roger_State_action,0.9232095
515.984,Collider_Roger_State_action,0.9845658
515.9952,Collider_Roger_State_action,1.04111
516.0062,Collider_Roger_State_action,1.111446
516.0173,Collider_Roger_State_action,1.184942
516.0284,Collider_Roger_State_action,1.260094
516.0395,Collider_Roger_State_action,1.348262
516.0507,Collider_Roger_State_action,1.439342
516.0616,Collider_Roger_State_action,1.546657
516.0728,Collider_Roger_State_action,1.62902
516.0838,Collider_Roger_State_action,1.72938
516.095,PROPS_WhiteFreightliner_V2:ctrl_tanker_truck,1.797174
516.1061,Nullreference,1.860759
516.1172,Nullreference,1.897408
516.1283,Nullreference,1.924531
516.1393,Nullreference,1.920431
516.1507,Nullreference,1.898085
516.1616,Nullreference,1.878118
516.1729,Nullreference,1.854962
516.1837,Nullreference,1.848203
516.1948,Nullreference,1.817756
516.2059,Nullreference,1.793225
516.2172,Nullreference,1.773027
516.2281,Nullreference,1.73437
516.2396,Nullreference,1.69863
516.2502,Nullreference,1.639316
516.2614,Nullreference,1.561948
516.2726,Nullreference,1.494063
516.2836,Nullreference,1.414216
516.2947,Nullreference,1.328579
516.306,Nullreference,1.253307
516.3168,Nullreference,1.166089
516.3279,Nullreference,1.094794
516.3389,Nullreference,1.023172
516.3501,Nullreference,0.9753149
516.3613,Nullreference,0.930597
516.3722,Nullreference,0.8958327
516.3832,Nullreference,0.8696393
516.3943,Nullreference,0.8295056
516.4058,Nullreference,0.7996491
516.4164,Nullreference,0.7597541
516.4276,Nullreference,0.7366608
516.4389,Nullreference,0.7073092
516.4498,Nullreference,0.688448
516.4609,Nullreference,0.664022
516.4722,Nullreference,0.6544374
516.4832,Nullreference,0.6467733
516.4942,Nullreference,0.6332297
516.5053,Nullreference,0.6171666
516.5164,Nullreference,0.602034
516.5275,Nullreference,0.5646211
516.5386,Nullreference,0.5321636
516.5497,Nullreference,0.496713
516.5609,Nullreference,0.4617587
516.572,Nullreference,0.4284375
516.583,Nullreference,0.3979519
516.5943,Nullreference,0.3698152
516.6053,Nullreference,0.346393
516.6163,Nullreference,0.330831
516.6274,Nullreference,0.3037918
516.6385,Nullreference,0.2778001
516.6498,Nullreference,0.2445821
516.6607,Nullreference,0.2182582
516.6719,Nullreference,0.1787294
516.683,Nullreference,0.1543479
516.694,Nullreference,0.140192
516.7053,Nullreference,0.1470792
516.7162,Nullreference,0.1664524
516.7274,Nullreference,0.2023742
516.7385,Nullreference,0.2373524
516.7498,Nullreference,0.2900944
516.7607,Nullreference,0.3270811
516.7719,Nullreference,0.3778544
516.7829,Nullreference,0.4209117
516.7942,Nullreference,0.4557326
516.8059,Nullreference,0.4838266
516.8171,Nullreference,0.5091231
516.8282,Nullreference,0.5323386
516.8394,Nullreference,0.5501947
516.8508,Nullreference,0.5653414
516.8616,Nullreference,0.5767216
516.8729,Nullreference,0.5868424
516.8837,Nullreference,0.5895185
516.8949,Nullreference,0.589809
516.906,Nullreference,0.577536
516.9171,Nullreference,0.5699168
516.9282,Nullreference,0.5638123
516.9391,Nullreference,0.5492551
516.9502,Nullreference,0.5442275
516.9614,Nullreference,0.5368665
516.9731,Nullreference,0.5347561
516.9836,Nullreference,0.5384639
516.9946,Nullreference,0.5423961
517.0056,Nullreference,0.5565736
517.0168,Nullreference,0.5833197
517.0278,Nullreference,0.6227176
517.0395,Nullreference,0.6601115
517.0499,Nullreference,0.7079917
517.0613,Nullreference,0.7489955
517.0723,Nullreference,0.7999187
517.0837,Nullreference,0.8478972
517.0944,Nullreference,0.8842113
517.1055,Nullreference,0.9297621
517.1165,Nullreference,1.019081
517.1277,Nullreference,1.125806
517.1387,Nullreference,1.198957
517.1498,Nullreference,1.289804
517.1609,Nullreference,1.351706
517.1723,Nullreference,1.419077
517.183,Nullreference,1.472438
517.1946,Nullreference,1.50095
517.2055,Nullreference,1.525422
517.2165,Nullreference,1.535018
517.2278,Nullreference,1.539907
517.2386,Nullreference,1.540487
517.2496,Nullreference,1.533716
517.2606,Nullreference,1.521531
517.272,Nullreference,1.505349
517.2828,Nullreference,1.48164
517.295,Nullreference,1.450663
517.3052,Nullreference,1.41763
517.3163,Nullreference,1.372352
517.3274,Nullreference,1.324301
517.3384,Nullreference,1.26481
517.3497,Nullreference,1.215989
517.3607,Nullreference,1.158822
517.3719,Nullreference,1.112419
517.3829,Nullreference,1.04743
517.3939,Nullreference,1.004889
517.4052,Nullreference,0.9565833
517.416,Nullreference,0.9127766
517.4272,Nullreference,0.8606885
517.4386,Nullreference,0.8190901
517.4495,Nullreference,0.7700491
517.4605,Nullreference,0.7253821
517.4716,Nullreference,0.6778688
517.4826,Nullreference,0.6256663
517.4938,Nullreference,0.5869947
517.5051,Nullreference,0.5411577
517.5161,Nullreference,0.5138209
517.5273,Nullreference,0.4899962
517.5383,Nullreference,0.4699214
517.5493,Nullreference,0.4487945
517.5604,Nullreference,0.4278386
517.5718,Nullreference,0.4113377
517.5825,Nullreference,0.3908632
517.5936,Nullreference,0.3736986
517.6048,Nullreference,0.350787
517.6161,Nullreference,0.3316717
517.627,Nullreference,0.3110632
517.6381,Nullreference,0.2982967
517.6494,Nullreference,0.2904379
517.6603,Nullreference,0.2823717
517.6714,Nullreference,0.2868921
517.6825,Nullreference,0.2921256
517.6937,Nullreference,0.3057333
517.705,Nullreference,0.3270165
517.7158,Nullreference,0.3477036
517.7271,Nullreference,0.3610879
517.738,Nullreference,0.3773977
517.7496,Nullreference,0.3968807
517.7604,Nullreference,0.4259528
517.7718,Nullreference,0.4728045
517.7826,Nullreference,0.5384668
517.7937,Nullreference,0.594269
517.8049,Nullreference,0.6661016
517.8158,Nullreference,0.7432934
517.8271,Nullreference,0.8163749
517.8381,Nullreference,0.9271206
517.8492,Nullreference,1.026237
517.8603,Nullreference,1.149796
517.8715,Nullreference,1.280052
517.8824,Nullreference,1.392818
517.8935,Nullreference,1.526801
517.9047,Nullreference,1.630436
517.9157,Nullreference,1.740187
517.9269,Nullreference,1.829618
517.938,Nullreference,1.892494
517.9492,Nullreference,1.962766
517.9601,Nullreference,2.022804
517.9713,Nullreference,2.084034
517.9823,Nullreference,2.139877
517.9934,Nullreference,2.177802
518.0046,PROPS_WhiteFreightliner_V2:ctrl_tanker_truck,2.212945
518.0157,PROPS_WhiteFreightliner_V2:ctrl_tanker_truck,2.23041
518.0267,PROPS_WhiteFreightliner_V2:ctrl_tanker_truck,2.247852
518.038,PROPS_WhiteFreightliner_V2:ctrl_tanker_truck,2.248121
518.0493,PROPS_WhiteFreightliner_V2:ctrl_tanker_truck,2.242517
518.0601,PROPS_WhiteFreightliner_V2:ctrl_tanker_truck,2.238456
518.0712,PROPS_WhiteFreightliner_V2:ctrl_tanker_truck,2.237233
518.0823,PROPS_WhiteFreightliner_V2:ctrl_tanker_truck,2.230117
518.0935,PROPS_WhiteFreightliner_V2:ctrl_tanker_truck,2.211446
518.1048,PROPS_WhiteFreightliner_V2:ctrl_tanker_truck,2.171533
518.1157,PROPS_WhiteFreightliner_V2:ctrl_tanker_truck,2.126949
518.1269,PROPS_WhiteFreightliner_V2:ctrl_tanker_truck,2.065819
518.138,PROPS_WhiteFreightliner_V2:ctrl_tanker_truck,2.01731
518.1491,PROPS_WhiteFreightliner_V2:ctrl_tanker_truck,1.957123
518.1602,PROPS_WhiteFreightliner_V2:ctrl_tanker_truck,1.90554
518.1715,PROPS_WhiteFreightliner_V2:ctrl_tanker_truck,1.852745
518.1826,PROPS_WhiteFreightliner_V2:ctrl_tanker_truck,1.802597
518.1935,PROPS_WhiteFreightliner_V2:ctrl_tanker_truck,1.7653
518.2048,PROPS_WhiteFreightliner_V2:ctrl_tanker_truck,1.721341
518.2158,PROPS_WhiteFreightliner_V2:ctrl_tanker_truck,1.681179
518.2274,PROPS_WhiteFreightliner_V2:ctrl_tanker_truck,1.654914
518.2386,PROPS_WhiteFreightliner_V2:ctrl_tanker_truck,1.618977
518.2496,PROPS_WhiteFreightliner_V2:ctrl_tanker_truck,1.590014
518.2609,PROPS_WhiteFreightliner_V2:ctrl_tanker_truck,1.548621
518.2718,PROPS_WhiteFreightliner_V2:ctrl_tanker_truck,1.504527
518.283,PROPS_WhiteFreightliner_V2:ctrl_tanker_truck,1.467328
518.294,PROPS_WhiteFreightliner_V2:ctrl_tanker_truck,1.423236
518.3053,PROPS_WhiteFreightliner_V2:ctrl_tanker_truck,1.383325
518.3163,PROPS_WhiteFreightliner_V2:ctrl_tanker_truck,1.349721
518.3272,PROPS_WhiteFreightliner_V2:ctrl_tanker_truck,1.324781
518.3391,PROPS_WhiteFreightliner_V2:ctrl_tanker_truck,1.29201
518.3496,PROPS_WhiteFreightliner_V2:ctrl_tanker_truck,1.270905
518.3607,PROPS_WhiteFreightliner_V2:ctrl_tanker_truck,1.246531
518.3719,PROPS_WhiteFreightliner_V2:ctrl_tanker_truck,1.237843
518.3828,PROPS_WhiteFreightliner_V2:ctrl_tanker_truck,1.237653
518.3939,PROPS_WhiteFreightliner_V2:ctrl_tanker_truck,1.243037
518.4049,PROPS_WhiteFreightliner_V2:ctrl_tanker_truck,1.242411
518.4165,PROPS_WhiteFreightliner_V2:ctrl_tanker_truck,1.232026
518.4272,PROPS_WhiteFreightliner_V2:ctrl_tanker_truck,1.213732
518.4383,PROPS_WhiteFreightliner_V2:ctrl_tanker_truck,1.194464
518.4493,PROPS_WhiteFreightliner_V2:ctrl_tanker_truck,1.158628
518.4604,PROPS_WhiteFreightliner_V2:ctrl_tanker_truck,1.108502
518.4716,PROPS_WhiteFreightliner_V2:ctrl_tanker_truck,1.06639
518.4828,PROPS_WhiteFreightliner_V2:ctrl_tanker_truck,1.028469
518.494,PROPS_WhiteFreightliner_V2:ctrl_tanker_truck,0.9701019
518.5051,PROPS_WhiteFreightliner_V2:ctrl_tanker_truck,0.9138873
518.5161,PROPS_WhiteFreightliner_V2:ctrl_tanker_truck,0.8580071
518.5276,PROPS_WhiteFreightliner_V2:ctrl_tanker_truck,0.7893687
518.5383,PROPS_WhiteFreightliner_V2:ctrl_tanker_truck,0.7353334
518.5494,PROPS_WhiteFreightliner_V2:ctrl_tanker_truck,0.6583863
518.5607,PROPS_WhiteFreightliner_V2:ctrl_tanker_truck,0.5963486
518.5718,Collider_Roger_Body,0.5253868
518.5828,Collider_Roger_Body,0.4584733
518.5939,Collider_Roger_Body,0.4092423
518.6049,Collider_Roger_Body,0.3545105
518.6163,Collider_Roger_Body,0.3207407
518.6272,Collider_Roger_Body,0.2933223
518.6382,Collider_Roger_Body,0.275309
518.6493,Collider_Roger_Body,0.2850222
518.6609,Collider_Roger_Body,0.2995192
518.6717,Collider_Roger_Body,0.3261807
518.6826,Collider_Roger_Body,0.3457041
518.6938,Collider_Roger_Body,0.3686285
518.7048,Collider_Roger_Body,0.3879128
518.7158,Collider_Roger_Body,0.4011518
518.7271,Collider_Roger_Body,0.4102301
518.738,Collider_Roger_Body,0.4176551
518.7492,Collider_Roger_Body,0.4236537
518.7604,Collider_Roger_Body,0.4273032
518.7714,Collider_Roger_Body,0.4269749
518.7826,Collider_Roger_Body,0.4313471
518.7936,Collider_Roger_Body,0.4401637
518.8047,Collider_Roger_Body,0.4480747
518.8159,Collider_Roger_Body,0.4546021
518.8268,Collider_Roger_Body,0.462177
518.838,Collider_Roger_Body,0.4662081
518.8491,Collider_Roger_Body,0.4667914
518.8604,Collider_Roger_Body,0.4600342
518.8714,Collider_Roger_Body,0.4555127
518.8825,Collider_Roger_Body,0.4400496
518.8938,Collider_Roger_Body,0.4190038
518.9045,Collider_Roger_Body,0.4025881
518.9156,Collider_Roger_Body,0.378419
518.9269,Collider_Roger_Body,0.3631587
518.9379,Collider_Roger_Body,0.3483171
518.9492,Collider_Roger_Body,0.3448935
518.96,Collider_Roger_Body,0.3321261
518.9713,Collider_Roger_Body,0.3225732
518.9829,Collider_Roger_Body,0.316608
518.9934,Collider_Roger_Body,0.3044398
519.0047,Collider_Roger_Body,0.2941665
519.0157,Collider_Roger_Body,0.275314
519.0268,Collider_Roger_Body,0.2626057
519.0381,Collider_Roger_Body,0.253914
519.049,Collider_Roger_Body,0.2519955
519.0601,Collider_Roger_Body,0.256166
519.0717,Collider_Roger_Body,0.2706656
519.0823,Collider_Roger_Body,0.2856502
519.0939,Collider_Roger_Body,0.3142235
519.1044,Collider_Roger_Body,0.3249531
519.1155,Collider_Roger_Body,0.3204081
519.1266,Collider_Roger_Body,0.3246002
519.1377,Collider_Roger_Body,0.3432319
519.1489,Collider_Roger_Body,0.3847312
519.16,Collider_Roger_Body,0.4349493
519.1711,Collider_Roger_Body,0.4569188
519.1822,Collider_Roger_Body,0.445018
519.1932,Collider_Roger_Body,0.4285603
519.2043,Collider_Roger_Body,0.4126258
519.2155,Collider_Roger_Body,0.4075215
519.2266,Collider_Roger_Body,0.3963729
519.2378,Collider_Roger_Body,0.3932369
519.2493,Collider_Roger_Body,0.3778656
519.2601,Collider_Roger_Body,0.3491566
519.2711,Collider_Roger_Body,0.3269279
519.2823,Collider_Roger_Body,0.3032695
519.2933,Collider_Roger_Body,0.2818361
519.3043,Collider_Roger_Body,0.2627626
519.3157,Collider_Roger_Body,0.2427408
519.3266,Collider_Roger_Body,0.2274551
519.338,Collider_Roger_Body,0.2118891
519.3489,Collider_Roger_Body,0.1971826
519.3601,Collider_Roger_Body,0.180475
519.3713,Collider_Roger_Body,0.1533413
519.3823,Collider_Roger_Body,0.1348914
519.3934,Collider_Roger_Body,0.1168879
519.4046,Collider_Roger_Body,0.1228127
519.4158,Collider_Roger_Body,0.1356237
519.4268,Collider_Roger_Body,0.1451862
519.4377,Collider_Roger_Body,0.1522778
519.4489,Collider_Roger_Body,0.1410209
519.4601,Collider_Roger_Body,0.1224566
519.4712,Collider_Roger_Body,0.09423784
519.4822,Collider_Roger_Body,0.08029806
519.4933,Collider_Roger_Body,0.0973928
519.5042,Collider_Roger_Body,0.1393514
519.5155,Collider_Roger_Body,0.1687264
519.5265,Collider_Roger_Body,0.1817001
519.5378,Collider_Roger_Body,0.179443
519.5486,Collider_Roger_Body,0.1780244
519.5598,Collider_Roger_Body,0.179492
519.5709,Collider_Roger_Body,0.1863377
519.582,Collider_Roger_Body,0.1981601
519.5931,Collider_Roger_Body,0.2098457
519.6042,Collider_Roger_Body,0.224667
519.6154,Collider_Roger_Body,0.2360981
519.6264,Collider_Roger_Body,0.2317819
519.6375,PROPS_WhiteFreightliner_V2:ctrl_tanker_truck,0.2300695
519.6486,PROPS_WhiteFreightliner_V2:ctrl_tanker_truck,0.2365824
519.6599,PROPS_WhiteFreightliner_V2:ctrl_tanker_truck,0.2390003
519.6708,PROPS_WhiteFreightliner_V2:ctrl_tanker_truck,0.2516519
519.682,PROPS_WhiteFreightliner_V2:ctrl_tanker_truck,0.2677095
519.6934,PROPS_WhiteFreightliner_V2:ctrl_tanker_truck,0.2901712
519.7042,PROPS_WhiteFreightliner_V2:ctrl_tanker_truck,0.3081859
519.7153,PROPS_WhiteFreightliner_V2:ctrl_tanker_truck,0.326651
519.7265,PROPS_WhiteFreightliner_V2:ctrl_tanker_truck,0.3391341
519.7377,Collider_Roger_State_action,0.3535847
519.7486,Collider_Roger_State_action,0.3710316
519.7598,Collider_Roger_State_action,0.3794904
519.7709,Collider_Roger_State_action,0.3802625
519.7819,Collider_Roger_State_action,0.3720882
519.793,Collider_Roger_State_action,0.3592545
519.8041,Collider_Roger_State_action,0.3429553
519.8152,Collider_Roger_State_action,0.3234375
519.8263,Collider_Roger_State_action,0.2988201
519.8375,Collider_Roger_State_action,0.277072
519.8486,Collider_Roger_State_action,0.2462787
519.8597,Collider_Roger_State_action,0.2067713
519.8708,Collider_Roger_State_action,0.1748958
519.8818,Collider_Roger_State_action,0.1292963
519.8931,Collider_Roger_State_action,0.09727612
519.9041,Collider_Roger_State_action,0.07442829
519.9151,Collider_Roger_State_action,0.07015377
519.9263,Collider_Roger_State_action,0.08723456
519.9374,Collider_Roger_State_action,0.1173935
519.9484,Collider_Roger_State_action,0.1450278
519.9595,Collider_Roger_State_action,0.174592
519.9708,Collider_Roger_State_action,0.1970337
519.9819,Collider_Roger_State_action,0.2207658
519.9929,Collider_Roger_State_action,0.2365064
520.0039,Collider_Roger_State_action,0.2485665
520.0153,Collider_Roger_State_action,0.2568069
520.0263,Collider_Roger_State_action,0.2626579
520.0373,Collider_Roger_State_action,0.2731339
520.0483,Collider_Roger_State_action,0.2772127
520.0596,Collider_Roger_State_action,0.2796967
520.0707,Collider_Roger_State_action,0.2737404
520.0818,Collider_Roger_State_action,0.2627133
520.0929,Collider_Roger_State_action,0.2414434
520.104,Collider_Roger_State_action,0.2166376
520.115,Collider_Roger_State_action,0.1882006
520.1262,Collider_Roger_State_action,0.1636073
520.1373,Collider_Roger_State_action,0.1464013
520.1484,Collider_Roger_State_action,0.1270701
520.1595,Collider_Roger_State_action,0.1060456
520.1708,Collider_Roger_State_action,0.09244937
520.1819,Collider_Roger_State_action,0.08180528
520.1927,Collider_Roger_State_action,0.07457915
520.204,Collider_Roger_State_action,0.06302599
520.215,Collider_Roger_State_action,0.07084806
520.2263,Collider_Roger_State_action,0.07917461
520.2372,Collider_Roger_State_action,0.08485409
520.2482,Collider_Roger_State_action,0.0864615
520.26,Collider_Roger_State_action,0.08843718
520.2706,Collider_Roger_State_action,0.08601835
520.2822,Collider_Roger_State_action,0.08819606
520.2928,Collider_Roger_State_action,0.09184916
520.3039,Collider_Roger_State_action,0.1018662
520.3149,Collider_Roger_State_action,0.1243589
520.326,Collider_Roger_State_action,0.141726
520.3372,Collider_Roger_State_action,0.1615268
520.3484,Collider_Roger_State_action,0.1755872
520.3596,Collider_Roger_State_action,0.1887286
520.3706,Collider_Roger_State_action,0.1963567
520.3817,Collider_Roger_State_action,0.2065514
520.3927,Collider_Roger_State_action,0.2159513
520.4039,Collider_Roger_State_action,0.2204107
520.415,Collider_Roger_State_action,0.2275689
520.4262,Collider_Roger_State_action,0.2315028
520.4371,Collider_Roger_State_action,0.2408574
520.4482,Collider_Roger_State_action,0.2520998
520.4594,Collider_Roger_State_action,0.2732164
520.4706,Collider_Roger_State_action,0.2904755
520.4817,Collider_Roger_State_action,0.3059513
520.4929,Collider_Roger_State_action,0.3181036
520.5038,Collider_Roger_State_action,0.3321648
520.5149,Collider_Roger_State_action,0.3431739
520.5259,Collider_Roger_State_action,0.3566781
520.5373,Collider_Roger_State_action,0.3694395
520.549,Collider_Roger_State_action,0.378792
520.5594,Collider_Roger_State_action,0.3878261
520.5705,Collider_Roger_State_action,0.3875596
520.5818,Collider_Roger_State_action,0.3901317
520.5928,Collider_Roger_State_action,0.3827074
520.6039,Collider_Roger_State_action,0.3749111
520.6149,Collider_Roger_State_action,0.3564831
520.6259,Collider_Roger_State_action,0.3383946
520.6375,Collider_Roger_State_action,0.3128868
520.6482,Collider_Roger_State_action,0.2857971
520.6594,Collider_Roger_State_action,0.2568576
520.6705,Collider_Roger_State_action,0.2291727
520.6816,Collider_Roger_State_action,0.2073279
520.6927,Collider_Roger_State_action,0.1835731
520.7067,Collider_Roger_State_action,0.1644998
520.7148,Collider_Roger_State_action,0.1520104
520.7261,Collider_Roger_State_action,0.1547428
520.7371,Collider_Roger_State_action,0.1484026
520.7482,Collider_Roger_State_action,0.1399836
520.7594,Collider_Roger_State_action,0.1306897
520.7705,Collider_Roger_State_action,0.1200904
520.7816,Collider_Roger_State_action,0.1026907
520.7931,Collider_Roger_State_action,0.08816536
520.8038,Collider_Roger_State_action,0.07645558
520.8149,Collider_Roger_State_action,0.06745932
520.8259,Collider_Roger_State_action,0.07128975
520.837,Collider_Roger_State_action,0.08176818
520.8481,Collider_Roger_State_action,0.09509122
520.8593,Collider_Roger_State_action,0.1046
520.8704,Collider_Roger_State_action,0.1102194
520.8816,Collider_Roger_State_action,0.1112748
520.8927,Collider_Roger_State_action,0.1130049
520.9038,Collider_Roger_State_action,0.120132
520.9149,Collider_Roger_State_action,0.1224625
520.926,Collider_Roger_State_action,0.1220408
520.9371,Collider_Roger_State_action,0.1196764
520.9482,Collider_Roger_State_action,0.1186811
520.9594,Collider_Roger_State_action,0.1155785
520.9705,Collider_Roger_State_action,0.1304358
520.9814,Collider_Roger_State_action,0.1493714
520.9926,Collider_Roger_State_action,0.1745649
521.0037,Collider_Roger_State_action,0.1974274
521.0148,Collider_Roger_State_action,0.2188317
521.0258,Collider_Roger_State_action,0.2345814
521.037,Collider_Roger_State_action,0.2500268
521.048,Collider_Roger_State_action,0.265223
521.0592,Collider_Roger_State_action,0.2784688
521.0705,Collider_Roger_State_action,0.285183
521.0813,Collider_Roger_State_action,0.2872266
521.0927,Collider_Roger_State_action,0.2840418
521.1039,Collider_Roger_State_action,0.2766984
521.115,Collider_Roger_State_action,0.2669762
521.1259,Collider_Roger_State_action,0.2579492
521.137,Collider_Roger_State_action,0.2482757
521.1479,Collider_Roger_State_action,0.236805
521.1591,Collider_Roger_State_action,0.2324442
521.1703,Collider_Roger_State_action,0.2243494
521.1814,Collider_Roger_State_action,0.2160549
521.1927,Collider_Roger_State_action,0.2097224
521.2037,Collider_Roger_State_action,0.1986015
521.2147,Collider_Roger_State_action,0.1828939
521.2258,Collider_Roger_State_action,0.1708388
521.2368,Collider_Roger_State_action,0.157729
521.2479,Collider_Roger_State_action,0.1487479
521.2598,Collider_Roger_State_action,0.1361537
521.2706,Collider_Roger_State_action,0.1326274
521.2813,Collider_Roger_State_action,0.1273254
521.2924,Collider_Roger_State_action,0.1305673
521.3035,Collider_Roger_State_action,0.130312
521.3151,Collider_Roger_State_action,0.1427762
521.3258,Collider_Roger_State_action,0.1510681
521.3368,Collider_Roger_State_action,0.1757091
521.348,Collider_Roger_State_action,0.1822294
521.3591,Collider_Roger_State_action,0.1955746
521.3702,Collider_Roger_State_action,0.1917309
521.3819,Collider_Roger_State_action,0.1802331
521.3925,Collider_Roger_State_action,0.1502432
521.4039,Collider_Roger_State_action,0.1302725
521.4148,Collider_Roger_State_action,0.1067096
521.4266,Nullreference,0.0976242
521.4373,Nullreference,0.083968
521.4484,Nullreference,0.07653838
521.4594,Nullreference,0.07288734
521.4705,Nullreference,0.07976516
521.4816,Nullreference,0.08490349
521.4928,Nullreference,0.09842494
521.5038,Nullreference,0.1074667
521.5151,Nullreference,0.1127603
521.526,Nullreference,0.1202406
521.537,Nullreference,0.1201012
521.5481,Nullreference,0.1245834
521.5594,Nullreference,0.126884
521.5712,Nullreference,0.1271375
521.5817,Nullreference,0.1315124
521.5928,Nullreference,0.1262324
521.6038,Nullreference,0.1197087
521.6152,Nullreference,0.1146227
521.626,Nullreference,0.1064151
521.6371,Nullreference,0.1014291
521.6481,Nullreference,0.08313306
521.6592,Nullreference,0.07042473
521.6704,Nullreference,0.06016869
521.6815,Nullreference,0.04980894
521.6927,Nullreference,0.04432053
521.7037,Nullreference,0.03334739
521.715,Nullreference,0.03203786
521.7261,Nullreference,0.03653023
521.7373,Nullreference,0.04128581
521.748,Nullreference,0.04184097
521.7596,Nullreference,0.0347465
521.7704,Nullreference,0.03357608
521.7816,Nullreference,0.02543034
521.7927,Nullreference,0.02188051
521.8038,Nullreference,0.01291499
521.815,Nullreference,0.01146329
521.826,Nullreference,0.02675894
521.837,Nullreference,0.04589912
521.848,Nullreference,0.05418883
521.8591,Nullreference,0.067363
521.8704,Nullreference,0.08161116
521.8814,Nullreference,0.09550518
521.8925,Nullreference,0.1011575
521.9037,Nullreference,0.1000243
521.9149,Nullreference,0.09491767
521.9258,Nullreference,0.09252708
521.937,Nullreference,0.09425186
521.9479,Nullreference,0.0922277
521.9591,Nullreference,0.09068242
521.9702,Nullreference,0.08329787
521.9814,Nullreference,0.07410622
521.9924,Nullreference,0.07089823
522.0035,Nullreference,0.05566361
522.0146,Nullreference,0.0487641
522.0256,Nullreference,0.0413583
522.0369,Nullreference,0.04075611
522.0479,Nullreference,0.04650309
522.0591,Nullreference,0.05543553
522.0703,Nullreference,0.06103975
522.0815,Nullreference,0.06931192
522.0925,Nullreference,0.08380722
522.1036,Nullreference,0.09441723
522.1146,Nullreference,0.1110697
522.1256,Nullreference,0.1277362
522.1367,Nullreference,0.1407116
522.1476,Nullreference,0.1550467
522.1589,Nullreference,0.1666756
522.17,Nullreference,0.1766104
522.181,Nullreference,0.1799815
522.1924,Nullreference,0.1863945
522.2035,Nullreference,0.1850442
522.2144,Nullreference,0.1806122
522.2256,Nullreference,0.1694129
522.2367,Nullreference,0.1558822
522.2477,Nullreference,0.1428173
522.2589,Nullreference,0.1331172
522.27,Nullreference,0.1306218
522.2812,Nullreference,0.1247294
522.2922,Nullreference,0.1204048
522.3037,Nullreference,0.1110203
522.3143,Nullreference,0.103207
522.3254,Nullreference,0.09948356
522.3365,Nullreference,0.09059475
522.3478,Nullreference,0.09039603
522.3589,Nullreference,0.08356126
522.3699,Nullreference,0.083694
522.381,Nullreference,0.08178058
522.3922,Nullreference,0.0792484
522.4031,Nullreference,0.07383138
522.4147,Nullreference,0.06677759
522.4257,Nullreference,0.06329156
522.4369,Nullreference,0.06690122
522.4479,Nullreference,0.07408352
522.4589,Nullreference,0.08620665
522.4701,Nullreference,0.1016999
522.481,Nullreference,0.1175308
522.4922,Nullreference,0.1398102
522.5033,Nullreference,0.1620187
522.5146,Nullreference,0.1899546
522.5256,Nullreference,0.2091812
522.5368,Nullreference,0.2225138
522.5478,Nullreference,0.2276366
522.559,Nullreference,0.2352093
522.5701,Nullreference,0.2398978
522.5812,Nullreference,0.2351546
522.5922,Nullreference,0.2336468
522.6036,Nullreference,0.2214951
522.6144,Nullreference,0.2059855
522.6256,Nullreference,0.1948101
522.6371,Nullreference,0.1847295
522.6477,Nullreference,0.1616755
522.6588,Nullreference,0.1447456
522.67,Nullreference,0.1263243
522.681,Nullreference,0.1091341
522.6921,Nullreference,0.0922802
522.7034,Nullreference,0.08397612
522.7145,Nullreference,0.07266197
522.7256,Nullreference,0.057514
522.7365,Nullreference,0.05257469
522.7476,Nullreference,0.04565458
522.7587,Nullreference,0.04212475
522.7701,Nullreference,0.0435024
522.7809,Nullreference,0.05464401
522.7923,Nullreference,0.05984429
522.8031,Nullreference,0.06828567
522.8142,Nullreference,0.07610993
522.8256,Nullreference,0.08421601
522.8365,Nullreference,0.09375205
522.8475,Nullreference,0.09821358
522.8588,Nullreference,0.1077499
522.8699,Nullreference,0.108914
522.8808,Nullreference,0.1043987
522.892,Nullreference,0.1010145
522.903,Nullreference,0.09826076
522.9141,Nullreference,0.09407674
522.9255,Nullreference,0.08799366
522.9364,Nullreference,0.07610642
522.9478,Nullreference,0.06702475
522.9587,Nullreference,0.04814295
522.9698,Nullreference,0.03116968
522.9808,Nullreference,0.01585861
522.9919,Nullreference,0.007861921
523.0031,Nullreference,0.01910923
523.0142,Nullreference,0.03188599
523.0253,Nullreference,0.04338207
523.0364,Nullreference,0.04027541
523.0474,Nullreference,0.04250958
523.0583,Nullreference,0.04800516
523.0697,Nullreference,0.05793768
523.0809,Nullreference,0.08070938
523.0919,Nullreference,0.1122738
523.103,Nullreference,0.1589999
523.114,Nullreference,0.2144193
523.1254,Nullreference,0.2816344
523.1363,Nullreference,0.3689564
523.1473,Nullreference,0.4383193
523.1586,Collider_Roger_State_action,0.5030637
523.1694,Collider_Roger_State_action,0.5707601
523.1808,Nullreference,0.6198189
523.1921,Collider_Roger_State_action,0.6701831
523.2032,Collider_Roger_State_action,0.7027023
523.2141,Collider_Roger_State_action,0.7282694
523.2252,Collider_Roger_State_action,0.7489144
523.2361,Collider_Roger_State_action,0.7641279
523.2474,Collider_Roger_State_action,0.7696652
523.2585,Collider_Roger_State_action,0.7725034
523.2697,Collider_Roger_State_action,0.7686929
523.2806,Collider_Roger_State_action,0.7619044
523.2921,Collider_Roger_State_action,0.7573206
523.3029,Collider_Roger_State_action,0.7513348
523.3142,Collider_Roger_State_action,0.7588931
523.3252,Collider_Roger_State_action,0.7645684
523.3361,Collider_Roger_State_action,0.7858112
523.3473,Collider_Roger_State_action,0.803686
523.3584,Collider_Roger_State_action,0.8137919
523.3698,Collider_Roger_State_action,0.8417088
523.3808,Collider_Roger_State_action,0.8639867
523.3923,Collider_Roger_State_action,0.8829135
523.403,Collider_Roger_State_action,0.9045296
523.4139,Collider_Roger_State_action,0.9120931
523.425,Collider_Roger_State_action,0.9119217
523.436,Collider_Roger_State_action,0.9070398
523.4472,Collider_Roger_State_action,0.8913226
523.4585,Collider_Roger_State_action,0.8814078
523.4692,Collider_Roger_State_action,0.8622967
523.4806,Collider_Roger_State_action,0.840842
523.4916,Collider_Roger_State_action,0.8230403
523.5026,Collider_Roger_State_action,0.796762
523.5136,Collider_Roger_State_action,0.7681382
523.525,Collider_Roger_State_action,0.7446378
523.5359,Collider_Roger_State_action,0.714709
523.5471,Collider_Roger_State_action,0.6814501
523.5583,Collider_Roger_State_action,0.6392235
523.5693,Collider_Roger_State_action,0.5957153
523.5803,Collider_Roger_State_action,0.5536448
523.5915,Collider_Roger_State_action,0.5056782
523.6027,Collider_Roger_State_action,0.4613856
523.6137,Collider_Roger_State_action,0.4048244
523.6249,Collider_Roger_State_action,0.3592526
523.6359,Collider_Roger_State_action,0.3031521
523.6471,Collider_Roger_State_action,0.2535739
523.658,Collider_Roger_State_action,0.2193367
523.6693,Collider_Roger_State_action,0.1746067
523.6807,Collider_Roger_State_action,0.1374086
523.6915,Collider_Roger_State_action,0.1058083
523.7026,Collider_Roger_State_action,0.08996777
523.7138,Collider_Roger_State_action,0.0926203
523.725,Collider_Roger_State_action,0.1073905
523.7358,Collider_Roger_State_action,0.1353475
523.7469,Collider_Roger_State_action,0.1646627
523.7583,Collider_Roger_State_action,0.1855967
523.7693,Collider_Roger_State_action,0.2062846
523.7809,Collider_Roger_State_action,0.2192772
523.7916,Collider_Roger_State_action,0.2311867
523.8025,Collider_Roger_State_action,0.2345333
523.8138,Collider_Roger_State_action,0.2373979
523.8249,Collider_Roger_State_action,0.2391987
523.836,Collider_Roger_State_action,0.2451782
523.8469,Collider_Roger_State_action,0.2589487
523.8581,Collider_Roger_State_action,0.2779267
523.8692,Collider_Roger_State_action,0.2963086
523.8804,Collider_Roger_State_action,0.3081086
523.8978,Collider_Roger_State_action,0.316901
523.9094,Collider_Roger_State_action,0.3187939
523.9191,Collider_Roger_State_action,0.3161937
523.9274,Collider_Roger_State_action,0.3179187
523.9352,Collider_Roger_State_action,0.317799
523.9432,Collider_Roger_State_action,0.316793
523.9529,Collider_Roger_State_action,0.312619
523.9641,Collider_Roger_State_action,0.3104717
523.9752,Collider_Roger_State_action,0.3049872
523.9863,Collider_Roger_State_action,0.2962871
523.9974,Collider_Roger_State_action,0.2882213
524.0085,Collider_Roger_State_action,0.2820433
524.0197,Collider_Roger_State_action,0.2742623
524.0307,Collider_Roger_State_action,0.2655336
524.0419,Collider_Roger_State_action,0.2569503
524.0528,Collider_Roger_State_action,0.2493065
524.0642,Collider_Roger_State_action,0.2348838
524.0756,Collider_Roger_State_action,0.2258908
524.0864,Collider_Roger_State_action,0.2165572
524.0974,Collider_Roger_State_action,0.2101009
524.1085,Collider_Roger_State_action,0.1956536
524.1196,Collider_Roger_State_action,0.1898772
524.1307,Collider_Roger_State_action,0.1818613
524.1418,Collider_Roger_State_action,0.1697189
524.153,Collider_Roger_State_action,0.1678254
524.1642,Collider_Roger_State_action,0.1595277
524.1754,Collider_Roger_State_action,0.1611373
524.1863,Collider_Roger_State_action,0.1567294
524.1974,Collider_Roger_State_action,0.1577335
524.2085,Collider_Roger_State_action,0.1621082
524.2196,Collider_Roger_State_action,0.1639356
524.2307,Collider_Roger_State_action,0.1616466
524.2417,Collider_Roger_State_action,0.1741625
524.2529,Collider_Roger_State_action,0.1782456
524.264,Collider_Roger_State_action,0.1966579
524.2756,Collider_Roger_State_action,0.2098342
524.2864,Collider_Roger_State_action,0.2332903
524.298,Collider_Roger_State_action,0.2630173
524.3093,Collider_Roger_State_action,0.2927905
524.3209,Collider_Roger_State_action,0.3275521
524.3319,Collider_Roger_State_action,0.3638357
524.3432,Collider_Roger_State_action,0.4019159
524.3547,Collider_Roger_State_action,0.4315026
524.3668,Collider_Roger_State_action,0.4735635
524.3772,Collider_Roger_State_action,0.5248371
524.3892,Collider_Roger_State_action,0.569361
524.3997,Collider_Roger_State_action,0.619892
524.4114,Nullreference,0.6833928
524.4234,Nullreference,0.745447
524.4337,Collider_Roger_State_action,0.8171892
524.4455,Collider_Roger_State_action,0.88592
524.4565,Collider_Roger_State_action,0.9325139
524.4678,Collider_Roger_State_action,0.9812181
524.4791,Collider_Roger_State_action,1.020603
524.4905,Collider_Roger_State_action,1.047852
524.502,Collider_Roger_State_action,1.068152
524.513,Collider_Roger_State_action,1.085454
524.5244,Collider_Roger_State_action,1.095545
524.5353,Collider_Roger_State_action,1.106554
524.5465,Collider_Roger_State_action,1.111518
524.5576,Collider_Roger_State_action,1.121908
524.569,Collider_Roger_State_action,1.11758
524.5798,Collider_Roger_State_action,1.103882
524.5909,Collider_Roger_State_action,1.080039
524.6021,Collider_Roger_State_action,1.046498
524.6139,Collider_Roger_State_action,0.9939204
524.6244,Collider_Roger_State_action,0.9688243
524.6355,Collider_Roger_State_action,0.9209704
524.6464,Collider_Roger_State_action,0.879127
524.6576,Collider_Roger_State_action,0.8318251
524.6686,Collider_Roger_State_action,0.7859991
524.6797,Collider_Roger_State_action,0.7574245
524.6909,Collider_Roger_State_action,0.7203639
524.702,Collider_Roger_State_action,0.6810986
524.7131,Collider_Roger_State_action,0.6381359
524.7242,Collider_Roger_State_action,0.5864774
524.7354,Collider_Roger_State_action,0.543706
524.7464,Collider_Roger_State_action,0.4899065
524.7582,Collider_Roger_State_action,0.4457223
524.7686,Collider_Roger_State_action,0.4020606
524.7796,Collider_Roger_State_action,0.3676951
524.791,Collider_Roger_State_action,0.3334178
524.8022,Collider_Roger_State_action,0.3058187
524.813,Collider_Roger_State_action,0.2829976
524.8243,Collider_Roger_State_action,0.2678374
524.8353,Collider_Roger_State_action,0.2421446
524.8464,Collider_Roger_State_action,0.2286549
524.8577,Collider_Roger_State_action,0.2074231
524.8683,Collider_Roger_State_action,0.1935084
524.8795,Collider_Roger_State_action,0.1742575
524.8906,Collider_Roger_State_action,0.1613097
524.9017,Collider_Roger_State_action,0.1435182
524.9128,Collider_Roger_State_action,0.1255807
524.924,Collider_Roger_State_action,0.1153941
524.9352,Collider_Roger_State_action,0.1076443
524.946,Collider_Roger_State_action,0.1038044
524.9578,Collider_Roger_State_action,0.1052652
524.9686,Collider_Roger_State_action,0.108148
524.9795,Collider_Roger_State_action,0.1116497
524.9906,Collider_Roger_State_action,0.1075339
525.0017,Collider_Roger_State_action,0.1077212
525.0128,Collider_Roger_State_action,0.1055421
525.0238,Collider_Roger_State_action,0.1072103
525.035,Collider_Roger_State_action,0.1052459
525.0465,Collider_Roger_State_action,0.1091806
525.0575,Collider_Roger_State_action,0.1099494
525.0685,Collider_Roger_State_action,0.11034
525.0793,Collider_Roger_State_action,0.1212151
525.0907,Collider_Roger_State_action,0.1242318
525.1018,Collider_Roger_State_action,0.1330793
525.1127,Collider_Roger_State_action,0.1452014
525.1242,Collider_Roger_State_action,0.1447935
525.135,Collider_Roger_State_action,0.1531845
525.146,Collider_Roger_State_action,0.1558001
525.1572,Collider_Roger_State_action,0.157785
525.1683,Collider_Roger_State_action,0.1588419
525.1793,Collider_Roger_State_action,0.156415
525.1904,Collider_Roger_State_action,0.1561915
525.2015,Collider_Roger_State_action,0.155349
525.2126,Collider_Roger_State_action,0.1523752
525.2238,Collider_Roger_State_action,0.1518641
525.2349,Collider_Roger_State_action,0.1488316
525.2465,Collider_Roger_State_action,0.1466037
525.2574,Collider_Roger_State_action,0.1434739
525.2689,Collider_Roger_State_action,0.1372273
525.2794,Collider_Roger_State_action,0.1274236
525.2906,Collider_Roger_State_action,0.120064
525.3016,Collider_Roger_State_action,0.111475
525.3128,Collider_Roger_State_action,0.1103111
525.3246,Collider_Roger_State_action,0.1104727
525.3348,Collider_Roger_State_action,0.1083049
525.3458,Collider_Roger_State_action,0.1133
525.3574,Collider_Roger_State_action,0.1155645
525.3682,Collider_Roger_State_action,0.1239836
525.3793,Collider_Roger_State_action,0.1259901
525.3904,Collider_Roger_State_action,0.1259749
525.4018,Collider_Roger_State_action,0.1269695
525.4127,Collider_Roger_State_action,0.1208266
525.4237,Collider_Roger_State_action,0.1211704
525.4349,Collider_Roger_State_action,0.1236478
525.4459,Collider_Roger_State_action,0.1253048
525.457,Collider_Roger_State_action,0.1239744
525.4681,Collider_Roger_State_action,0.1237904
525.4794,Collider_Roger_State_action,0.114334
525.4905,Collider_Roger_State_action,0.1114812
525.5013,Collider_Roger_State_action,0.1139137
525.5129,Collider_Roger_State_action,0.1142448
525.5236,Collider_Roger_State_action,0.1214406
525.535,Collider_Roger_State_action,0.1176922
525.546,Collider_Roger_State_action,0.1232029
525.5569,Collider_Roger_State_action,0.1212258
525.5681,Collider_Roger_State_action,0.1252639
525.5792,Collider_Roger_State_action,0.12305
525.5903,Collider_Roger_State_action,0.1235747
525.6015,Collider_Roger_State_action,0.1247319
525.6129,Collider_Roger_State_action,0.1315655
525.6238,Collider_Roger_State_action,0.1331342
525.6348,Collider_Roger_State_action,0.1291106
525.6458,Collider_Roger_State_action,0.1273684
525.6569,Collider_Roger_State_action,0.1295617
525.6683,Collider_Roger_State_action,0.1327709
525.6793,Collider_Roger_State_action,0.1275721
525.6904,Collider_Roger_State_action,0.1242478
525.7014,Collider_Roger_State_action,0.116939
525.7128,Collider_Roger_State_action,0.1058684
525.7237,Collider_Roger_State_action,0.09852584
525.7347,Collider_Roger_State_action,0.0877388
525.7459,Collider_Roger_State_action,0.07782383
525.757,Collider_Roger_State_action,0.06507014
525.7681,Collider_Roger_State_action,0.05543796
525.7792,Collider_Roger_State_action,0.05460234
525.7904,Collider_Roger_State_action,0.07176195
525.8013,Collider_Roger_State_action,0.09239655
525.8124,Collider_Roger_State_action,0.1018556
525.8235,Collider_Roger_State_action,0.1018281
525.8345,Collider_Roger_State_action,0.09475265
525.8457,Collider_Roger_State_action,0.08494312
525.8567,Collider_Roger_State_action,0.07455646
525.8679,Collider_Roger_State_action,0.06485093
525.8793,Collider_Roger_State_action,0.05711414
525.8902,Collider_Roger_State_action,0.06856624
525.9011,Collider_Roger_State_action,0.0787908
525.9123,Collider_Roger_State_action,0.08564602
525.9235,Collider_Roger_State_action,0.08117878
525.9345,Collider_Roger_State_action,0.07933699
525.9457,Collider_Roger_State_action,0.07951505
525.9568,Collider_Roger_State_action,0.07950461
525.968,Collider_Roger_State_action,0.08335049
525.9791,Collider_Roger_State_action,0.08248227
525.9908,Collider_Roger_State_action,0.09295736
526.0014,Collider_Roger_State_action,0.103246
526.0123,Collider_Roger_State_action,0.1029754
526.0234,Collider_Roger_State_action,0.1040451
526.0347,Collider_Roger_State_action,0.09714391
526.0457,Collider_Roger_State_action,0.09279446
526.0568,Collider_Roger_State_action,0.08843843
526.0679,Collider_Roger_State_action,0.08226059
526.0791,Collider_Roger_State_action,0.07098372
526.0902,Collider_Roger_State_action,0.06381392
526.1015,Collider_Roger_State_action,0.05597906
526.1125,Collider_Roger_State_action,0.04660977
526.1235,Collider_Roger_State_action,0.03487361
526.1348,Collider_Roger_State_action,0.0286633
526.1457,Collider_Roger_State_action,0.02262547
526.1577,Collider_Roger_State_action,0.009578781
526.169,Collider_Roger_State_action,0.01236858
526.1791,Collider_Roger_State_action,0.01558931
526.1899,Collider_Roger_State_action,0.01930711
526.201,Collider_Roger_State_action,0.027744
526.2122,Collider_Roger_State_action,0.02768876
526.2233,Collider_Roger_State_action,0.02806029
526.2343,Collider_Roger_State_action,0.02451486
526.2454,Collider_Roger_State_action,0.0229284
526.2565,Collider_Roger_State_action,0.01916234
526.2677,Collider_Roger_State_action,0.01947802
526.2789,Collider_Roger_State_action,0.02010145
526.2899,Collider_Roger_State_action,0.02538341
526.3009,Collider_Roger_State_action,0.02562631
526.312,Collider_Roger_State_action,0.02967526
526.3232,Collider_Roger_State_action,0.02932201
526.3342,Collider_Roger_State_action,0.02790722
526.3455,Collider_Roger_State_action,0.03114597
526.3566,Collider_Roger_State_action,0.02687797
526.3676,Collider_Roger_State_action,0.0245772
526.3787,Collider_Roger_State_action,0.03285342
526.3898,Collider_Roger_State_action,0.03742037
526.4009,Collider_Roger_State_action,0.05090682
526.4121,Collider_Roger_State_action,0.06164297
526.4232,Collider_Roger_State_action,0.07437664
526.4346,Collider_Roger_State_action,0.08657967
526.4455,Collider_Roger_State_action,0.1074247
526.4567,Collider_Roger_State_action,0.1200736
526.4675,Collider_Roger_State_action,0.1270931
526.4787,Collider_Roger_State_action,0.1333687
526.4902,Collider_Roger_State_action,0.1365053
526.501,Collider_Roger_State_action,0.1362664
526.5121,Collider_Roger_State_action,0.1409317
526.5234,Collider_Roger_State_action,0.1479985
526.5342,Collider_Roger_State_action,0.1538389
526.5457,Collider_Roger_State_action,0.1582086
526.5568,Collider_Roger_State_action,0.1587694
526.5682,Collider_Roger_State_action,0.1623857
526.5789,Collider_Roger_State_action,0.1687096
526.59,Collider_Roger_State_action,0.1684814
526.601,Collider_Roger_State_action,0.1686825
526.6123,Collider_Roger_State_action,0.1730387
526.6237,Collider_Roger_State_action,0.1746428
526.6346,Collider_Roger_State_action,0.1762442
526.6456,Collider_Roger_State_action,0.1759186
526.6569,Collider_Roger_State_action,0.1745243
526.6678,Nullreference,0.1719774
526.679,Collider_Roger_State_action,0.1708043
526.6902,Collider_Roger_State_action,0.1701434
526.7011,Collider_Roger_State_action,0.1634692
526.7128,Collider_Roger_State_action,0.162713
526.7238,Collider_Roger_State_action,0.1654214
526.7346,Collider_Roger_State_action,0.1603184
526.7458,Collider_Roger_State_action,0.1588989
526.7569,Collider_Roger_State_action,0.1584951
526.7684,Collider_Roger_State_action,0.1582063
526.779,Collider_Roger_State_action,0.1476168
526.7899,Collider_Roger_State_action,0.1393598
526.8011,Collider_Roger_State_action,0.1361831
526.8132,Collider_Roger_State_action,0.1241542
526.8233,Collider_Roger_State_action,0.1176853
526.8344,Collider_Roger_State_action,0.1128228
526.8455,Collider_Roger_State_action,0.106339
526.8566,Collider_Roger_State_action,0.1039845
526.8677,Collider_Roger_State_action,0.0932616
526.8788,Collider_Roger_State_action,0.09417319
526.89,Collider_Roger_State_action,0.1052557
526.9011,Collider_Roger_State_action,0.1300469
526.9123,Collider_Roger_State_action,0.1707306
526.9233,Collider_Roger_State_action,0.2113025
526.9344,Collider_Roger_State_action,0.2401478
526.946,Collider_Roger_State_action,0.2729133
526.9566,Collider_Roger_State_action,0.3006299
526.9683,Collider_Roger_State_action,0.3270109
526.9788,Collider_Roger_State_action,0.3453921
526.9899,Collider_Roger_State_action,0.3632925
527.0012,Collider_Roger_State_action,0.372455
527.0121,Collider_Roger_State_action,0.3782823
527.0232,Collider_Roger_State_action,0.3782009
527.0342,Collider_Roger_State_action,0.3790973
527.0454,Collider_Roger_State_action,0.3731296
527.0566,Collider_Roger_State_action,0.3692765
527.0677,Collider_Roger_State_action,0.3583941
527.0789,Collider_Roger_State_action,0.3448402
527.09,Collider_Roger_State_action,0.3306878
527.1011,Collider_Roger_State_action,0.315298
527.1119,Collider_Roger_State_action,0.2981462
527.1232,Collider_Roger_State_action,0.2875307
527.1343,Collider_Roger_State_action,0.2762091
527.1455,Collider_Roger_State_action,0.2649469
527.1567,Collider_Roger_State_action,0.2539841
527.1677,Collider_Roger_State_action,0.2455322
527.1786,Collider_Roger_State_action,0.234878
527.1899,Collider_Roger_State_action,0.2259384
527.201,Collider_Roger_State_action,0.2203344
527.212,Collider_Roger_State_action,0.2074264
527.2234,Collider_Roger_State_action,0.1989113
527.2343,Collider_Roger_State_action,0.1784027
527.2453,Collider_Roger_State_action,0.158383
527.2565,Collider_Roger_State_action,0.145511
527.2677,Collider_Roger_State_action,0.1360851
527.2786,Collider_Roger_State_action,0.1215883
527.29,Collider_Roger_State_action,0.1204045
527.3008,Collider_Roger_State_action,0.1105915
527.3121,Collider_Roger_State_action,0.09168646
527.3232,Collider_Roger_State_action,0.07875113
527.3342,Collider_Roger_State_action,0.0643517
527.3453,Collider_Roger_State_action,0.05543917
527.3565,Collider_Roger_State_action,0.0485784
527.3676,Collider_Roger_State_action,0.03932623
527.3786,Collider_Roger_State_action,0.03307795
527.3902,Collider_Roger_State_action,0.03035334
527.4011,Collider_Roger_State_action,0.02853589
527.412,Collider_Roger_State_action,0.02890581
527.423,Collider_Roger_State_action,0.0363411
527.4343,Collider_Roger_State_action,0.03674041
527.4452,Collider_Roger_State_action,0.03508848
527.4563,Collider_Roger_State_action,0.03414762
527.4675,Collider_Roger_State_action,0.02922878
527.4787,Collider_Roger_State_action,0.02420157
527.4899,Collider_Roger_State_action,0.02691664
527.5009,Collider_Roger_State_action,0.03064426
527.5118,Collider_Roger_State_action,0.03928727
527.5232,Collider_Roger_State_action,0.04992523
527.5347,Collider_Roger_State_action,0.06255865
527.5457,Collider_Roger_State_action,0.0681138
527.5563,Collider_Roger_State_action,0.07251741
527.5673,Collider_Roger_State_action,0.07909101
527.5786,Collider_Roger_State_action,0.0821715
527.5896,Collider_Roger_State_action,0.0818741
527.6008,Collider_Roger_State_action,0.09273138
527.6118,Collider_Roger_State_action,0.105738
527.6227,Collider_Roger_State_action,0.1221171
527.6341,Collider_Roger_State_action,0.1552868
527.6452,Collider_Roger_State_action,0.1927809
527.6566,Collider_Roger_State_action,0.2432403
527.6674,Collider_Roger_State_action,0.2829569
527.6785,Collider_Roger_State_action,0.3384491
527.6896,Collider_Roger_State_action,0.3912919
527.7006,Collider_Roger_State_action,0.4378434
527.7118,Collider_Roger_State_action,0.4793264
527.7228,Collider_Roger_State_action,0.5117898
527.7339,Collider_Roger_State_action,0.5519132
527.7451,Collider_Roger_State_action,0.5771627
527.7563,Collider_Roger_State_action,0.6035518
527.7672,Collider_Roger_State_action,0.6164696
527.7784,Collider_Roger_State_action,0.6287522
527.7895,Collider_Roger_State_action,0.6339893
527.8008,Collider_Roger_State_action,0.6395146
527.8118,Collider_Roger_State_action,0.647047
527.8228,Collider_Roger_State_action,0.6545491
527.8342,Collider_Roger_State_action,0.6691416
527.8455,Collider_Roger_State_action,0.6747376
527.8563,Collider_Roger_State_action,0.6793367
527.8672,Collider_Roger_State_action,0.6735023
527.8788,Collider_Roger_State_action,0.6550598
527.8895,Collider_Roger_State_action,0.6426507
527.9006,Collider_Roger_State_action,0.6135468
527.9117,Collider_Roger_State_action,0.591068
527.9229,Collider_Roger_State_action,0.5548278
527.934,Collider_Roger_State_action,0.5254122
527.945,Collider_Roger_State_action,0.4951426
527.9563,Collider_Roger_State_action,0.459412
527.9676,Collider_Roger_State_action,0.430208
527.9786,Collider_Roger_State_action,0.3950978
527.9896,Collider_Roger_State_action,0.3655879
528.0007,Collider_Roger_State_action,0.329996
528.0118,Collider_Roger_State_action,0.308025
528.0228,Collider_Roger_State_action,0.3035039
528.0342,Collider_Roger_State_action,0.302786
528.045,Collider_Roger_State_action,0.2929343
528.0565,Collider_Roger_State_action,0.2664388
528.0673,Collider_Roger_State_action,0.2340928
528.0784,Collider_Roger_State_action,0.1983965
528.0894,Collider_Roger_State_action,0.1580014
528.1006,Collider_Roger_State_action,0.1351386
528.1123,Collider_Roger_State_action,0.1129377
528.1229,Collider_Roger_State_action,0.1021167
528.1338,Collider_Roger_State_action,0.1050326
528.1449,Collider_Roger_State_action,0.130659
528.1563,Collider_Roger_State_action,0.155088
528.1672,Collider_Roger_State_action,0.1888295
528.1783,Collider_Roger_State_action,0.2098058
528.1893,Collider_Roger_State_action,0.2364991
528.2006,Collider_Roger_State_action,0.2515363
528.2119,Collider_Roger_State_action,0.2629336
528.223,Collider_Roger_State_action,0.2647529
528.234,Collider_Roger_State_action,0.2410436
528.2449,Collider_Roger_State_action,0.2155821
528.256,Collider_Roger_State_action,0.1864754
528.2672,Collider_Roger_State_action,0.1454519
528.2787,Collider_Roger_State_action,0.1166764
528.2895,Collider_Roger_State_action,0.09721374
528.3007,Collider_Roger_State_action,0.1007092
528.3116,Collider_Roger_State_action,0.1167429
528.3229,Collider_Roger_State_action,0.1309224
528.3339,Collider_Roger_State_action,0.1524878
528.3448,Collider_Roger_State_action,0.1615241
528.3566,Collider_Roger_State_action,0.1712614
528.3672,Collider_Roger_State_action,0.1704787
528.3782,Collider_Roger_State_action,0.1650183
528.3895,Collider_Roger_State_action,0.1680312
528.4009,Collider_Roger_State_action,0.1715637
528.412,Collider_Roger_State_action,0.1758244
528.4228,Collider_Roger_State_action,0.1833984
528.4339,Collider_Roger_State_action,0.1993586
528.445,Collider_Roger_State_action,0.2323554
528.456,Collider_Roger_State_action,0.2643683
528.467,Collider_Roger_State_action,0.3013491
528.478,Collider_Roger_State_action,0.3262836
528.4893,Collider_Roger_State_action,0.3411657
528.5004,Collider_Roger_State_action,0.3587029
528.5113,Collider_Roger_State_action,0.3693684
528.5225,Collider_Roger_State_action,0.3859127
528.5339,Collider_Roger_State_action,0.3991594
528.5448,Collider_Roger_State_action,0.4150813
528.5557,Collider_Roger_State_action,0.4297855
528.567,Collider_Roger_State_action,0.430026
528.5781,Collider_Roger_State_action,0.4215676
528.5891,Collider_Roger_State_action,0.4108743
528.6002,Collider_Roger_State_action,0.3835914
528.6116,Collider_Roger_State_action,0.3673397
528.6227,Collider_Roger_State_action,0.338746
528.6336,Collider_Roger_State_action,0.3029533
528.6446,Collider_Roger_State_action,0.2642457
528.6557,Collider_Roger_State_action,0.2190635
528.6669,Collider_Roger_State_action,0.180374
528.678,Collider_Roger_State_action,0.1379109
528.6891,Collider_Roger_State_action,0.1115784
528.7003,Collider_Roger_State_action,0.08359258
528.7112,Collider_Roger_State_action,0.08125737
528.7224,Collider_Roger_State_action,0.08991002
528.7336,Collider_Roger_State_action,0.09997774
528.7451,Collider_Roger_State_action,0.1159276
528.7557,Collider_Roger_State_action,0.1434358
528.7669,Collider_Roger_State_action,0.1658506
528.778,Collider_Roger_State_action,0.186687
528.7889,Collider_Roger_State_action,0.2153444
528.8001,Collider_Roger_State_action,0.2359309
528.8112,Collider_Roger_State_action,0.2545013
528.8223,Collider_Roger_State_action,0.2679819
528.8336,Collider_Roger_State_action,0.2920374
528.8445,Collider_Roger_State_action,0.3070644
528.8557,Collider_Roger_State_action,0.327634
528.8666,Collider_Roger_State_action,0.363068
528.8777,Collider_Roger_State_action,0.3971052
528.8889,Collider_Roger_State_action,0.4272308
528.9,Collider_Roger_State_action,0.4463559
528.9111,Collider_Roger_State_action,0.4594043
528.9222,Collider_Roger_State_action,0.4667273
528.9335,Collider_Roger_State_action,0.466627
528.9447,Collider_Roger_State_action,0.4654678
528.9556,Collider_Roger_State_action,0.4627575
528.9665,Collider_Roger_State_action,0.4569184
528.9777,Collider_Roger_State_action,0.4475975
528.9896,Collider_Roger_State_action,0.4377149
529.0001,Collider_Roger_State_action,0.427408
529.0112,Collider_Roger_State_action,0.4128822
529.0222,Collider_Roger_State_action,0.3998785
529.0334,Collider_Roger_State_action,0.3829366
529.0444,Collider_Roger_State_action,0.3591857
529.0555,Collider_Roger_State_action,0.3326696
529.0667,Collider_Roger_State_action,0.3050027
529.0779,Collider_Roger_State_action,0.2839434
529.0893,Collider_Roger_State_action,0.2689285
529.1001,Collider_Roger_State_action,0.2579628
529.111,Collider_Roger_State_action,0.2511581
529.1221,Collider_Roger_State_action,0.2467919
529.1334,Collider_Roger_State_action,0.2522024
529.1445,Collider_Roger_State_action,0.2527066
529.1555,Collider_Roger_State_action,0.2425143
529.1667,Collider_Roger_State_action,0.2294662
529.1777,Collider_Roger_State_action,0.225868
529.1887,Collider_Roger_State_action,0.2148544
529.1999,Collider_Roger_State_action,0.2110189
529.2115,Collider_Roger_State_action,0.2165949
529.2224,Collider_Roger_State_action,0.2075606
529.2335,Collider_Roger_State_action,0.2066182
529.2441,Collider_Roger_State_action,0.2050896
529.2555,Collider_Roger_State_action,0.2068072
529.2667,Collider_Roger_State_action,0.204627
529.2783,Collider_Roger_State_action,0.1949693
529.2888,Collider_Roger_State_action,0.1887783
529.2999,Collider_Roger_State_action,0.1799696
529.3111,Collider_Roger_State_action,0.1798374
529.3223,Collider_Roger_State_action,0.1739277
529.3332,Collider_Roger_State_action,0.1629903
529.3442,Collider_Roger_State_action,0.1561409
529.3557,Collider_Roger_State_action,0.1556461
529.3666,Collider_Roger_State_action,0.1584204
529.3776,Collider_Roger_State_action,0.163036
529.3888,Collider_Roger_State_action,0.1575961
529.3998,Collider_Roger_State_action,0.1543271
529.4114,Collider_Roger_State_action,0.151581
529.4226,Collider_Roger_State_action,0.1404226
529.4332,Collider_Roger_State_action,0.1234184
529.4446,Collider_Roger_State_action,0.1007025
529.4553,Collider_Roger_State_action,0.08230366
529.4669,Collider_Roger_State_action,0.07124481
529.4776,Collider_Roger_State_action,0.05822764
529.4886,Collider_Roger_State_action,0.05454623
529.4996,Collider_Roger_State_action,0.06009439
529.5109,Collider_Roger_State_action,0.07205326
529.522,Collider_Roger_State_action,0.08049122
529.533,Collider_Roger_State_action,0.1032882
529.5441,Collider_Roger_State_action,0.1074787
529.5554,Collider_Roger_State_action,0.1199624
529.5665,Collider_Roger_State_action,0.1274934
529.5777,Collider_Roger_State_action,0.1305793
529.5885,Collider_Roger_State_action,0.1341225
529.5995,Collider_Roger_State_action,0.1383853
529.6108,Collider_Roger_State_action,0.146645
529.6221,Collider_Roger_State_action,0.1429596
529.633,Collider_Roger_State_action,0.1373293
529.6442,Collider_Roger_State_action,0.1337709
529.6552,Collider_Roger_State_action,0.1348285
529.6669,Collider_Roger_State_action,0.124417
529.6776,Collider_Roger_State_action,0.1310042
529.6886,Collider_Roger_State_action,0.1367035
529.6996,Collider_Roger_State_action,0.139527
529.7109,Collider_Roger_State_action,0.1375345
529.7219,Collider_Roger_State_action,0.1388952
529.7332,Collider_Roger_State_action,0.1362341
529.7446,Collider_Roger_State_action,0.1382847
529.7552,Collider_Roger_State_action,0.128658
529.7663,Collider_Roger_State_action,0.1290027
529.7775,Collider_Roger_State_action,0.1272627
529.7886,Collider_Roger_State_action,0.1327244
529.7996,Collider_Roger_State_action,0.1337542
529.8108,Collider_Roger_State_action,0.1459396
529.8219,Collider_Roger_State_action,0.1640209
529.8329,Collider_Roger_State_action,0.178155
529.8441,Collider_Roger_State_action,0.1971648
529.8551,Collider_Roger_State_action,0.2036138
529.8666,Collider_Roger_State_action,0.2147754
529.8775,Collider_Roger_State_action,0.2241362
529.8885,Collider_Roger_State_action,0.234648
529.8996,Collider_Roger_State_action,0.2456509
529.9107,Collider_Roger_State_action,0.2448437
529.9218,Collider_Roger_State_action,0.245476
529.9329,Collider_Roger_State_action,0.2527311
529.9439,Collider_Roger_State_action,0.2534845
529.9551,Collider_Roger_State_action,0.2477398
529.9662,Collider_Roger_State_action,0.2284717
529.9772,Collider_Roger_State_action,0.2010062
529.9884,Collider_Roger_State_action,0.1700612
529.9994,Collider_Roger_State_action,0.1384496
530.0107,Collider_Roger_State_action,0.1133161
530.0219,Collider_Roger_State_action,0.09718041
530.0328,Collider_Roger_State_action,0.08523129
530.0438,Collider_Roger_State_action,0.07742349
530.055,Collider_Roger_State_action,0.07198014
530.0662,Collider_Roger_State_action,0.05923524
530.0771,Collider_Roger_State_action,0.05313823
530.0884,Collider_Roger_State_action,0.04825737
530.0998,Collider_Roger_State_action,0.04564873
530.1104,Collider_Roger_State_action,0.05005892
530.1215,Collider_Roger_State_action,0.04293508
530.1328,Collider_Roger_State_action,0.05152885
530.1437,Collider_Roger_State_action,0.05601731
530.1549,Collider_Roger_State_action,0.05899297
530.1658,Collider_Roger_State_action,0.0629378
530.1772,Collider_Roger_State_action,0.0650444
530.1884,Collider_Roger_State_action,0.07067957
530.1995,Collider_Roger_State_action,0.06474331
530.2104,Collider_Roger_State_action,0.05890114
530.2215,Collider_Roger_State_action,0.05252141
530.2325,Collider_Roger_State_action,0.05128509
530.2436,Collider_Roger_State_action,0.05072792
530.2548,Collider_Roger_State_action,0.05433014
530.266,Collider_Roger_State_action,0.05022393
530.277,Collider_Roger_State_action,0.04650897
530.2881,Collider_Roger_State_action,0.04045855
530.2993,Collider_Roger_State_action,0.03608141
530.3103,Collider_Roger_State_action,0.03440477
530.322,Collider_Roger_State_action,0.03698793
530.3325,Collider_Roger_State_action,0.0449137
530.3436,Collider_Roger_State_action,0.04858527
530.355,Collider_Roger_State_action,0.05578949
530.366,Collider_Roger_State_action,0.06131436
530.3769,Collider_Roger_State_action,0.06737641
530.3881,Collider_Roger_State_action,0.06969888
530.3993,Collider_Roger_State_action,0.07068842
530.4103,Collider_Roger_State_action,0.06109679
530.4216,Collider_Roger_State_action,0.06288863
530.4326,Collider_Roger_State_action,0.06494632
530.4437,Collider_Roger_State_action,0.06682681
530.4548,Collider_Roger_State_action,0.08084686
530.4658,Collider_Roger_State_action,0.08963024
530.4769,Collider_Roger_State_action,0.1009251
530.488,Collider_Roger_State_action,0.1089334
530.4998,Collider_Roger_State_action,0.1168448
530.5101,Collider_Roger_State_action,0.12871
530.5212,Collider_Roger_State_action,0.1380863
530.5325,Collider_Roger_State_action,0.1508015
530.5436,Collider_Roger_State_action,0.1587351
530.5548,Collider_Roger_State_action,0.1636011
530.5657,Collider_Roger_State_action,0.1652158
530.5768,Collider_Roger_State_action,0.1626704
530.5883,Collider_Roger_State_action,0.1586477
530.5992,Collider_Roger_State_action,0.1526229
530.6104,Collider_Roger_State_action,0.1489154
530.6214,Collider_Roger_State_action,0.14434
530.6325,Collider_Roger_State_action,0.1371658
530.6435,Collider_Roger_State_action,0.1351664
530.6548,Collider_Roger_State_action,0.1292932
530.6658,Collider_Roger_State_action,0.1211771
530.6773,Collider_Roger_State_action,0.1105509
530.688,Collider_Roger_State_action,0.09762529
530.6991,Collider_Roger_State_action,0.09103837
530.7104,Collider_Roger_State_action,0.08944598
530.7215,Collider_Roger_State_action,0.08288006
530.7327,Collider_Roger_State_action,0.08595621
530.7437,Collider_Roger_State_action,0.08463549
530.7548,Collider_Roger_State_action,0.08303705
530.7659,Collider_Roger_State_action,0.08653794
530.7768,Collider_Roger_State_action,0.08407608
530.7885,Collider_Roger_State_action,0.08760715
530.799,Collider_Roger_State_action,0.08541892
530.8101,Collider_Roger_State_action,0.0833741
530.8214,Collider_Roger_State_action,0.08469065
530.8323,Collider_Roger_State_action,0.0789578
530.8435,Collider_Roger_State_action,0.07448248
530.8546,Collider_Roger_State_action,0.06635433
530.8657,Collider_Roger_State_action,0.05706663
530.8769,Collider_Roger_State_action,0.04874977
530.8885,Collider_Roger_State_action,0.03754791
530.8991,Collider_Roger_State_action,0.03804738
530.9103,Collider_Roger_State_action,0.03732235
530.9218,Collider_Roger_State_action,0.03606939
530.9324,Collider_Roger_State_action,0.03999257
530.9435,Collider_Roger_State_action,0.04485911
530.9547,Collider_Roger_State_action,0.04882514
530.9658,Collider_Roger_State_action,0.05794527
530.9767,Collider_Roger_State_action,0.06438202
530.988,Collider_Roger_State_action,0.07591274
530.9991,Collider_Roger_State_action,0.0839754
531.0101,Collider_Roger_State_action,0.09088979
531.0213,Collider_Roger_State_action,0.09413961
531.0323,Collider_Roger_State_action,0.1054913
531.0435,Collider_Roger_State_action,0.1104488
531.0546,Collider_Roger_State_action,0.1194421
531.0657,Collider_Roger_State_action,0.1243075
531.0768,Collider_Roger_State_action,0.1253228
531.0879,Collider_Roger_State_action,0.1326023
531.0992,Collider_Roger_State_action,0.1343557
531.1106,Collider_Roger_State_action,0.1384289
531.1213,Collider_Roger_State_action,0.133024
531.1323,Collider_Roger_State_action,0.1279848
531.1435,Collider_Roger_State_action,0.1197537
531.1547,Collider_Roger_State_action,0.1183805
531.1658,Collider_Roger_State_action,0.1096676
531.1768,Collider_Roger_State_action,0.1149249
531.188,Collider_Roger_State_action,0.1145391
531.1991,Collider_Roger_State_action,0.1159453
531.2101,Collider_Roger_State_action,0.120333
531.2214,Collider_Roger_State_action,0.1186553
531.2328,Collider_Roger_State_action,0.1111633
531.2435,Collider_Roger_State_action,0.1085225
531.2546,Collider_Roger_State_action,0.1034345
531.2659,Collider_Roger_State_action,0.09358908
531.2767,Collider_Roger_State_action,0.08398601
531.2881,Collider_Roger_State_action,0.07742083
531.2994,Collider_Roger_State_action,0.07161757
531.3103,Collider_Roger_State_action,0.05559323
531.3213,Collider_Roger_State_action,0.04333824
531.3323,Collider_Roger_State_action,0.03383302
531.3435,Collider_Roger_State_action,0.02717571
531.3546,Collider_Roger_State_action,0.01915595
531.366,Collider_Roger_State_action,0.01548112
531.3773,Collider_Roger_State_action,0.01780302
531.3882,Collider_Roger_State_action,0.02063841
531.3988,Collider_Roger_State_action,0.0244176
531.41,Collider_Roger_State_action,0.02664041
531.4211,Collider_Roger_State_action,0.03401872
531.4324,Collider_Roger_State_action,0.03746663
531.4434,Collider_Roger_State_action,0.04568164
531.4547,Collider_Roger_State_action,0.06113439
531.4656,Collider_Roger_State_action,0.07351796
531.4767,Collider_Roger_State_action,0.08252107
531.4879,Collider_Roger_State_action,0.08904437
531.4999,Collider_Roger_State_action,0.08715419
531.5101,Collider_Roger_State_action,0.09764644
531.5213,Collider_Roger_State_action,0.0955698
531.5324,Collider_Roger_State_action,0.09200832
531.5438,Collider_Roger_State_action,0.08092775
531.5544,Collider_Roger_State_action,0.06987535
531.5659,Collider_Roger_State_action,0.05470467
531.5768,Collider_Roger_State_action,0.03764042
531.5878,Collider_Roger_State_action,0.02945473
531.5989,Collider_Roger_State_action,0.04149265
531.61,Collider_Roger_State_action,0.06213345
531.6211,Collider_Roger_State_action,0.08922076
531.6323,Collider_Roger_State_action,0.1192752
531.6439,Collider_Roger_State_action,0.1479522
531.6546,Collider_Roger_State_action,0.1736312
531.6659,Collider_Roger_State_action,0.2113712
531.6769,Collider_Roger_State_action,0.2336916
531.6879,Collider_Roger_State_action,0.2554427
531.699,Collider_Roger_State_action,0.2774117
531.7101,Collider_Roger_State_action,0.2939929
531.7211,Collider_Roger_State_action,0.30602
531.7321,Collider_Roger_State_action,0.3103682
531.7434,Collider_Roger_State_action,0.3166955
531.7545,Collider_Roger_State_action,0.3247756
531.7655,Collider_Roger_State_action,0.3294496
531.7767,Collider_Roger_State_action,0.3340056
531.7878,Collider_Roger_State_action,0.3384112
531.7988,Collider_Roger_State_action,0.3434464
531.81,Collider_Roger_State_action,0.3438049
531.8214,Collider_Roger_State_action,0.3387251
531.8322,Collider_Roger_State_action,0.3336345
531.8432,Collider_Roger_State_action,0.3185101
531.8544,Collider_Roger_State_action,0.3096031
531.8658,Collider_Roger_State_action,0.294174
531.8765,Collider_Roger_State_action,0.28618
531.8876,Collider_Roger_State_action,0.2746356
531.8989,Collider_Roger_State_action,0.2709507
531.9099,Collider_Roger_State_action,0.2629811
531.9211,Collider_Roger_State_action,0.2554606
531.9319,Collider_Roger_State_action,0.2458617
531.9432,Collider_Roger_State_action,0.2349379
531.9546,Collider_Roger_State_action,0.2258466
531.9654,Collider_Roger_State_action,0.2119548
531.9766,Collider_Roger_State_action,0.2055241
531.9877,Collider_Roger_State_action,0.189763
531.9988,Collider_Roger_State_action,0.1760455
532.0099,Collider_Roger_State_action,0.1630159
532.0216,Collider_Roger_State_action,0.1468071
532.0322,Collider_Roger_State_action,0.1339096
532.0431,Collider_Roger_State_action,0.1194203
532.0545,Collider_Roger_State_action,0.1091679
532.0656,Collider_Roger_State_action,0.09556259
532.0764,Collider_Roger_State_action,0.07481601
532.0875,Collider_Roger_State_action,0.05447611
532.0988,Collider_Roger_State_action,0.04796097
532.1099,Collider_Roger_State_action,0.04544548
532.1208,Collider_Roger_State_action,0.04873747
532.1371,Collider_Roger_State_action,0.04494108
532.1462,Collider_Roger_State_action,0.04712651
532.1548,Collider_Roger_State_action,0.04394697
532.1628,Collider_Roger_State_action,0.04872771
532.1724,Collider_Roger_State_action,0.04567415
532.1837,Collider_Roger_State_action,0.04517135
532.1946,Collider_Roger_State_action,0.04641424
532.2059,Collider_Roger_State_action,0.04623669
532.2173,Collider_Roger_State_action,0.0497519
532.228,Collider_Roger_State_action,0.05491588
532.2393,Collider_Roger_State_action,0.06197337
532.2503,Collider_Roger_State_action,0.06655848
532.2614,Collider_Roger_State_action,0.06905956
532.2724,Collider_Roger_State_action,0.06898405
532.2836,Collider_Roger_State_action,0.07236381
532.2948,Collider_Roger_State_action,0.07336915
532.306,Collider_Roger_State_action,0.07017945
532.317,Collider_Roger_State_action,0.06885383
532.328,Collider_Roger_State_action,0.07236609
532.3394,Collider_Roger_State_action,0.07718385
532.3502,Collider_Roger_State_action,0.07631934
532.3614,Collider_Roger_State_action,0.07829995
532.3725,Collider_Roger_State_action,0.07609338
532.3835,Collider_Roger_State_action,0.07720848
532.3949,Collider_Roger_State_action,0.07363462
532.4058,Collider_Roger_State_action,0.08070666
532.417,Collider_Roger_State_action,0.08117107
532.428,Collider_Roger_State_action,0.09230178
532.4391,Collider_Roger_State_action,0.09664541
532.4502,Collider_Roger_State_action,0.1079952
532.4613,Collider_Roger_State_action,0.10816
532.4725,Collider_Roger_State_action,0.113307
532.4835,Collider_Roger_State_action,0.1199912
532.4948,Collider_Roger_State_action,0.12279
532.5061,Collider_Roger_State_action,0.1254419
532.5176,Collider_Roger_State_action,0.128887
532.529,Collider_Roger_State_action,0.132003
532.5402,Collider_Roger_State_action,0.1395172
532.5514,Collider_Roger_State_action,0.1472515
532.5629,Collider_Roger_State_action,0.150099
532.574,Collider_Roger_State_action,0.1525857
532.5856,Collider_Roger_State_action,0.1529826
532.5969,Collider_Roger_State_action,0.1497275
532.6081,Collider_Roger_State_action,0.1470749
532.6201,Collider_Roger_State_action,0.1439071
532.6304,Collider_Roger_State_action,0.1446713
532.6422,Collider_Roger_State_action,0.1463937
532.653,Collider_Roger_State_action,0.1446618
532.6646,Collider_Roger_State_action,0.1413876
532.6757,Collider_Roger_State_action,0.1398197
532.6876,Collider_Roger_State_action,0.1352828
532.6982,Collider_Roger_State_action,0.1263272
532.7097,Collider_Roger_State_action,0.1206541
532.7214,Collider_Roger_State_action,0.1197761
532.7319,Collider_Roger_State_action,0.119542
532.7431,Collider_Roger_State_action,0.1221873
532.754,Collider_Roger_State_action,0.1253955
532.7652,Collider_Roger_State_action,0.1240374
532.7762,Collider_Roger_State_action,0.1245192
532.7874,Collider_Roger_State_action,0.1277213
532.8027,Collider_Roger_State_action,0.1278399
532.8103,Collider_Roger_State_action,0.1236914
532.8184,Collider_Roger_State_action,0.1270976
532.8286,Collider_Roger_State_action,0.131897
532.8396,Collider_Roger_State_action,0.1259372
532.8508,Collider_Roger_State_action,0.127103
532.8619,Collider_Roger_State_action,0.1300594
532.8729,Collider_Roger_State_action,0.1340519
532.884,Collider_Roger_State_action,0.1443655
532.8951,Collider_Roger_State_action,0.1566199
532.9064,Collider_Roger_State_action,0.1623252
532.9174,Collider_Roger_State_action,0.1727457
532.9284,Collider_Roger_State_action,0.1818158
532.9396,Collider_Roger_State_action,0.1922188
532.9508,Collider_Roger_State_action,0.1998022
532.9619,Collider_Roger_State_action,0.2082168
532.9731,Collider_Roger_State_action,0.2213724
532.9839,Collider_Roger_State_action,0.2241728
532.9951,Collider_Roger_State_action,0.2351549
533.0061,Collider_Roger_State_action,0.2429242
533.0173,Collider_Roger_State_action,0.2479923
533.0284,Collider_Roger_State_action,0.2548022
533.0397,Collider_Roger_State_action,0.2619834
533.0507,Collider_Roger_State_action,0.266567
533.0617,Collider_Roger_State_action,0.2782046
533.0728,Collider_Roger_State_action,0.2899459
533.0839,Collider_Roger_State_action,0.3063477
533.095,Collider_Roger_State_action,0.3075056
533.1061,Collider_Roger_State_action,0.3175269
533.1172,Collider_Roger_State_action,0.3199297
533.1286,Collider_Roger_State_action,0.3263506
533.1397,Collider_Roger_State_action,0.3226306
533.1507,Collider_Roger_State_action,0.3195013
533.1617,Collider_Roger_State_action,0.313996
533.1732,Collider_Roger_State_action,0.3029157
533.1845,Collider_Roger_State_action,0.2919181
533.1957,Collider_Roger_State_action,0.2833788
533.2069,Collider_Roger_State_action,0.2749657
533.2184,Collider_Roger_State_action,0.2601447
533.2297,Collider_Roger_State_action,0.2445592
533.2411,Collider_Roger_State_action,0.2237499
533.2523,Collider_Roger_State_action,0.2041031
533.2637,Collider_Roger_State_action,0.1775763
533.2745,Collider_Roger_State_action,0.1530385
533.2863,Collider_Roger_State_action,0.1345606
533.2972,Collider_Roger_State_action,0.1153644
533.3087,Collider_Roger_State_action,0.09562626
533.3198,Collider_Roger_State_action,0.08769347
533.3317,Collider_Roger_State_action,0.07738632
533.3425,Collider_Roger_State_action,0.09144303
533.3537,Collider_Roger_State_action,0.1173513
533.3689,Collider_Roger_State_action,0.1443694
533.3765,Collider_Roger_State_action,0.1819277
533.3856,Collider_Roger_State_action,0.2090537
533.3948,Collider_Roger_State_action,0.2421309
533.4063,Collider_Roger_State_action,0.2755723
533.4172,Collider_Roger_State_action,0.3008069
533.4284,Collider_Roger_State_action,0.3215462
533.4391,Collider_Roger_State_action,0.3375988
533.4509,Collider_Roger_State_action,0.3507493
533.4615,Collider_Roger_State_action,0.3502131
533.4727,Collider_Roger_State_action,0.349084
533.4838,Collider_Roger_State_action,0.3462767
533.495,Collider_Roger_State_action,0.343856
533.5059,Collider_Roger_State_action,0.3309952
533.5172,Collider_Roger_State_action,0.3196221
533.5281,Collider_Roger_State_action,0.3055996
533.5393,Collider_Roger_State_action,0.293072
533.5506,Collider_Roger_State_action,0.2885525
533.5614,Collider_Roger_State_action,0.2782058
533.5726,Collider_Roger_State_action,0.2706835
533.5838,Collider_Roger_State_action,0.2583611
533.5948,Collider_Roger_State_action,0.2438171
533.6058,Collider_Roger_State_action,0.2306298
533.617,Collider_Roger_State_action,0.2198908
533.6281,Collider_Roger_State_action,0.1981276
533.6392,Collider_Roger_State_action,0.177022
533.6504,Collider_Roger_State_action,0.1529396
533.6616,Collider_Roger_State_action,0.132458
533.6729,Collider_Roger_State_action,0.1183146
533.6836,Collider_Roger_State_action,0.1023881
533.6948,Collider_Roger_State_action,0.0892915
533.7057,Collider_Roger_State_action,0.07366545
533.717,Collider_Roger_State_action,0.07222728
533.7288,Collider_Roger_State_action,0.06701126
533.7397,Collider_Roger_State_action,0.06723376
533.751,Collider_Roger_State_action,0.0669571
533.7621,Collider_Roger_State_action,0.06566941
533.7734,Collider_Roger_State_action,0.07169872
533.7848,Collider_Roger_State_action,0.07536633
533.796,Collider_Roger_State_action,0.07364628
533.8073,Collider_Roger_State_action,0.06789931
533.8187,Collider_Roger_State_action,0.05230953
533.83,Collider_Roger_State_action,0.0491212
533.8413,Collider_Roger_State_action,0.0423467
533.8528,Collider_Roger_State_action,0.04635995
533.8638,Collider_Roger_State_action,0.05667745
533.875,Collider_Roger_State_action,0.0651626
533.8862,Collider_Roger_State_action,0.06946148
533.8975,Collider_Roger_State_action,0.07668331
533.9089,Collider_Roger_State_action,0.07986704
533.9202,Collider_Roger_State_action,0.08045079
533.9311,Collider_Roger_State_action,0.0871975
533.9424,Collider_Roger_State_action,0.0890215
533.9534,Collider_Roger_State_action,0.09340293
533.9644,Collider_Roger_State_action,0.09614746
533.9755,Collider_Roger_State_action,0.1037652
533.9866,Collider_Roger_State_action,0.1127996
533.9977,Collider_Roger_State_action,0.1196441
534.0087,Collider_Roger_State_action,0.1261171
534.0199,Collider_Roger_State_action,0.1359807
534.0314,Collider_Roger_State_action,0.1380409
534.0422,Collider_Roger_State_action,0.1413265
534.0535,Collider_Roger_State_action,0.1322181
534.0645,Collider_Roger_State_action,0.1271976
534.0755,Collider_Roger_State_action,0.1243185
534.0867,Collider_Roger_State_action,0.1223111
534.0977,Collider_Roger_State_action,0.1191478
534.109,Collider_Roger_State_action,0.1140128
534.1199,Collider_Roger_State_action,0.1094088
534.1309,Collider_Roger_State_action,0.1087964
534.1421,Collider_Roger_State_action,0.1052193
534.1534,Collider_Roger_State_action,0.09449511
534.1641,Collider_Roger_State_action,0.08911202
534.1754,Collider_Roger_State_action,0.081121
534.1869,Collider_Roger_State_action,0.07637523
534.1974,Collider_Roger_State_action,0.07172611
534.2086,Collider_Roger_State_action,0.06714854
534.2204,Collider_Roger_State_action,0.0600141
534.2307,Collider_Roger_State_action,0.05488944
534.242,Collider_Roger_State_action,0.050313
534.2532,Collider_Roger_State_action,0.04234426
534.2642,Collider_Roger_State_action,0.03880924
534.2752,Collider_Roger_State_action,0.03070779
534.2863,Collider_Roger_State_action,0.0261187
534.2975,Collider_Roger_State_action,0.02037516
534.3087,Collider_Roger_State_action,0.02036282
534.3196,Collider_Roger_State_action,0.02048225
534.3307,Collider_Roger_State_action,0.02125694
534.3418,Collider_Roger_State_action,0.01705665
534.3532,Collider_Roger_State_action,0.01770356
534.364,Collider_Roger_State_action,0.01511919
534.3753,Collider_Roger_State_action,0.01408478
534.3863,Collider_Roger_State_action,0.01570525
534.3976,Collider_Roger_State_action,0.01555558
534.4087,Collider_Roger_State_action,0.02210199
534.4198,Collider_Roger_State_action,0.02419906
534.4307,Collider_Roger_State_action,0.02516769
534.4421,Collider_Roger_State_action,0.02464444
534.453,Collider_Roger_State_action,0.02579295
534.4639,Collider_Roger_State_action,0.03012838
534.4751,Collider_Roger_State_action,0.03641775
534.4861,Collider_Roger_State_action,0.03699788
534.4973,Collider_Roger_State_action,0.03863383
534.5084,Collider_Roger_State_action,0.0402476
534.5195,Collider_Roger_State_action,0.04878392
534.5306,Collider_Roger_State_action,0.04744945
534.5418,Collider_Roger_State_action,0.0486975
534.5529,Collider_Roger_State_action,0.04955764
534.5638,Collider_Roger_State_action,0.05027194
534.575,Collider_Roger_State_action,0.0468544
534.5861,Collider_Roger_State_action,0.04591364
534.5974,Collider_Roger_State_action,0.04324497
534.6086,Collider_Roger_State_action,0.03721622
534.6194,Collider_Roger_State_action,0.03535837
534.6306,Collider_Roger_State_action,0.0327224
534.6417,Collider_Roger_State_action,0.03118194
534.653,Collider_Roger_State_action,0.02910548
534.6639,Collider_Roger_State_action,0.02359444
534.6751,Collider_Roger_State_action,0.02010379
534.6861,Collider_Roger_State_action,0.01226179
534.6976,Collider_Roger_State_action,0.009955293
534.7086,Collider_Roger_State_action,0.01187851
534.7195,Collider_Roger_State_action,0.01514782
534.7306,Collider_Roger_State_action,0.01644817
534.7416,Collider_Roger_State_action,0.01767802
534.7527,Collider_Roger_State_action,0.02607209
534.7638,Collider_Roger_State_action,0.02875567
534.7751,Collider_Roger_State_action,0.03440611
534.7861,Collider_Roger_State_action,0.04337972
534.7972,Collider_Roger_State_action,0.04722344
534.8084,Collider_Roger_State_action,0.04997447
534.8196,Collider_Roger_State_action,0.05725249
534.8308,Collider_Roger_State_action,0.05431081
534.8417,Collider_Roger_State_action,0.05201885
534.8527,Collider_Roger_State_action,0.04987499
534.8639,Collider_Roger_State_action,0.04532644
534.8754,Collider_Roger_State_action,0.04295509
534.886,Collider_Roger_State_action,0.03675455
534.8979,Collider_Roger_State_action,0.03401585
534.9083,Collider_Roger_State_action,0.0284392
534.9193,Collider_Roger_State_action,0.0197569
534.9305,Collider_Roger_State_action,0.01826615
534.9417,Collider_Roger_State_action,0.01609233
534.9528,Collider_Roger_State_action,0.02107543
534.9641,Collider_Roger_State_action,0.02584216
534.975,Collider_Roger_State_action,0.02732384
534.9861,Collider_Roger_State_action,0.03581612
534.9971,Collider_Roger_State_action,0.04224839
535.0084,Collider_Roger_State_action,0.04248779
535.0196,Collider_Roger_State_action,0.04609578
535.0304,Collider_Roger_State_action,0.05086062
535.0417,Collider_Roger_State_action,0.05639701
535.0526,Collider_Roger_State_action,0.05620551
535.0641,Collider_Roger_State_action,0.05682363
535.0752,Collider_Roger_State_action,0.06096541
535.0864,Collider_Roger_State_action,0.06078869
535.0971,Collider_Roger_State_action,0.0657726
535.1084,Collider_Roger_State_action,0.07344317
535.1195,Collider_Roger_State_action,0.07900036
535.1304,Collider_Roger_State_action,0.07839474
535.1416,Collider_Roger_State_action,0.07518517
535.1528,Collider_Roger_State_action,0.07033411
535.1638,Collider_Roger_State_action,0.06578691
535.175,Collider_Roger_State_action,0.06152112
535.1862,Collider_Roger_State_action,0.06225101
535.1969,Collider_Roger_State_action,0.05415836
535.2081,Collider_Roger_State_action,0.05260331
535.2192,Collider_Roger_State_action,0.04886263
535.2303,Collider_Roger_State_action,0.03735389
535.2415,Collider_Roger_State_action,0.03415026
535.2528,Collider_Roger_State_action,0.0268574
535.2636,Collider_Roger_State_action,0.02709164
535.2747,Collider_Roger_State_action,0.03101474
535.2858,Collider_Roger_State_action,0.03640396
535.2969,Collider_Roger_State_action,0.04605342
535.3081,Collider_Roger_State_action,0.05114754
535.3195,Collider_Roger_State_action,0.05335683
535.3301,Collider_Roger_State_action,0.05697317
535.3412,Collider_Roger_State_action,0.06003889
535.3525,Collider_Roger_State_action,0.06480213
535.3636,Collider_Roger_State_action,0.0606395
535.3747,Collider_Roger_State_action,0.06199112
535.3858,Collider_Roger_State_action,0.05598352
535.3972,Collider_Roger_State_action,0.05614986
535.4081,Collider_Roger_State_action,0.07538162
535.4191,Collider_Roger_State_action,0.1018517
535.4311,Collider_Roger_State_action,0.1329548
535.4418,Collider_Roger_State_action,0.1649383
535.4525,Collider_Roger_State_action,0.1951566
535.4641,Collider_Roger_State_action,0.2276516
535.4749,Collider_Roger_State_action,0.2415806
535.4858,Collider_Roger_State_action,0.24332
535.4969,Collider_Roger_State_action,0.2346637
535.508,Nullreference,0.2198966
535.5192,Nullreference,0.2109721
535.53,Nullreference,0.1953802
535.5412,Nullreference,0.1818557
535.5524,Nullreference,0.1747052
535.5636,Collider_Roger_State_action,0.1682402
535.5747,Collider_Roger_State_action,0.1681894
535.5858,Collider_Roger_State_action,0.1662618
535.5971,Collider_Roger_State_action,0.1631233
535.6079,Collider_Roger_State_action,0.1610218
535.619,Collider_Roger_State_action,0.1623206
535.6302,Collider_Roger_State_action,0.1529837
535.6413,Collider_Roger_State_action,0.1454698
535.6523,Collider_Roger_State_action,0.1419365
535.6663,Collider_Roger_State_action,0.1387007
535.6746,Collider_Roger_State_action,0.1321336
535.6855,Collider_Roger_State_action,0.131875
535.6965,Collider_Roger_State_action,0.1298673
535.7078,Collider_Roger_State_action,0.1336542
535.719,Collider_Roger_State_action,0.1442813
535.73,Collider_Roger_State_action,0.1534618
535.7413,Collider_Roger_State_action,0.16374
535.7524,Collider_Roger_State_action,0.1706088
535.7632,Collider_Roger_State_action,0.1765997
535.7744,Collider_Roger_State_action,0.1723321
535.7855,Collider_Roger_State_action,0.1635054
535.7966,Collider_Roger_State_action,0.1484564
535.8076,Collider_Roger_State_action,0.1298617
535.819,Collider_Roger_State_action,0.1133008
535.83,Collider_Roger_State_action,0.09401347
535.8411,Collider_Roger_State_action,0.07971207
535.8524,Collider_Roger_State_action,0.0730178
535.8632,Collider_Roger_State_action,0.0656357
535.8749,Collider_Roger_State_action,0.0605012
535.8854,Collider_Roger_State_action,0.04953098
535.8966,Collider_Roger_State_action,0.04174991
535.9084,Collider_Roger_State_action,0.04301202
535.9187,Collider_Roger_State_action,0.03524386
535.9297,Collider_Roger_State_action,0.03418525
535.9409,Collider_Roger_State_action,0.02866356
535.952,Collider_Roger_State_action,0.02843018
535.9631,Collider_Roger_State_action,0.03062189
535.9742,Collider_Roger_State_action,0.03589509
535.9857,Collider_Roger_State_action,0.03440322
535.9965,Collider_Roger_State_action,0.03503984
536.0075,Collider_Roger_State_action,0.03298961
536.0187,Collider_Roger_State_action,0.03666575
536.0298,Collider_Roger_State_action,0.03359543
536.0408,Collider_Roger_State_action,0.03984215
536.0519,Collider_Roger_State_action,0.04130116
536.0632,Collider_Roger_State_action,0.0438243
536.075,Collider_Roger_State_action,0.04599931
536.0853,Collider_Roger_State_action,0.04568853
536.0964,Collider_Roger_State_action,0.04553995
536.1076,Collider_Roger_State_action,0.04947296
536.1188,Collider_Roger_State_action,0.04797817
536.1299,Collider_Roger_State_action,0.04376993
536.1409,Collider_Roger_State_action,0.04358776
536.1523,Collider_Roger_State_action,0.04595364
536.1632,Collider_Roger_State_action,0.04504887
536.1743,Collider_Roger_State_action,0.04541495
536.1854,Collider_Roger_State_action,0.04075195
536.1965,Collider_Roger_State_action,0.03719205
536.2075,Collider_Roger_State_action,0.03315249
536.2186,Collider_Roger_State_action,0.02918788
536.2298,Collider_Roger_State_action,0.03151421
536.2413,Collider_Roger_State_action,0.02938355
536.2523,Collider_Roger_State_action,0.03587434
536.2631,Collider_Roger_State_action,0.04049905
536.2745,Collider_Roger_State_action,0.0412049
536.2854,Collider_Roger_State_action,0.0421373
536.2964,Collider_Roger_State_action,0.04945742
536.3076,Collider_Roger_State_action,0.04982884
536.3188,Collider_Roger_State_action,0.05026539
536.3298,Collider_Roger_State_action,0.05124341
536.3409,Collider_Roger_State_action,0.05202113
536.3519,Collider_Roger_State_action,0.04614763
536.3633,Collider_Roger_State_action,0.04318339
536.3741,Collider_Roger_State_action,0.04325547
536.3851,Collider_Roger_State_action,0.04853106
536.3964,Collider_Roger_State_action,0.05596299
536.4075,Collider_Roger_State_action,0.05950906
536.4188,Collider_Roger_State_action,0.06587739
536.4299,Collider_Roger_State_action,0.06071226
536.4412,Collider_Roger_State_action,0.06504291
536.452,Collider_Roger_State_action,0.06493776
536.4631,Collider_Roger_State_action,0.05978753
536.4747,Collider_Roger_State_action,0.05743112
536.4854,Collider_Roger_State_action,0.05599129
536.4964,Collider_Roger_State_action,0.05584726
536.5075,Collider_Roger_State_action,0.05648737
536.5186,Collider_Roger_State_action,0.05015094
536.5296,Collider_Roger_State_action,0.04740654
536.5408,Collider_Roger_State_action,0.04393793
536.5519,Collider_Roger_State_action,0.04062188
536.5629,Collider_Roger_State_action,0.03839399
536.5742,Collider_Roger_State_action,0.03200614
536.5851,Collider_Roger_State_action,0.02903243
536.5963,Collider_Roger_State_action,0.01735597
536.6074,Collider_Roger_State_action,0.02104075
536.6185,Collider_Roger_State_action,0.02153292
536.6297,Collider_Roger_State_action,0.02353531
536.6408,Collider_Roger_State_action,0.01981987
536.6517,Collider_Roger_State_action,0.02445389
536.663,Collider_Roger_State_action,0.02702035
536.6742,Collider_Roger_State_action,0.02302709
536.6852,Collider_Roger_State_action,0.01864816
536.696,Collider_Roger_State_action,0.01811982
536.7073,Collider_Roger_State_action,0.02410267
536.7186,Collider_Roger_State_action,0.02310673
536.7295,Collider_Roger_State_action,0.02747052
536.7405,Collider_Roger_State_action,0.02846236
536.7516,Collider_Roger_State_action,0.02409325
536.7628,Collider_Roger_State_action,0.029229
536.7737,Collider_Roger_State_action,0.02937766
536.785,Collider_Roger_State_action,0.03005107
536.7964,Collider_Roger_State_action,0.0388548
536.8074,Collider_Roger_State_action,0.03657383
536.8185,Collider_Roger_State_action,0.0360424
536.8297,Collider_Roger_State_action,0.03829814
536.8407,Collider_Roger_State_action,0.03881112
536.8517,Collider_Roger_State_action,0.0444277
536.8629,Collider_Roger_State_action,0.04693098
536.8741,Collider_Roger_State_action,0.04773921
536.8852,Collider_Roger_State_action,0.05385447
536.8963,Collider_Roger_State_action,0.06280723
536.9071,Collider_Roger_State_action,0.06991909
536.9182,Collider_Roger_State_action,0.06599481
536.9293,Collider_Roger_State_action,0.07249684
536.9406,Collider_Roger_State_action,0.07577904
536.9517,Collider_Roger_State_action,0.07114123
536.9626,Collider_Roger_State_action,0.07075844
536.9738,Collider_Roger_State_action,0.06951974
536.9849,Collider_Roger_State_action,0.06423617
536.9963,Collider_Roger_State_action,0.06430242
537.0072,Collider_Roger_State_action,0.05731481
537.0182,Collider_Roger_State_action,0.04553361
537.0294,Collider_Roger_State_action,0.04113079
537.0406,Collider_Roger_State_action,0.02584422
537.0518,Collider_Roger_State_action,0.01407645
537.0627,Collider_Roger_State_action,0.004137882
537.0737,Collider_Roger_State_action,0.02064937
537.0848,Collider_Roger_State_action,0.03765948
537.0959,Collider_Roger_State_action,0.05322086
537.1071,Collider_Roger_State_action,0.06553257
537.1183,Collider_Roger_State_action,0.06753708
537.1296,Collider_Roger_State_action,0.06685781
537.1405,Collider_Roger_State_action,0.0644691
537.1516,Collider_Roger_State_action,0.0554838
537.1626,Collider_Roger_State_action,0.05429288
537.1736,Collider_Roger_State_action,0.04791826
537.185,Collider_Roger_State_action,0.04308211
537.1963,Collider_Roger_State_action,0.03680025
537.2073,Collider_Roger_State_action,0.03396593
537.2183,Collider_Roger_State_action,0.04129798
537.2293,Collider_Roger_State_action,0.05397973
537.2404,Collider_Roger_State_action,0.06187207
537.2515,Collider_Roger_State_action,0.06470121
537.2626,Collider_Roger_State_action,0.0732182
537.274,Collider_Roger_State_action,0.082612
537.285,Collider_Roger_State_action,0.08264117
537.2959,Collider_Roger_State_action,0.09068767
537.3073,Collider_Roger_State_action,0.1019319
537.3181,Collider_Roger_State_action,0.1105181
537.3291,Collider_Roger_State_action,0.1266657
537.3405,Collider_Roger_State_action,0.1350489
537.3521,Collider_Roger_State_action,0.147043
537.3625,Collider_Roger_State_action,0.1554477
537.3737,Collider_Roger_State_action,0.1695272
537.3849,Collider_Roger_State_action,0.1799128
537.3959,Collider_Roger_State_action,0.1803598
537.407,Collider_Roger_State_action,0.1941221
537.418,Collider_Roger_State_action,0.2034753
537.4293,Collider_Roger_State_action,0.2110039
537.4403,Collider_Roger_State_action,0.2151154
537.4518,Collider_Roger_State_action,0.2199687
537.4626,Collider_Roger_State_action,0.2263742
537.4738,Collider_Roger_State_action,0.228476
537.4848,Collider_Roger_State_action,0.2301607
537.496,Collider_Roger_State_action,0.2319985
537.507,Collider_Roger_State_action,0.2224695
537.5182,Collider_Roger_State_action,0.2167952
537.5292,Collider_Roger_State_action,0.2182114
537.5403,Collider_Roger_State_action,0.2189414
537.5514,Collider_Roger_State_action,0.2207709
537.5627,Collider_Roger_State_action,0.2337474
537.5736,Collider_Roger_State_action,0.2456253
537.5848,Collider_Roger_State_action,0.2662442
537.5961,Collider_Roger_State_action,0.2817578
537.607,Collider_Roger_State_action,0.3097816
537.6182,Collider_Roger_State_action,0.3317547
537.6293,Collider_Roger_State_action,0.3483883
537.6404,Collider_Roger_State_action,0.3551046
537.6516,Collider_Roger_State_action,0.3615165
537.6625,Collider_Roger_State_action,0.3615438
537.6738,Collider_Roger_State_action,0.3563567
537.6848,Collider_Roger_State_action,0.3611772
537.6967,Collider_Roger_State_action,0.3644594
537.7071,Collider_Roger_State_action,0.3716919
537.7182,Collider_Roger_State_action,0.3879916
537.7292,Collider_Roger_State_action,0.4131935
537.7404,Collider_Roger_State_action,0.4409263
537.7514,Collider_Roger_State_action,0.4773795
537.7628,Collider_Roger_State_action,0.5240091
537.7736,Collider_Roger_State_action,0.5772462
537.7848,Collider_Roger_State_action,0.6267824
537.796,Collider_Roger_State_action,0.6710087
537.807,Collider_Roger_State_action,0.6948264
537.8181,Collider_Roger_State_action,0.7171208
537.8294,Collider_Roger_State_action,0.7367241
537.8405,Collider_Roger_State_action,0.7531309
537.8516,Collider_Roger_State_action,0.7585515
537.8627,Collider_Roger_State_action,0.7554649
537.8737,Collider_Roger_State_action,0.7446861
537.8848,Collider_Roger_State_action,0.7371067
537.8958,Collider_Roger_State_action,0.7139221
537.9071,Collider_Roger_State_action,0.6874333
537.9184,Collider_Roger_State_action,0.6663857
537.9296,Collider_Roger_State_action,0.6324839
537.9403,Collider_Roger_State_action,0.5989885
537.9517,Collider_Roger_State_action,0.5728975
537.9633,Collider_Roger_State_action,0.5357327
537.9737,Collider_Roger_State_action,0.5081434
537.9848,Collider_Roger_State_action,0.4885275
537.9958,Collider_Roger_State_action,0.4783644
538.0071,Collider_Roger_State_action,0.4638707
538.0181,Collider_Roger_State_action,0.4532411
538.0293,Collider_Roger_State_action,0.4421052
538.0403,Collider_Roger_State_action,0.4461451
538.0514,Collider_Roger_State_action,0.4690249
538.0625,Collider_Roger_State_action,0.5092744
538.0737,Collider_Roger_State_action,0.5457406
538.0848,Collider_Roger_State_action,0.5640641
538.0959,Collider_Roger_State_action,0.582099
538.1069,Collider_Roger_State_action,0.5826907
538.118,Collider_Roger_State_action,0.5708042
538.1292,Collider_Roger_State_action,0.5565696
538.1404,Collider_Roger_State_action,0.5284432
538.1515,Collider_Roger_State_action,0.5059168
538.1627,Collider_Roger_State_action,0.4865902
538.1737,Collider_Roger_State_action,0.455614
538.1847,Collider_Roger_State_action,0.4276986
538.1961,Collider_Roger_State_action,0.410248
538.2069,Collider_Roger_State_action,0.3972958
538.218,Collider_Roger_State_action,0.3862664
538.2293,Collider_Roger_State_action,0.377295
538.2401,Collider_Roger_State_action,0.3698665
538.2513,Collider_Roger_State_action,0.3695974
538.2628,Collider_Roger_State_action,0.3609812
538.2736,Collider_Roger_State_action,0.3445769
538.2848,Collider_Roger_State_action,0.3229711
538.2958,Collider_Roger_State_action,0.2933122
538.3074,Collider_Roger_State_action,0.2645879
538.3182,Collider_Roger_State_action,0.2435044
538.3292,Collider_Roger_State_action,0.2197865
538.3405,Collider_Roger_State_action,0.2064886
538.3514,Collider_Roger_State_action,0.1845659
538.3628,Collider_Roger_State_action,0.1611582
538.3737,Collider_Roger_State_action,0.1382182
538.3848,Collider_Roger_State_action,0.1142818
538.3959,Collider_Roger_State_action,0.09623979
538.407,Collider_Roger_State_action,0.07693858
538.4181,Collider_Roger_State_action,0.06511514
538.4291,Collider_Roger_State_action,0.06856987
538.4403,Collider_Roger_State_action,0.07562122
538.4517,Collider_Roger_State_action,0.08092149
538.4627,Collider_Roger_State_action,0.08931373
538.4736,Collider_Roger_State_action,0.09078304
538.4847,Collider_Roger_State_action,0.09092059
538.4958,Collider_Roger_State_action,0.09776071
538.507,Collider_Roger_State_action,0.107412
538.5179,Collider_Roger_State_action,0.1085624
538.5292,Collider_Roger_State_action,0.1126974
538.5409,Collider_Roger_State_action,0.116582
538.5514,Collider_Roger_State_action,0.1189994
538.5626,Collider_Roger_State_action,0.1146405
538.5736,Collider_Roger_State_action,0.1060483
538.585,Collider_Roger_State_action,0.1026726
538.5958,Collider_Roger_State_action,0.09355329
538.6097,Collider_Roger_State_action,0.08131478
538.6191,Collider_Roger_State_action,0.06373788
538.6292,Collider_Roger_State_action,0.0416301
538.6401,Collider_Roger_State_action,0.02704645
538.6512,Collider_Roger_State_action,0.02593589
538.6625,Collider_Roger_State_action,0.04349071
538.6733,Collider_Roger_State_action,0.06537089
538.6848,Collider_Roger_State_action,0.08969093
538.6958,Collider_Roger_State_action,0.106802
538.7068,Collider_Roger_State_action,0.1206555
538.7179,Collider_Roger_State_action,0.1309883
538.7288,Collider_Roger_State_action,0.1368207
538.7401,Collider_Roger_State_action,0.1356291
538.751,Collider_Roger_State_action,0.1346413
538.7624,Collider_Roger_State_action,0.1253683
538.7732,Collider_Roger_State_action,0.1155313
538.7844,Collider_Roger_State_action,0.1069099
538.7956,Collider_Roger_State_action,0.09091205
538.8068,Collider_Roger_State_action,0.08258159
538.8177,Collider_Roger_State_action,0.06644446
538.829,Collider_Roger_State_action,0.05281626
538.8401,Collider_Roger_State_action,0.03526118
538.8511,Collider_Roger_State_action,0.02765454
538.8622,Collider_Roger_State_action,0.04617302
538.8732,Collider_Roger_State_action,0.06032141
538.8845,Collider_Roger_State_action,0.07612509
538.8955,Collider_Roger_State_action,0.09195893
538.9066,Collider_Roger_State_action,0.09917669
538.9186,Collider_Roger_State_action,0.1064647
538.9289,Collider_Roger_State_action,0.111487
538.9401,Collider_Roger_State_action,0.1125363
538.9512,Collider_Roger_State_action,0.1187801
538.9625,Collider_Roger_State_action,0.1147371
538.9734,Collider_Roger_State_action,0.112982
538.9845,Collider_Roger_State_action,0.1027034
538.9958,Collider_Roger_State_action,0.0933542
539.0069,Collider_Roger_State_action,0.07614131
539.018,Collider_Roger_State_action,0.05452356
539.0291,Collider_Roger_State_action,0.03672025
539.0408,Collider_Roger_State_action,0.0371434
539.0514,Collider_Roger_State_action,0.04705354
539.0632,Collider_Roger_State_action,0.0638776
539.0735,Collider_Roger_State_action,0.07955735
539.0847,Collider_Roger_State_action,0.09584899
539.0958,Collider_Roger_State_action,0.1075729
539.1069,Collider_Roger_State_action,0.1109801
539.1181,Collider_Roger_State_action,0.1044431
539.1292,Collider_Roger_State_action,0.1029919
539.1404,Collider_Roger_State_action,0.1078279
539.1514,Collider_Roger_State_action,0.1121836
539.1633,Collider_Roger_State_action,0.1095301
539.1736,Collider_Roger_State_action,0.1114343
539.1846,Collider_Roger_State_action,0.1132595
539.1956,Collider_Roger_State_action,0.1246946
539.2068,Collider_Roger_State_action,0.12796
539.2178,Collider_Roger_State_action,0.1400185
539.2291,Collider_Roger_State_action,0.1486585
539.2403,Collider_Roger_State_action,0.1601583
539.2512,Collider_Roger_State_action,0.1735376
539.2625,Collider_Roger_State_action,0.1910949
539.2733,Collider_Roger_State_action,0.1994104
539.2845,Collider_Roger_State_action,0.2063427
539.2956,Collider_Roger_State_action,0.2216864
539.3069,Collider_Roger_State_action,0.2394842
539.3178,Collider_Roger_State_action,0.2667957
539.329,Collider_Roger_State_action,0.2894778
539.3401,Collider_Roger_State_action,0.3097032
539.3517,Collider_Roger_State_action,0.3163864
539.3624,Collider_Roger_State_action,0.3051921
539.3733,Collider_Roger_State_action,0.2940507
539.3844,Collider_Roger_State_action,0.2814205
539.3956,Collider_Roger_State_action,0.2667655
539.4068,Collider_Roger_State_action,0.2619905
539.418,Collider_Roger_State_action,0.258192
539.4292,Collider_Roger_State_action,0.2608788
539.4401,Collider_Roger_State_action,0.2638464
539.4512,Collider_Roger_State_action,0.2732455
539.4625,Collider_Roger_State_action,0.2885345
539.4742,Collider_Roger_State_action,0.2988824
539.4844,Collider_Roger_State_action,0.3051751
539.4957,Collider_Roger_State_action,0.3160792
539.5067,Collider_Roger_State_action,0.3145309
539.5178,Collider_Roger_State_action,0.3153765
539.5291,Collider_Roger_State_action,0.3141866
539.5401,Collider_Roger_State_action,0.3073548
539.551,Collider_Roger_State_action,0.3002253
539.5624,Collider_Roger_State_action,0.2852295
539.5732,Collider_Roger_State_action,0.2688019
539.5844,Collider_Roger_State_action,0.2509852
539.5956,Collider_Roger_State_action,0.2246678
539.6069,Collider_Roger_State_action,0.2028416
539.6177,Collider_Roger_State_action,0.1818797
539.6288,Collider_Roger_State_action,0.1645002
539.6399,Collider_Roger_State_action,0.1441865
539.651,Collider_Roger_State_action,0.1233548
539.662,Collider_Roger_State_action,0.1074076
539.6732,Collider_Roger_State_action,0.09261731
539.6844,Collider_Roger_State_action,0.07819444
539.6953,Collider_Roger_State_action,0.07798593
539.7065,Collider_Roger_State_action,0.08038642
539.7176,Collider_Roger_State_action,0.08879455
539.7285,Collider_Roger_State_action,0.09670005
539.7397,Collider_Roger_State_action,0.1056444
539.7509,Collider_Roger_State_action,0.1126121
539.762,Collider_Roger_State_action,0.1148674
539.7731,Collider_Roger_State_action,0.1141666
539.7845,Collider_Roger_State_action,0.1125613
539.7953,Collider_Roger_State_action,0.1147055
539.8062,Collider_Roger_State_action,0.1095206
539.8175,Collider_Roger_State_action,0.1057938
539.8287,Collider_Roger_State_action,0.1050621
539.8397,Collider_Roger_State_action,0.1074702
539.851,Collider_Roger_State_action,0.1125294
539.8621,Collider_Roger_State_action,0.1178952
539.8732,Collider_Roger_State_action,0.1182366
539.8843,Collider_Roger_State_action,0.1204629
539.8951,Collider_Roger_State_action,0.1153286
539.9064,Collider_Roger_State_action,0.1158873
539.918,Collider_Roger_State_action,0.1136868
539.9285,Collider_Roger_State_action,0.1108807
539.9398,Collider_Roger_State_action,0.107682
539.9509,Collider_Roger_State_action,0.1084507
539.9618,Collider_Roger_State_action,0.1115537
539.9728,Collider_Roger_State_action,0.108183
539.9841,Collider_Roger_State_action,0.106094
539.9955,Collider_Roger_State_action,0.1065876
540.0065,Collider_Roger_State_action,0.1080777
540.0174,Collider_Roger_State_action,0.1084395
540.0284,Collider_Roger_State_action,0.1117966
540.0397,Collider_Roger_State_action,0.1101699
540.0507,Collider_Roger_State_action,0.09960565
540.0618,Collider_Roger_State_action,0.09890282
540.0729,Collider_Roger_State_action,0.09390955
540.0842,Collider_Roger_State_action,0.09008323
540.0952,Collider_Roger_State_action,0.08934836
540.1061,Collider_Roger_State_action,0.08360233
540.1171,Collider_Roger_State_action,0.08533736
540.1286,Collider_Roger_State_action,0.08210449
540.1395,Collider_Roger_State_action,0.08990931
540.1508,Collider_Roger_State_action,0.09434936
540.1617,Collider_Roger_State_action,0.09273058
540.1729,Collider_Roger_State_action,0.08375306
540.1841,Collider_Roger_State_action,0.08301599
540.1953,Collider_Roger_State_action,0.07164147
540.2065,Collider_Roger_State_action,0.0653867
540.2173,Collider_Roger_State_action,0.06318995
540.2286,Collider_Roger_State_action,0.06312218
540.24,Collider_Roger_State_action,0.05610607
540.2508,Collider_Roger_State_action,0.0544468
540.2619,Collider_Roger_State_action,0.04705431
540.273,Collider_Roger_State_action,0.04315791
540.2839,Collider_Roger_State_action,0.04209382
540.295,Collider_Roger_State_action,0.04116421
540.3062,Collider_Roger_State_action,0.04016282
540.3171,Collider_Roger_State_action,0.03999088
540.3284,Collider_Roger_State_action,0.0417449
540.3394,Collider_Roger_State_action,0.03728079
540.3505,Collider_Roger_State_action,0.03517037
540.3617,Collider_Roger_State_action,0.0297481
540.3728,Collider_Roger_State_action,0.03211737
540.3839,Collider_Roger_State_action,0.02399797
540.3951,Collider_Roger_State_action,0.02065891
540.4059,Collider_Roger_State_action,0.0140949
540.4173,Collider_Roger_State_action,0.01366342
540.4284,Collider_Roger_State_action,0.0163825
540.4396,Collider_Roger_State_action,0.0230561
540.4509,Collider_Roger_State_action,0.02187155
540.4615,Collider_Roger_State_action,0.02215614
540.4727,Collider_Roger_State_action,0.02349934
540.4843,Collider_Roger_State_action,0.02651092
540.495,Collider_Roger_State_action,0.0271356
540.5061,Collider_Roger_State_action,0.03164375
540.5172,Collider_Roger_State_action,0.03194059
540.5283,Collider_Roger_State_action,0.03443106
540.5392,Collider_Roger_State_action,0.03590407
540.5506,Collider_Roger_State_action,0.03708151
540.5616,Collider_Roger_State_action,0.03743129
540.5729,Collider_Roger_State_action,0.03415026
540.5839,Collider_Roger_State_action,0.03208641
540.5947,Collider_Roger_State_action,0.02831599
540.606,Collider_Roger_State_action,0.0273302
540.617,Collider_Roger_State_action,0.02472046
540.6281,Collider_Roger_State_action,0.02329084
540.6393,Collider_Roger_State_action,0.024621
540.6505,Collider_Roger_State_action,0.03123938
540.6614,Collider_Roger_State_action,0.03824975
540.6727,Collider_Roger_State_action,0.0481174
540.684,Collider_Roger_State_action,0.05171673
540.6948,Collider_Roger_State_action,0.06249847
540.7059,Collider_Roger_State_action,0.06338973
540.7172,Collider_Roger_State_action,0.07093407
540.7282,Collider_Roger_State_action,0.07470521
540.7391,Collider_Roger_State_action,0.07444649
540.7504,Collider_Roger_State_action,0.07364156
540.7617,Collider_Roger_State_action,0.07706136
540.7725,Collider_Roger_State_action,0.07859503
540.7838,Collider_Roger_State_action,0.08100894
540.7948,Collider_Roger_State_action,0.07982298
540.8058,Collider_Roger_State_action,0.08237911
540.8171,Collider_Roger_State_action,0.08152941
540.8281,Collider_Roger_State_action,0.08156823
540.8394,Collider_Roger_State_action,0.08368959
540.8506,Collider_Roger_State_action,0.09411412
540.8613,Collider_Roger_State_action,0.09439644
540.8725,Collider_Roger_State_action,0.1003341
540.8836,Collider_Roger_State_action,0.1127665
540.8948,Collider_Roger_State_action,0.1150701
540.9059,Collider_Roger_State_action,0.1156947
540.9172,Collider_Roger_State_action,0.1174513
540.9289,Collider_Roger_State_action,0.1167399
540.9393,Collider_Roger_State_action,0.1183389
540.9504,Collider_Roger_State_action,0.1178836
540.9615,Collider_Roger_State_action,0.1224987
540.9725,Collider_Roger_State_action,0.1237473
540.984,Collider_Roger_State_action,0.1278318
540.9946,Collider_Roger_State_action,0.1258601
541.0059,Collider_Roger_State_action,0.1291967
541.0172,Collider_Roger_State_action,0.1330369
541.0281,Collider_Roger_State_action,0.1332091
541.0392,Collider_Roger_State_action,0.1305933
541.0504,Collider_Roger_State_action,0.1247168
541.0617,Collider_Roger_State_action,0.1229101
541.0725,Collider_Roger_State_action,0.1212481
541.0838,Collider_Roger_State_action,0.1235196
541.0947,Collider_Roger_State_action,0.1229425
541.1059,Collider_Roger_State_action,0.1150243
541.117,Collider_Roger_State_action,0.1153196
541.1281,Collider_Roger_State_action,0.1063415
541.1393,Collider_Roger_State_action,0.105754
541.1503,Collider_Roger_State_action,0.1029336
541.1614,Collider_Roger_State_action,0.09997389
541.1725,Collider_Roger_State_action,0.09178741
541.1838,Collider_Roger_State_action,0.0934682
541.1948,Collider_Roger_State_action,0.08048922
541.2058,Collider_Roger_State_action,0.07819764
541.2169,Collider_Roger_State_action,0.0738161
541.228,Collider_Roger_State_action,0.066532
541.2391,Collider_Roger_State_action,0.06347743
541.2503,Collider_Roger_State_action,0.06153462
541.2614,Collider_Roger_State_action,0.0553657
541.2725,Collider_Roger_State_action,0.04625724
541.2834,Collider_Roger_State_action,0.04343254
541.2945,Collider_Roger_State_action,0.03437337
541.3057,Collider_Roger_State_action,0.03189585
541.3171,Collider_Roger_State_action,0.02450044
541.3278,Collider_Roger_State_action,0.02238894
541.3391,Collider_Roger_State_action,0.02315011
541.35,Collider_Roger_State_action,0.02518721
541.3611,Collider_Roger_State_action,0.02942453
541.3724,Collider_Roger_State_action,0.03169977
541.3832,Collider_Roger_State_action,0.03066529
541.3944,Collider_Roger_State_action,0.03772154
541.4056,Collider_Roger_State_action,0.04098888
541.417,Collider_Roger_State_action,0.05332009
541.428,Collider_Roger_State_action,0.06312721
541.4389,Collider_Roger_State_action,0.06300347
541.45,Collider_Roger_State_action,0.07087109
541.4612,Collider_Roger_State_action,0.0731232
541.4722,Collider_Roger_State_action,0.07812871
541.4841,Collider_Roger_State_action,0.08017267
541.4952,Collider_Roger_State_action,0.08357053
541.5055,Collider_Roger_State_action,0.08977621
541.5167,Collider_Roger_State_action,0.09047951
541.5279,Collider_Roger_State_action,0.09357964
541.539,Collider_Roger_State_action,0.0927344
541.5526,Collider_Roger_State_action,0.08998978
541.5609,Collider_Roger_State_action,0.08903784
541.5721,Collider_Roger_State_action,0.08700439
541.5833,Collider_Roger_State_action,0.08191197
541.5944,Collider_Roger_State_action,0.08046546
541.6055,Collider_Roger_State_action,0.07752267
541.6168,Collider_Roger_State_action,0.07569712
541.6278,Collider_Roger_State_action,0.0684747
541.6389,Collider_Roger_State_action,0.0687151
541.6499,Collider_Roger_State_action,0.06505755
541.6609,Collider_Roger_State_action,0.0654156
541.6721,Collider_Roger_State_action,0.06715274
541.6832,Collider_Roger_State_action,0.07630727
541.6944,Collider_Roger_State_action,0.08202841
541.7054,Collider_Roger_State_action,0.08700332
541.7164,Collider_Roger_State_action,0.09748404
541.7276,Collider_Roger_State_action,0.09348834
541.7386,Collider_Roger_State_action,0.08991221
541.7496,Collider_Roger_State_action,0.08870842
541.7609,Collider_Roger_State_action,0.08126193
541.772,Collider_Roger_State_action,0.07994816
541.7833,Collider_Roger_State_action,0.07791074
541.7943,Collider_Roger_State_action,0.07645763
541.8055,Collider_Roger_State_action,0.07194111
541.8167,Collider_Roger_State_action,0.06598783
541.8276,Collider_Roger_State_action,0.05883688
541.8387,Collider_Roger_State_action,0.05642923
541.8499,Collider_Roger_State_action,0.03913027
541.8609,Collider_Roger_State_action,0.03685276
541.8719,Collider_Roger_State_action,0.02558981
541.8833,Collider_Roger_State_action,0.02426711
541.8942,Collider_Roger_State_action,0.02245812
541.9054,Collider_Roger_State_action,0.02477938
541.9166,Collider_Roger_State_action,0.02721709
541.9277,Collider_Roger_State_action,0.03200934
541.9391,Collider_Roger_State_action,0.03504923
541.9497,Collider_Roger_State_action,0.0442705
541.9611,Collider_Roger_State_action,0.05312443
541.9719,Collider_Roger_State_action,0.0674664
541.9831,Collider_Roger_State_action,0.08094789
541.9941,Collider_Roger_State_action,0.08753745
542.0052,Collider_Roger_State_action,0.09721682
542.0162,Collider_Roger_State_action,0.1055
542.0274,Collider_Roger_State_action,0.1099657
542.0386,Collider_Roger_State_action,0.1147372
542.0497,Collider_Roger_State_action,0.1152222
542.0608,Collider_Roger_State_action,0.1120641
542.0718,Collider_Roger_State_action,0.1121215
542.0829,Collider_Roger_State_action,0.113272
542.0942,Collider_Roger_State_action,0.1215464
542.1053,Collider_Roger_State_action,0.1275187
542.1163,Collider_Roger_State_action,0.1264599
542.1276,Collider_Roger_State_action,0.1296074
542.1385,Collider_Roger_State_action,0.133953
542.1497,Collider_Roger_State_action,0.1291663
542.1606,Collider_Roger_State_action,0.123028
542.1718,Collider_Roger_State_action,0.1174087
542.1829,Collider_Roger_State_action,0.1183764
542.1938,Collider_Roger_State_action,0.1169568
542.205,Collider_Roger_State_action,0.1207011
542.2162,Collider_Roger_State_action,0.1178595
542.2272,Collider_Roger_State_action,0.1157014
542.2384,Collider_Roger_State_action,0.1150792
542.2495,Collider_Roger_State_action,0.1114616
542.2607,Collider_Roger_State_action,0.1095187
542.2717,Collider_Roger_State_action,0.103895
542.2827,Collider_Roger_State_action,0.1017344
542.2942,Collider_Roger_State_action,0.1010391
542.305,Collider_Roger_State_action,0.0998337
542.3159,Collider_Roger_State_action,0.09783503
542.3275,Collider_Roger_State_action,0.08770936
542.3381,Collider_Roger_State_action,0.08626235
542.3495,Collider_Roger_State_action,0.08179709
542.3603,Collider_Roger_State_action,0.07761491
542.3715,Collider_Roger_State_action,0.0692497
542.3826,Collider_Roger_State_action,0.06879052
542.3937,Collider_Roger_State_action,0.06313605
542.4048,Collider_Roger_State_action,0.06351799
542.4161,Collider_Roger_State_action,0.06298949
542.427,Collider_Roger_State_action,0.06233868
542.4381,Collider_Roger_State_action,0.0633244
542.4493,Collider_Roger_State_action,0.06385034
542.4603,Collider_Roger_State_action,0.06667
542.4717,Collider_Roger_State_action,0.07053015
542.4827,Collider_Roger_State_action,0.0738567
542.4936,Collider_Roger_State_action,0.08078703
542.5056,Collider_Roger_State_action,0.07731798
542.5164,Collider_Roger_State_action,0.08354716
542.527,Collider_Roger_State_action,0.09109569
542.538,Collider_Roger_State_action,0.08798851
542.5494,Collider_Roger_State_action,0.09230565
542.5604,Collider_Roger_State_action,0.091739
542.5716,Collider_Roger_State_action,0.09621436
542.5827,Collider_Roger_State_action,0.08687762
542.5937,Collider_Roger_State_action,0.08501174
542.6049,Collider_Roger_State_action,0.08483518
542.6159,Collider_Roger_State_action,0.08889078
542.6271,Collider_Roger_State_action,0.08795875
542.6379,Collider_Roger_State_action,0.08777146
542.6492,Collider_Roger_State_action,0.08694034
542.6602,Collider_Roger_State_action,0.08765454
542.6716,Nullreference,0.08469091
542.6825,Nullreference,0.08492059
542.6936,Nullreference,0.074848
542.7047,Nullreference,0.0731359
542.7156,Nullreference,0.06539426
542.7268,Nullreference,0.06178177
542.738,Nullreference,0.06010893
542.749,Nullreference,0.0564238
542.76,Nullreference,0.04901732
542.7717,Nullreference,0.04433053
542.7822,Nullreference,0.03594922
542.7933,Nullreference,0.02982438
542.8044,Nullreference,0.02315834
542.8156,Nullreference,0.02076288
542.8267,Nullreference,0.01765536
542.8375,Nullreference,0.02289032
542.8488,Nullreference,0.01882344
542.8599,Nullreference,0.02062353
542.8713,Nullreference,0.02033
542.8824,Nullreference,0.02132465
542.8932,Nullreference,0.02572659
542.9044,Nullreference,0.03094244
542.9155,Nullreference,0.02635387
542.9267,Nullreference,0.03087711
542.9377,Nullreference,0.03477913
542.9487,Nullreference,0.03993711
542.9597,Nullreference,0.03758436
542.9713,Nullreference,0.04154454
542.982,Nullreference,0.0400507
542.9933,Nullreference,0.03928871
543.0043,Nullreference,0.0443328
543.0154,Nullreference,0.04454864
543.0266,PROPS_WhiteFreightliner_V2:ctrl_tanker_truck,0.04162339
543.0377,PROPS_WhiteFreightliner_V2:ctrl_tanker_truck,0.03811009
543.0487,PROPS_WhiteFreightliner_V2:ctrl_tanker_truck,0.03751696
543.0598,PROPS_WhiteFreightliner_V2:ctrl_tanker_truck,0.03743903
543.0711,PROPS_WhiteFreightliner_V2:ctrl_tanker_truck,0.03205682
543.082,PROPS_WhiteFreightliner_V2:ctrl_tanker_truck,0.02771815
543.0932,PROPS_WhiteFreightliner_V2:ctrl_tanker_truck,0.02990786
543.1044,PROPS_WhiteFreightliner_V2:ctrl_tanker_truck,0.02129014
543.1154,PROPS_WhiteFreightliner_V2:ctrl_tanker_truck,0.02525487
543.1263,PROPS_WhiteFreightliner_V2:ctrl_tanker_truck,0.02412811
543.1375,PROPS_WhiteFreightliner_V2:ctrl_tanker_truck,0.03069253
543.1487,PROPS_WhiteFreightliner_V2:ctrl_tanker_truck,0.02744921
543.1599,PROPS_WhiteFreightliner_V2:ctrl_tanker_truck,0.03188782
543.1708,PROPS_WhiteFreightliner_V2:ctrl_tanker_truck,0.03264222
543.1821,PROPS_WhiteFreightliner_V2:ctrl_tanker_truck,0.03298653
543.1931,PROPS_WhiteFreightliner_V2:ctrl_tanker_truck,0.03180689
543.2041,PROPS_WhiteFreightliner_V2:ctrl_tanker_truck,0.03685753
543.2155,PROPS_WhiteFreightliner_V2:ctrl_tanker_truck,0.04198566
543.2264,PROPS_WhiteFreightliner_V2:ctrl_tanker_truck,0.04214508
543.2373,PROPS_WhiteFreightliner_V2:ctrl_tanker_truck,0.04069913
543.2485,PROPS_WhiteFreightliner_V2:ctrl_tanker_truck,0.03804591
543.2598,PROPS_WhiteFreightliner_V2:ctrl_tanker_truck,0.04142007
543.2708,PROPS_WhiteFreightliner_V2:ctrl_tanker_truck,0.04014223
543.2818,PROPS_WhiteFreightliner_V2:ctrl_tanker_truck,0.04114196
543.2931,PROPS_WhiteFreightliner_V2:ctrl_tanker_truck,0.04010651
543.304,PROPS_WhiteFreightliner_V2:ctrl_tanker_truck,0.03844213
543.3152,PROPS_WhiteFreightliner_V2:ctrl_tanker_truck,0.03732518
543.3263,PROPS_WhiteFreightliner_V2:ctrl_tanker_truck,0.03611106
543.3373,PROPS_WhiteFreightliner_V2:ctrl_tanker_truck,0.0398218
543.3484,PROPS_WhiteFreightliner_V2:ctrl_tanker_truck,0.04507638
543.3599,PROPS_WhiteFreightliner_V2:ctrl_tanker_truck,0.04320827
543.371,PROPS_WhiteFreightliner_V2:ctrl_tanker_truck,0.04030529
543.382,PROPS_WhiteFreightliner_V2:ctrl_tanker_truck,0.03847191
543.393,PROPS_WhiteFreightliner_V2:ctrl_tanker_truck,0.0469445
543.4042,PROPS_WhiteFreightliner_V2:ctrl_tanker_truck,0.04669289
543.4152,PROPS_WhiteFreightliner_V2:ctrl_tanker_truck,0.05037085
543.4264,PROPS_WhiteFreightliner_V2:ctrl_tanker_truck,0.04873801
543.438,PROPS_WhiteFreightliner_V2:ctrl_tanker_truck,0.04928833
543.4484,PROPS_WhiteFreightliner_V2:ctrl_tanker_truck,0.05079778
543.4597,PROPS_WhiteFreightliner_V2:ctrl_tanker_truck,0.0497679
543.4706,PROPS_WhiteFreightliner_V2:ctrl_tanker_truck,0.05601522
543.4818,PROPS_WhiteFreightliner_V2:ctrl_tanker_truck,0.05183669
543.4929,PROPS_WhiteFreightliner_V2:ctrl_tanker_truck,0.05449164
543.5039,PROPS_WhiteFreightliner_V2:ctrl_tanker_truck,0.05287028
543.5153,PROPS_WhiteFreightliner_V2:ctrl_tanker_truck,0.04720834
543.5262,PROPS_WhiteFreightliner_V2:ctrl_tanker_truck,0.04104324
543.5374,PROPS_WhiteFreightliner_V2:ctrl_tanker_truck,0.03976793
543.5486,PROPS_WhiteFreightliner_V2:ctrl_tanker_truck,0.03464267
543.5597,PROPS_WhiteFreightliner_V2:ctrl_tanker_truck,0.03268183
543.5706,PROPS_WhiteFreightliner_V2:ctrl_tanker_truck,0.02824979
543.5817,PROPS_WhiteFreightliner_V2:ctrl_tanker_truck,0.026511
543.593,PROPS_WhiteFreightliner_V2:ctrl_tanker_truck,0.02192551
543.6039,PROPS_WhiteFreightliner_V2:ctrl_tanker_truck,0.0267907
543.6152,PROPS_WhiteFreightliner_V2:ctrl_tanker_truck,0.03015545
543.6261,PROPS_WhiteFreightliner_V2:ctrl_tanker_truck,0.02898245
543.6373,PROPS_WhiteFreightliner_V2:ctrl_tanker_truck,0.02845057
543.6483,PROPS_WhiteFreightliner_V2:ctrl_tanker_truck,0.02724802
543.6595,PROPS_WhiteFreightliner_V2:ctrl_tanker_truck,0.02395939
543.6705,PROPS_WhiteFreightliner_V2:ctrl_tanker_truck,0.02631258
543.6818,PROPS_WhiteFreightliner_V2:ctrl_tanker_truck,0.02410569
543.693,PROPS_WhiteFreightliner_V2:ctrl_tanker_truck,0.02483268
543.704,PROPS_WhiteFreightliner_V2:ctrl_tanker_truck,0.02795244
543.7157,PROPS_WhiteFreightliner_V2:ctrl_tanker_truck,0.02699364
543.7261,PROPS_WhiteFreightliner_V2:ctrl_tanker_truck,0.02379445
543.7373,PROPS_WhiteFreightliner_V2:ctrl_tanker_truck,0.03078276
543.7485,PROPS_WhiteFreightliner_V2:ctrl_tanker_truck,0.03212907
543.7595,PROPS_WhiteFreightliner_V2:ctrl_tanker_truck,0.03011865
543.7706,PROPS_WhiteFreightliner_V2:ctrl_tanker_truck,0.02656471
543.7818,PROPS_WhiteFreightliner_V2:ctrl_tanker_truck,0.0238306
543.7928,PROPS_WhiteFreightliner_V2:ctrl_tanker_truck,0.02258046
543.8039,PROPS_WhiteFreightliner_V2:ctrl_tanker_truck,0.02136536
543.8151,PROPS_WhiteFreightliner_V2:ctrl_tanker_truck,0.02158221
543.8265,PROPS_WhiteFreightliner_V2:ctrl_tanker_truck,0.01976531
543.8374,PROPS_WhiteFreightliner_V2:ctrl_tanker_truck,0.0123111
543.8483,PROPS_WhiteFreightliner_V2:ctrl_tanker_truck,0.01078856
543.8596,PROPS_WhiteFreightliner_V2:ctrl_tanker_truck,0.01235498
543.8705,PROPS_WhiteFreightliner_V2:ctrl_tanker_truck,0.01314663
543.8823,PROPS_WhiteFreightliner_V2:ctrl_tanker_truck,0.009393946
543.8928,PROPS_WhiteFreightliner_V2:ctrl_tanker_truck,0.008791167
543.9039,PROPS_WhiteFreightliner_V2:ctrl_tanker_truck,0.01241273
543.9153,PROPS_WhiteFreightliner_V2:ctrl_tanker_truck,0.01410319
543.9261,PROPS_WhiteFreightliner_V2:ctrl_tanker_truck,0.00674506
543.9371,PROPS_WhiteFreightliner_V2:ctrl_tanker_truck,0.002900642
543.9483,PROPS_WhiteFreightliner_V2:ctrl_tanker_truck,0.002538785
543.9597,PROPS_WhiteFreightliner_V2:ctrl_tanker_truck,0.01034928
543.9703,PROPS_WhiteFreightliner_V2:ctrl_tanker_truck,0.01691247
543.9815,PROPS_WhiteFreightliner_V2:ctrl_tanker_truck,0.02499849
543.9927,PROPS_WhiteFreightliner_V2:ctrl_tanker_truck,0.02448237
544.0037,PROPS_WhiteFreightliner_V2:ctrl_tanker_truck,0.02302591
544.015,PROPS_WhiteFreightliner_V2:ctrl_tanker_truck,0.02312997
544.0259,PROPS_WhiteFreightliner_V2:ctrl_tanker_truck,0.02078631
544.037,PROPS_WhiteFreightliner_V2:ctrl_tanker_truck,0.03336512
544.0485,PROPS_WhiteFreightliner_V2:ctrl_tanker_truck,0.03721033
544.0593,PROPS_WhiteFreightliner_V2:ctrl_tanker_truck,0.04307083
544.0704,PROPS_WhiteFreightliner_V2:ctrl_tanker_truck,0.0492864
544.0817,PROPS_WhiteFreightliner_V2:ctrl_tanker_truck,0.05031845
544.0927,PROPS_WhiteFreightliner_V2:ctrl_tanker_truck,0.0463068
544.1036,PROPS_WhiteFreightliner_V2:ctrl_tanker_truck,0.04691632
544.1151,PROPS_WhiteFreightliner_V2:ctrl_tanker_truck,0.04142427
544.1262,PROPS_WhiteFreightliner_V2:ctrl_tanker_truck,0.03960673
544.1374,PROPS_WhiteFreightliner_V2:ctrl_tanker_truck,0.03338078
544.1483,PROPS_WhiteFreightliner_V2:ctrl_tanker_truck,0.0329419
544.1594,PROPS_WhiteFreightliner_V2:ctrl_tanker_truck,0.03258945
544.1705,PROPS_WhiteFreightliner_V2:ctrl_tanker_truck,0.03468028
544.1816,PROPS_WhiteFreightliner_V2:ctrl_tanker_truck,0.03262796
544.1926,PROPS_WhiteFreightliner_V2:ctrl_tanker_truck,0.02855086
544.2037,PROPS_WhiteFreightliner_V2:ctrl_tanker_truck,0.02651698
544.2148,PROPS_WhiteFreightliner_V2:ctrl_tanker_truck,0.024332
544.2261,PROPS_WhiteFreightliner_V2:ctrl_tanker_truck,0.02552219
544.237,PROPS_WhiteFreightliner_V2:ctrl_tanker_truck,0.02224409
544.248,PROPS_WhiteFreightliner_V2:ctrl_tanker_truck,0.01831155
544.2594,PROPS_WhiteFreightliner_V2:ctrl_tanker_truck,0.01731928
544.2703,PROPS_WhiteFreightliner_V2:ctrl_tanker_truck,0.02006524
544.2816,PROPS_WhiteFreightliner_V2:ctrl_tanker_truck,0.01824157
544.2925,PROPS_WhiteFreightliner_V2:ctrl_tanker_truck,0.01367858
544.3036,PROPS_WhiteFreightliner_V2:ctrl_tanker_truck,0.01659668
544.3147,PROPS_WhiteFreightliner_V2:ctrl_tanker_truck,0.01240203
544.3259,PROPS_WhiteFreightliner_V2:ctrl_tanker_truck,0.01617627
544.3369,PROPS_WhiteFreightliner_V2:ctrl_tanker_truck,0.01793677
544.348,PROPS_WhiteFreightliner_V2:ctrl_tanker_truck,0.01348199
544.3591,PROPS_WhiteFreightliner_V2:ctrl_tanker_truck,0.01165322
544.3703,PROPS_WhiteFreightliner_V2:ctrl_tanker_truck,0.01010627
544.3821,PROPS_WhiteFreightliner_V2:ctrl_tanker_truck,0.01007467
544.3925,PROPS_WhiteFreightliner_V2:ctrl_tanker_truck,0.009216321
544.4037,PROPS_WhiteFreightliner_V2:ctrl_tanker_truck,0.008021122
544.4146,PROPS_WhiteFreightliner_V2:ctrl_tanker_truck,0.0145022
544.4258,PROPS_WhiteFreightliner_V2:ctrl_tanker_truck,0.01636324
544.4371,PROPS_WhiteFreightliner_V2:ctrl_tanker_truck,0.02082883
544.4481,Nullreference,0.02330358
544.4593,Nullreference,0.0274968
544.4704,Nullreference,0.03407042
544.4813,Nullreference,0.03096988
544.4924,Nullreference,0.03493463
544.5035,Nullreference,0.03483931
544.5146,Nullreference,0.03434975
544.5259,Nullreference,0.03479109
544.5369,Nullreference,0.02839237
544.5482,Nullreference,0.02895012
544.559,Nullreference,0.02606531
544.5702,Nullreference,0.03184495
544.5812,Nullreference,0.03254951
544.5924,Nullreference,0.03368603
544.6035,Nullreference,0.03025473
544.6146,Nullreference,0.03520105
544.6257,Nullreference,0.03857835
544.6368,Nullreference,0.05071589
544.648,Nullreference,0.05222988
544.6591,Nullreference,0.05579672
544.6703,Nullreference,0.05346068
544.6812,Nullreference,0.04898515
544.6926,Nullreference,0.04626175
544.7033,Nullreference,0.04262959
544.7145,Nullreference,0.03726491
544.7256,Nullreference,0.04469179
544.7366,Nullreference,0.04199209
544.7478,Nullreference,0.04745798
544.7591,Nullreference,0.04820154
544.77,Nullreference,0.04767598
544.7817,Nullreference,0.04522689
544.7925,Nullreference,0.03773053
544.8035,Nullreference,0.03779774
544.8146,PROPS_WhiteFreightliner_V2:ctrl_tanker_truck,0.04136906
544.8257,PROPS_WhiteFreightliner_V2:ctrl_tanker_truck,0.03886021
544.8367,PROPS_WhiteFreightliner_V2:ctrl_tanker_truck,0.04583305
544.848,PROPS_WhiteFreightliner_V2:ctrl_tanker_truck,0.04699407
544.8589,PROPS_WhiteFreightliner_V2:ctrl_tanker_truck,0.04479333
544.8702,PROPS_WhiteFreightliner_V2:ctrl_tanker_truck,0.03989455
544.8812,PROPS_WhiteFreightliner_V2:ctrl_tanker_truck,0.03497963
544.8923,PROPS_WhiteFreightliner_V2:ctrl_tanker_truck,0.03123768
544.9034,PROPS_WhiteFreightliner_V2:ctrl_tanker_truck,0.0272649
544.9146,PROPS_WhiteFreightliner_V2:ctrl_tanker_truck,0.02608574
544.9257,PROPS_WhiteFreightliner_V2:ctrl_tanker_truck,0.0211245
544.9367,PROPS_WhiteFreightliner_V2:ctrl_tanker_truck,0.02176543
544.9478,PROPS_WhiteFreightliner_V2:ctrl_tanker_truck,0.01337588
544.959,PROPS_WhiteFreightliner_V2:ctrl_tanker_truck,0.008814497
544.97,PROPS_WhiteFreightliner_V2:ctrl_tanker_truck,0.004439233
544.9813,PROPS_WhiteFreightliner_V2:ctrl_tanker_truck,0.004605606
544.9924,PROPS_WhiteFreightliner_V2:ctrl_tanker_truck,0.007480645
545.0035,PROPS_WhiteFreightliner_V2:ctrl_tanker_truck,0.009328339
545.0148,PROPS_WhiteFreightliner_V2:ctrl_tanker_truck,0.01016665
545.0256,PROPS_WhiteFreightliner_V2:ctrl_tanker_truck,0.01208193
545.0367,PROPS_WhiteFreightliner_V2:ctrl_tanker_truck,0.008541416
545.048,PROPS_WhiteFreightliner_V2:ctrl_tanker_truck,0.009104025
545.059,PROPS_WhiteFreightliner_V2:ctrl_tanker_truck,0.00724161
545.0701,PROPS_WhiteFreightliner_V2:ctrl_tanker_truck,0.008445435
545.0812,PROPS_WhiteFreightliner_V2:ctrl_tanker_truck,0.01124602
545.0924,PROPS_WhiteFreightliner_V2:ctrl_tanker_truck,0.01601055
545.1034,PROPS_WhiteFreightliner_V2:ctrl_tanker_truck,0.01757654
545.1144,PROPS_WhiteFreightliner_V2:ctrl_tanker_truck,0.01804693
545.1257,PROPS_WhiteFreightliner_V2:ctrl_tanker_truck,0.02066629
545.1365,PROPS_WhiteFreightliner_V2:ctrl_tanker_truck,0.01795275
545.148,PROPS_WhiteFreightliner_V2:ctrl_tanker_truck,0.01571628
545.1589,PROPS_WhiteFreightliner_V2:ctrl_tanker_truck,0.01024512
545.1702,PROPS_WhiteFreightliner_V2:ctrl_tanker_truck,0.01088963
545.1811,PROPS_WhiteFreightliner_V2:ctrl_tanker_truck,0.01296818
545.1922,PROPS_WhiteFreightliner_V2:ctrl_tanker_truck,0.009409683
545.2031,PROPS_WhiteFreightliner_V2:ctrl_tanker_truck,0.006444294
545.2143,PROPS_WhiteFreightliner_V2:ctrl_tanker_truck,0.004666519
545.226,PROPS_WhiteFreightliner_V2:ctrl_tanker_truck,0.003125483
545.2364,PROPS_WhiteFreightliner_V2:ctrl_tanker_truck,0.01013386
545.2475,PROPS_WhiteFreightliner_V2:ctrl_tanker_truck,0.01413213
545.2586,PROPS_WhiteFreightliner_V2:ctrl_tanker_truck,0.02797096
545.2698,PROPS_WhiteFreightliner_V2:ctrl_tanker_truck,0.03056139
545.2808,PROPS_WhiteFreightliner_V2:ctrl_tanker_truck,0.03111277
545.2921,PROPS_WhiteFreightliner_V2:ctrl_tanker_truck,0.0339375
545.303,PROPS_WhiteFreightliner_V2:ctrl_tanker_truck,0.02802093
545.3142,PROPS_WhiteFreightliner_V2:ctrl_tanker_truck,0.01824396
545.3253,PROPS_WhiteFreightliner_V2:ctrl_tanker_truck,0.01654497
545.3364,PROPS_WhiteFreightliner_V2:ctrl_tanker_truck,0.01006937
545.3475,PROPS_WhiteFreightliner_V2:ctrl_tanker_truck,0.006070287
545.3586,PROPS_WhiteFreightliner_V2:ctrl_tanker_truck,0.001398663
545.3698,PROPS_WhiteFreightliner_V2:ctrl_tanker_truck,0.005099404
545.3809,PROPS_WhiteFreightliner_V2:ctrl_tanker_truck,0.00784491
545.3921,PROPS_WhiteFreightliner_V2:ctrl_tanker_truck,0.0136803
545.403,PROPS_WhiteFreightliner_V2:ctrl_tanker_truck,0.02172467
545.4142,PROPS_WhiteFreightliner_V2:ctrl_tanker_truck,0.0264472
545.4252,PROPS_WhiteFreightliner_V2:ctrl_tanker_truck,0.02860506
545.4363,PROPS_WhiteFreightliner_V2:ctrl_tanker_truck,0.0351347
545.4476,PROPS_WhiteFreightliner_V2:ctrl_tanker_truck,0.04119066
545.4586,PROPS_WhiteFreightliner_V2:ctrl_tanker_truck,0.04118577
545.4698,PROPS_WhiteFreightliner_V2:ctrl_tanker_truck,0.04058425
545.4812,PROPS_WhiteFreightliner_V2:ctrl_tanker_truck,0.04349926
545.4924,PROPS_WhiteFreightliner_V2:ctrl_tanker_truck,0.04101179
545.5031,PROPS_WhiteFreightliner_V2:ctrl_tanker_truck,0.03606993
545.5141,PROPS_WhiteFreightliner_V2:ctrl_tanker_truck,0.03217713
545.5252,PROPS_WhiteFreightliner_V2:ctrl_tanker_truck,0.02685764
545.5367,PROPS_WhiteFreightliner_V2:ctrl_tanker_truck,0.02402005
545.5475,PROPS_WhiteFreightliner_V2:ctrl_tanker_truck,0.02076875
545.5587,PROPS_WhiteFreightliner_V2:ctrl_tanker_truck,0.0202885
545.5697,PROPS_WhiteFreightliner_V2:ctrl_tanker_truck,0.01767733
545.5808,PROPS_WhiteFreightliner_V2:ctrl_tanker_truck,0.018615
545.5918,PROPS_WhiteFreightliner_V2:ctrl_tanker_truck,0.01867811
545.6029,PROPS_WhiteFreightliner_V2:ctrl_tanker_truck,0.01959342
545.6141,PROPS_WhiteFreightliner_V2:ctrl_tanker_truck,0.01532886
545.6251,PROPS_WhiteFreightliner_V2:ctrl_tanker_truck,0.01316624
545.6364,PROPS_WhiteFreightliner_V2:ctrl_tanker_truck,0.01914402
545.6473,PROPS_WhiteFreightliner_V2:ctrl_tanker_truck,0.01775321
545.6585,PROPS_WhiteFreightliner_V2:ctrl_tanker_truck,0.01807358
545.6697,PROPS_WhiteFreightliner_V2:ctrl_tanker_truck,0.02090783
545.6809,PROPS_WhiteFreightliner_V2:ctrl_tanker_truck,0.02094503
545.6921,PROPS_WhiteFreightliner_V2:ctrl_tanker_truck,0.01507925
545.7029,PROPS_WhiteFreightliner_V2:ctrl_tanker_truck,0.01641907
545.7141,PROPS_WhiteFreightliner_V2:ctrl_tanker_truck,0.01518144
545.7251,PROPS_WhiteFreightliner_V2:ctrl_tanker_truck,0.00994037
545.7362,PROPS_WhiteFreightliner_V2:ctrl_tanker_truck,0.0130863
545.7471,PROPS_WhiteFreightliner_V2:ctrl_tanker_truck,0.01371931
545.7585,PROPS_WhiteFreightliner_V2:ctrl_tanker_truck,0.009785047
545.7696,PROPS_WhiteFreightliner_V2:ctrl_tanker_truck,0.01353377
545.7809,PROPS_WhiteFreightliner_V2:ctrl_tanker_truck,0.01319403
545.7917,PROPS_WhiteFreightliner_V2:ctrl_tanker_truck,0.01439343
545.8027,PROPS_WhiteFreightliner_V2:ctrl_tanker_truck,0.01701289
545.814,PROPS_WhiteFreightliner_V2:ctrl_tanker_truck,0.01636506
545.825,PROPS_WhiteFreightliner_V2:ctrl_tanker_truck,0.01687951
545.8361,PROPS_WhiteFreightliner_V2:ctrl_tanker_truck,0.02061247
545.8474,PROPS_WhiteFreightliner_V2:ctrl_tanker_truck,0.02309447
545.8582,PROPS_WhiteFreightliner_V2:ctrl_tanker_truck,0.0235905
545.8694,PROPS_WhiteFreightliner_V2:ctrl_tanker_truck,0.02693195
545.8807,PROPS_WhiteFreightliner_V2:ctrl_tanker_truck,0.02928754
545.8917,PROPS_WhiteFreightliner_V2:ctrl_tanker_truck,0.02703408
545.9028,PROPS_WhiteFreightliner_V2:ctrl_tanker_truck,0.02364083
545.9138,PROPS_WhiteFreightliner_V2:ctrl_tanker_truck,0.02188042
545.925,PROPS_WhiteFreightliner_V2:ctrl_tanker_truck,0.01783328
545.936,PROPS_WhiteFreightliner_V2:ctrl_tanker_truck,0.01653292
545.947,PROPS_WhiteFreightliner_V2:ctrl_tanker_truck,0.01816326
545.9582,PROPS_WhiteFreightliner_V2:ctrl_tanker_truck,0.02113017
545.9694,PROPS_WhiteFreightliner_V2:ctrl_tanker_truck,0.02050787
545.981,PROPS_WhiteFreightliner_V2:ctrl_tanker_truck,0.02915313
545.9914,PROPS_WhiteFreightliner_V2:ctrl_tanker_truck,0.03525304
546.0027,PROPS_WhiteFreightliner_V2:ctrl_tanker_truck,0.038978
546.0139,Collider_Roger_State_action,0.04337555
546.025,Collider_Roger_State_action,0.04743041
546.0364,Collider_Roger_State_action,0.04732174
546.0471,Collider_Roger_State_action,0.04940942
546.0585,Collider_Roger_State_action,0.04463394
546.0693,Collider_Roger_State_action,0.04804664
546.0807,Collider_Roger_State_action,0.04558424
546.092,Collider_Roger_State_action,0.03228347
546.1031,Collider_Roger_State_action,0.03064751
546.114,Collider_Roger_State_action,0.02850717
546.1251,Collider_Roger_State_action,0.02550362
546.1361,Collider_Roger_State_action,0.02317662
546.1473,Collider_Roger_State_action,0.02186846
546.1584,Collider_Roger_State_action,0.02414484
546.1694,Nullreference,0.02207783
546.1807,Nullreference,0.02422734
546.1917,Nullreference,0.02381573
546.2028,Nullreference,0.02082673
546.2139,Nullreference,0.02449562
546.225,Nullreference,0.02657799
546.2363,Nullreference,0.02484545
546.2471,Nullreference,0.0259078
546.2584,Nullreference,0.02120626
546.2694,Nullreference,0.0256513
546.2805,Nullreference,0.02261106
546.2917,Nullreference,0.02627835
546.3028,Nullreference,0.0250785
546.3139,Nullreference,0.02948429
546.325,Nullreference,0.02852016
546.3359,Nullreference,0.02348433
546.347,Nullreference,0.02265871
546.358,Nullreference,0.01865763
546.3695,Nullreference,0.02249579
546.3805,Nullreference,0.0185474
546.3915,Nullreference,0.01702148
546.4026,Nullreference,0.01213327
546.4139,Nullreference,0.009377252
546.4248,Nullreference,0.01275246
546.4359,Nullreference,0.01776854
546.4471,Nullreference,0.02522764
546.4582,Nullreference,0.01730195
546.469,Nullreference,0.01052178
546.4802,Nullreference,0.005653976
546.4913,Nullreference,0.01254938
546.5024,Nullreference,0.01695702
546.5135,Nullreference,0.01285118
546.5245,Nullreference,0.01906666
546.5359,Nullreference,0.02788469
546.5469,Nullreference,0.02558548
546.5581,Nullreference,0.02893405
546.5691,Nullreference,0.02627109
546.5803,Nullreference,0.02306608
546.5912,Nullreference,0.0269697
546.6024,Nullreference,0.03236218
546.6134,Nullreference,0.03855419
546.6245,Nullreference,0.03944874
546.6357,Nullreference,0.05092449
546.6468,Nullreference,0.05208914
546.658,Nullreference,0.0551352
546.669,Nullreference,0.05624228
546.6802,Nullreference,0.05913153
546.6912,Nullreference,0.05773122
546.7032,Nullreference,0.05381466
546.7136,Nullreference,0.05433084
546.7248,Nullreference,0.05677594
546.7356,Nullreference,0.06032172
546.7465,Nullreference,0.05923642
546.7579,Nullreference,0.05645135
546.7689,Nullreference,0.05651081
546.7801,Nullreference,0.0572274
546.7912,Nullreference,0.04889886
546.8024,Nullreference,0.04948249
546.8134,Nullreference,0.04266798
546.8243,Nullreference,0.04262247
546.8356,Nullreference,0.0335866
546.8467,Nullreference,0.03298203
546.8578,Nullreference,0.03288238
546.8691,Nullreference,0.02845149
546.8803,Nullreference,0.03066506
546.8912,Nullreference,0.03188959
546.9022,Nullreference,0.02693767
546.9133,Nullreference,0.02955975
546.9245,Nullreference,0.03460996
546.9356,Nullreference,0.04170363
546.9467,Nullreference,0.04300931
546.9579,Nullreference,0.04344008
546.9689,Nullreference,0.04481734
546.9802,Nullreference,0.05017673
546.9912,Nullreference,0.05321119
547.0022,Nullreference,0.05695735
547.0134,Nullreference,0.06512082
547.0244,Nullreference,0.06451408
547.0355,Nullreference,0.06900093
547.0469,Nullreference,0.07919535
547.0577,Nullreference,0.08397768
547.0687,Nullreference,0.08812023
547.0799,Nullreference,0.08668281
547.0911,Nullreference,0.08121461
547.1022,Nullreference,0.08154797
547.1133,Nullreference,0.08628709
547.1244,Nullreference,0.08468333
547.1356,Nullreference,0.08605736
547.1469,Nullreference,0.08113926
547.1578,Nullreference,0.07587865
547.1689,Nullreference,0.07463329
547.1798,Nullreference,0.06975676
547.191,Nullreference,0.06153301
547.2021,Nullreference,0.05774605
547.2132,Nullreference,0.0508978
547.2242,Nullreference,0.05226357
547.2354,Nullreference,0.04903265
547.2466,Nullreference,0.04974343
547.2576,Nullreference,0.04105292
547.2687,Nullreference,0.04225451
547.2797,Nullreference,0.0417407
547.291,Nullreference,0.04113722
547.3022,Nullreference,0.03920377
547.3134,Nullreference,0.03920813
547.3243,Nullreference,0.03730902
547.3356,Nullreference,0.0390984
547.3467,Nullreference,0.03313019
547.3576,Nullreference,0.03202866
547.3687,Nullreference,0.02842455
547.3798,Nullreference,0.020079
547.3909,Nullreference,0.01871891
547.4022,Nullreference,0.02059395
547.4132,Nullreference,0.01485647
547.4242,Nullreference,0.01481203
547.4354,Nullreference,0.01264419
547.4465,Nullreference,0.0146507
547.4576,Nullreference,0.01259432
547.4686,Nullreference,0.01301651
547.4797,Nullreference,0.01317738
547.4908,Nullreference,0.02015726
547.502,Nullreference,0.02142177
547.513,Nullreference,0.02301112
547.5245,Nullreference,0.02770097
547.5352,Nullreference,0.0254868
547.5463,Nullreference,0.02918836
547.5576,Nullreference,0.02655174
547.5685,Nullreference,0.02516324
547.58,Nullreference,0.02139157
547.5907,Nullreference,0.02555437
547.6024,Nullreference,0.02436072
547.6129,Nullreference,0.02408404
547.6239,Nullreference,0.02549491
547.6352,Nullreference,0.01954917
547.6462,Nullreference,0.01953282
547.6572,Nullreference,0.01629529
547.6686,Nullreference,0.01088824
547.6796,Nullreference,0.007131374
547.6937,Nullreference,0.01267967
547.7017,Nullreference,0.01859493
547.713,Nullreference,0.022951
547.724,Nullreference,0.02696486
547.7349,Nullreference,0.02348438
547.7463,Nullreference,0.0202895
547.7572,Nullreference,0.01720199
547.7684,Nullreference,0.01523966
547.7793,Nullreference,0.01537056
547.7905,Nullreference,0.009877306
547.8016,Nullreference,0.01218219
547.8127,Nullreference,0.0106187
547.8239,Nullreference,0.00864854
547.8351,Nullreference,0.01313351
547.8461,Nullreference,0.01400747
547.8572,Nullreference,0.01789729
547.8682,Nullreference,0.01872106
547.8794,Nullreference,0.01934173
547.8904,Nullreference,0.01701072
547.9021,Nullreference,0.01564677
547.9127,Nullreference,0.01099713
547.924,Nullreference,0.01242801
547.9353,Nullreference,0.009068858
547.946,Nullreference,0.005995553
547.957,Nullreference,0.006833248
547.9683,Nullreference,0.003512221
547.9792,Nullreference,0.00734655
547.9904,Nullreference,0.009016021
548.0016,Nullreference,0.007278538
548.0128,Nullreference,0.01218959
548.0237,Nullreference,0.01053658
548.0347,Nullreference,0.009511214
548.0458,Nullreference,0.01437927
548.0569,Nullreference,0.01131107
548.068,Nullreference,0.01052392
548.0792,Nullreference,0.00869959
548.0903,Nullreference,0.009549273
548.1014,Nullreference,0.01365602
548.1124,Nullreference,0.01076711
548.1238,Nullreference,0.01804043
548.1348,Nullreference,0.01367482
548.146,Nullreference,0.01323983
548.157,Nullreference,0.00904365
548.168,Nullreference,0.01250063
548.179,Nullreference,0.00967597
548.1901,Nullreference,0.007974491
548.2012,Nullreference,0.004299012
548.2123,Nullreference,0.003473925
548.2242,Nullreference,0.00641208
548.2346,Nullreference,0.004540981
548.2457,Nullreference,0.005667275
548.2569,Nullreference,0.00996856
548.2679,Nullreference,0.01524426
548.2789,Nullreference,0.01460976
548.29,Nullreference,0.01027057
548.3013,Nullreference,0.008403388
548.3123,Nullreference,0.01317089
548.3235,Nullreference,0.01544897
548.335,Nullreference,0.01554154
548.3456,Nullreference,0.01020591
548.3569,Nullreference,0.007254713
548.3679,Nullreference,0.006671271
548.379,Nullreference,0.01104263
548.3901,Nullreference,0.009933704
548.4011,Nullreference,0.0169374
548.4124,Nullreference,0.0178498
548.4238,Nullreference,0.02182771
548.4344,Nullreference,0.02211211
548.4457,Nullreference,0.01918757
548.4568,Nullreference,0.01304644
548.4681,Nullreference,0.0164086
548.4789,Nullreference,0.007528017
548.4901,Nullreference,0.005915083
548.501,Nullreference,0.005318205
548.5125,Nullreference,0.003183195
548.5233,Nullreference,0.008769609
548.5344,Nullreference,0.0153729
548.5455,Nullreference,0.01646499
548.5566,Nullreference,0.01260796
548.568,Nullreference,0.009683268
548.579,Nullreference,0.01484329
548.5898,Nullreference,0.01594096
548.6014,Nullreference,0.02024191
548.6121,Nullreference,0.02332247
548.6232,Nullreference,0.01848748
548.6344,Nullreference,0.01985298
548.6454,Nullreference,0.01682631
548.6567,Nullreference,0.009915763
548.6679,Nullreference,0.002985535
548.6791,Nullreference,0.00320218
548.6899,Nullreference,0.008863253
548.701,Nullreference,0.01150908
548.7122,Nullreference,0.01625117
548.7233,Nullreference,0.02216097
548.7346,Nullreference,0.01829315
548.7456,Nullreference,0.01995216
548.7567,Nullreference,0.01413522
548.7679,Nullreference,0.01516296
548.7787,Nullreference,0.01796783
548.7901,Nullreference,0.0142975
548.801,Nullreference,0.01160731
548.8122,Nullreference,0.01267455
548.8232,Nullreference,0.009578162
548.8343,Nullreference,0.01498802
548.8454,Nullreference,0.01790548
548.8567,Nullreference,0.02186555
548.8679,Nullreference,0.01732999
548.8787,Nullreference,0.01550803
548.8899,Nullreference,0.01879327
548.9008,Nullreference,0.01683833
548.9119,Nullreference,0.01458661
548.9231,Nullreference,0.02009289
548.9343,Nullreference,0.02565657
548.9456,Nullreference,0.02481088
548.9568,Nullreference,0.02173747
548.9676,Nullreference,0.0214196
548.9789,Nullreference,0.0139426
548.9899,Nullreference,0.01078532
549.0009,Nullreference,0.01143643
549.0125,Nullreference,0.01786358
549.0233,Nullreference,0.02612262
549.0342,Nullreference,0.02878187
549.0458,Nullreference,0.03007996
549.0568,Nullreference,0.03099545
549.0681,Nullreference,0.02133688
549.0792,Nullreference,0.01913034
549.0903,Nullreference,0.01377571
549.1012,Nullreference,0.01264876
549.1125,Nullreference,0.01260794
549.1237,Nullreference,0.01440806
549.1345,Nullreference,0.01304339
549.1456,Nullreference,0.01636252
549.1573,Nullreference,0.01523476
549.1678,Nullreference,0.01380318
549.1786,Nullreference,0.006266755
549.1901,Nullreference,0.01231694
549.201,Nullreference,0.01924042
549.212,Nullreference,0.02111143
549.2235,Nullreference,0.02986255
549.2343,Nullreference,0.02935751
549.2452,Nullreference,0.03090215
549.2565,Nullreference,0.03356902
549.2675,Nullreference,0.03247005
549.2784,Nullreference,0.03151095
549.2899,Nullreference,0.02732977
549.3008,Nullreference,0.02404635
549.312,Nullreference,0.01879315
549.3231,Nullreference,0.01837001
549.334,Nullreference,0.01718939
549.3451,Nullreference,0.02145321
549.3568,Nullreference,0.02119673
549.3674,Nullreference,0.02644474
549.3785,Nullreference,0.0286255
549.3897,Nullreference,0.03072553
549.4008,Nullreference,0.03087259
549.4119,Nullreference,0.0309934
549.423,Nullreference,0.02837322
549.4341,Nullreference,0.03054823
549.4451,Nullreference,0.02464341
549.4562,Nullreference,0.02133461
549.4672,Nullreference,0.01782816
549.4782,Nullreference,0.01949099
549.4896,Nullreference,0.02305318
549.5007,Nullreference,0.0247035
549.5118,Nullreference,0.01630252
549.5229,Nullreference,0.01183208
549.5349,Nullreference,0.02030888
549.545,Nullreference,0.02030046
549.5564,Nullreference,0.0211271
549.5684,Nullreference,0.02135169
549.5789,Nullreference,0.01503689
549.5895,Nullreference,0.01385956
549.6003,Nullreference,0.01162192
549.6116,Nullreference,0.01240146
549.6227,Nullreference,0.01127043
549.6339,Nullreference,0.01383006
549.6449,Nullreference,0.01470123
549.656,Nullreference,0.01938802
549.6672,Nullreference,0.02288247
549.6782,Nullreference,0.02264596
549.6895,Nullreference,0.03014471
549.7004,Nullreference,0.0358982
549.7116,Nullreference,0.03581071
549.7227,Nullreference,0.03768642
549.7337,Nullreference,0.04166045
549.745,Nullreference,0.04145445
549.756,Nullreference,0.03909666
549.767,Nullreference,0.03497278
549.7783,Nullreference,0.03165101
549.7894,Nullreference,0.03353728
549.8004,Nullreference,0.0337314
549.8115,Nullreference,0.03315966
549.8226,Nullreference,0.03456875
549.8336,Nullreference,0.03143202
549.8448,Nullreference,0.03134568
549.8559,Nullreference,0.03335426
549.8671,Nullreference,0.03039114
549.8781,Nullreference,0.03552513
549.8893,Nullreference,0.03030503
549.9002,Nullreference,0.03376061
549.9118,Nullreference,0.03139846
549.9232,Nullreference,0.03352335
549.934,Nullreference,0.0276155
549.9451,Nullreference,0.02736449
549.9567,Nullreference,0.02895387
549.967,Nullreference,0.03337292
549.9782,Nullreference,0.02976787
549.99,Nullreference,0.02907811
550.0009,Nullreference,0.03031694
550.0116,Nullreference,0.02890936
550.0229,Nullreference,0.03058255
550.0344,Nullreference,0.02827641
550.0448,Nullreference,0.02179877
550.0563,Nullreference,0.01648016
550.0682,Nullreference,0.01790769
550.0785,Nullreference,0.01601878
550.0897,Nullreference,0.01294342
550.1008,Nullreference,0.005217539
550.1114,Nullreference,0.008528525
550.1227,Nullreference,0.01646117
550.1336,Nullreference,0.008619038
550.1447,Nullreference,0.007735892
550.1558,Nullreference,0.009427422
550.167,Nullreference,0.01351543
550.1779,Nullreference,0.01302102
550.1894,Nullreference,0.01061538
550.2,Nullreference,0.01376866
550.2114,Nullreference,0.006368821
550.2224,Nullreference,0.004162329
550.2334,Nullreference,0.003216612
550.2444,Nullreference,0.002249721
550.2557,Nullreference,0.01195065
550.267,Nullreference,0.01871252
550.2783,Nullreference,0.01564175
550.2894,Nullreference,0.01491463
550.3005,Nullreference,0.0193693
550.3115,Nullreference,0.02023196
550.3228,Nullreference,0.01493806
550.3337,Nullreference,0.01508671
550.3445,Nullreference,0.01623777
550.3561,Nullreference,0.01160033
550.3667,Nullreference,0.01697681
550.3781,Nullreference,0.02007914
550.3897,Nullreference,0.02490765
550.4,Nullreference,0.02561065
550.4113,Nullreference,0.02555718
550.4229,Nullreference,0.02361262
550.4335,Nullreference,0.02593223
550.4446,Nullreference,0.02912362
550.4558,Nullreference,0.03419763
550.4669,Nullreference,0.0320901
550.478,Nullreference,0.03326253
550.4895,Nullreference,0.02432186
550.5001,Nullreference,0.02585007
550.5111,Nullreference,0.02636131
550.5223,Nullreference,0.02380429
550.5335,Nullreference,0.02525774
550.5446,Nullreference,0.02301086
550.5557,Nullreference,0.0202237
550.5669,Nullreference,0.02058857
550.5786,Nullreference,0.0184758
550.5891,Nullreference,0.01974452
550.6001,Nullreference,0.01537913
550.6111,Nullreference,0.02485601
550.6224,Nullreference,0.02509601
550.6331,Nullreference,0.02677101
550.6447,Nullreference,0.02269184
550.6556,Nullreference,0.02446993
550.6666,Nullreference,0.02756464
550.6777,Nullreference,0.02834288
550.6891,Nullreference,0.02332055
550.7003,Nullreference,0.0167127
550.7109,Nullreference,0.0157756
550.7222,Nullreference,0.01518387
550.7332,Nullreference,0.02213757
550.7446,Nullreference,0.02026685
550.7557,Nullreference,0.01752886
550.7665,Nullreference,0.02041804
550.7784,Nullreference,0.01694729
550.7892,Nullreference,0.02562016
550.7999,Nullreference,0.0259693
550.8112,Nullreference,0.02234128
550.8222,Nullreference,0.02732263
550.8331,Nullreference,0.02768211
550.8442,Nullreference,0.02592999
550.8555,Nullreference,0.02634042
550.8668,Nullreference,0.02224549
550.8775,Nullreference,0.02449191
550.8889,Nullreference,0.02383901
550.8998,Nullreference,0.02234222
550.9108,Nullreference,0.03307405
550.9229,Nullreference,0.02807873
550.9335,Nullreference,0.02882685
550.9446,Nullreference,0.02822551
550.9556,Nullreference,0.02070379
550.9664,Nullreference,0.01752837
550.9775,Nullreference,0.01241126
550.9892,Nullreference,0.01414657
550.9997,Nullreference,0.01158396
551.0108,Nullreference,0.01356011
551.0219,Nullreference,0.01884324
551.0332,Nullreference,0.02455011
551.0441,Nullreference,0.02588125
551.0555,Nullreference,0.02650394
551.0669,Nullreference,0.0266471
551.0773,Nullreference,0.03009119
551.0892,Nullreference,0.03239204
551.1013,Nullreference,0.02974283
551.1107,Nullreference,0.02113849
551.1214,Nullreference,0.02330397
551.1325,Nullreference,0.02283634
551.1436,Nullreference,0.01452785
551.1545,Nullreference,0.01038166
551.1657,Nullreference,0.005159933
551.1769,Nullreference,0.005080089
551.1884,Nullreference,0.008887093
551.1993,Nullreference,0.01035778
551.2103,Nullreference,0.01635881
551.2218,Nullreference,0.02336456
551.2325,Nullreference,0.0238044
551.2435,Nullreference,0.01970577
551.2548,Nullreference,0.01397188
551.2659,Nullreference,0.0120426
551.2769,Nullreference,0.01429592
551.2884,Nullreference,0.01117663
551.2993,Nullreference,0.00966615
551.3101,Nullreference,0.008444676
551.3224,Nullreference,0.006976752
551.3324,Nullreference,0.006275755
551.3434,Nullreference,0.009995931
551.3547,Nullreference,0.01403433
551.3656,Nullreference,0.01264954
551.377,Nullreference,0.01158656
551.3885,Nullreference,0.01512951
551.3991,Nullreference,0.02000907
551.4101,Nullreference,0.02487729
551.4212,Nullreference,0.02067869
551.4323,Nullreference,0.02282277
551.4434,Nullreference,0.02953779
551.4547,Nullreference,0.03357246
551.4657,Nullreference,0.03214455
551.4769,Nullreference,0.02981796
551.4891,Nullreference,0.02937245
551.4993,Nullreference,0.03246077
551.5105,Nullreference,0.03535122
551.5219,Nullreference,0.03854328
551.5329,Nullreference,0.04260543
551.5439,Nullreference,0.0416889
551.555,Nullreference,0.04472774
551.5663,Nullreference,0.04370423
551.5773,Nullreference,0.03741878
551.589,Nullreference,0.03534443
551.5997,Nullreference,0.02740991
551.6113,Nullreference,0.02291494
551.6219,Nullreference,0.01988207
551.6331,Nullreference,0.0148717
551.6442,Nullreference,0.0142666
551.6555,Nullreference,0.009934978
551.6661,Nullreference,0.008917709
551.6774,Nullreference,0.009144699
551.6886,Nullreference,0.005786823
551.6996,Nullreference,0.008702469
551.7106,Nullreference,0.007872097
551.7217,Nullreference,0.009885776
551.7328,Nullreference,0.007047943
551.7439,Nullreference,0.01150971
551.7555,Nullreference,0.005728591
551.7665,Nullreference,0.006981703
551.7772,Nullreference,0.003415478
551.7886,Nullreference,0.01008652
551.7994,Nullreference,0.01532836
551.8105,Nullreference,0.01461345
551.8218,Nullreference,0.01707098
551.8327,Nullreference,0.02399777
551.8437,Nullreference,0.02250833
551.855,Nullreference,0.02700875
551.8661,Nullreference,0.02364479
551.8772,Nullreference,0.02285757
551.8889,Nullreference,0.01982549
551.8995,Nullreference,0.01957708
551.9105,Nullreference,0.0162122
551.9218,Nullreference,0.01521949
551.9332,Nullreference,0.01177051
551.9439,Nullreference,0.008823346
551.9552,Nullreference,0.01267109
551.9661,Nullreference,0.02005324
551.9772,Nullreference,0.01035936
551.9886,Nullreference,0.005424023
551.9994,Nullreference,0.01291246
552.0106,Nullreference,0.02088941
552.022,Nullreference,0.02067219
552.0327,Nullreference,0.01867928
552.0438,Nullreference,0.01503691
552.0554,Nullreference,0.01302845
552.0661,Nullreference,0.008860989
552.077,Nullreference,0.004551119
552.0884,Nullreference,0.003290068
552.0992,Nullreference,0.008640512
552.1105,Nullreference,0.0130645
552.1215,Nullreference,0.01093505
552.1325,Nullreference,0.01352112
552.1437,Nullreference,0.01143202
552.1548,Nullreference,0.01383871
552.1658,Nullreference,0.01487688
552.1769,Nullreference,0.01606045
552.1884,Nullreference,0.01658276
552.1994,Nullreference,0.01484106
552.2103,Nullreference,0.01625683
552.2215,Nullreference,0.01372988
552.2327,Nullreference,0.01761515
552.2435,Nullreference,0.01461242
552.2563,Nullreference,0.01307241
552.2657,Nullreference,0.01152403
552.2769,Nullreference,0.01322283
552.2884,Nullreference,0.009820883
552.2993,Nullreference,0.0048004
552.3104,Nullreference,0.003234326
552.3219,Nullreference,0.003925279
552.3325,Nullreference,0.00684802
552.3437,Nullreference,0.01105444
552.3546,Nullreference,0.01431168
552.3658,Nullreference,0.01738064
552.3776,Nullreference,0.02104036
552.3881,Nullreference,0.02848408
552.399,Nullreference,0.03122834
552.4102,Nullreference,0.03786026
552.4218,Nullreference,0.04666765
552.4323,Nullreference,0.05094208
552.4434,Nullreference,0.05406113
552.4545,Nullreference,0.05700935
552.4656,Nullreference,0.05312712
552.4768,Nullreference,0.04918578
552.4882,Nullreference,0.0490995
552.499,Nullreference,0.04596962
552.5102,Nullreference,0.04157016
552.5212,Nullreference,0.0399403
552.5326,Nullreference,0.03913835
552.5436,Nullreference,0.03747795
552.5546,Nullreference,0.03495796
552.5657,Nullreference,0.03220942
552.5768,Nullreference,0.03068032
552.5879,Nullreference,0.02269548
552.5995,Nullreference,0.02600856
552.61,Nullreference,0.03085215
552.6216,Nullreference,0.03277212
552.6325,Nullreference,0.03646407
552.6434,Nullreference,0.04025029
552.6547,Nullreference,0.03570862
552.6667,Nullreference,0.03025629
552.6766,Nullreference,0.02648976
552.6881,Nullreference,0.02701864
552.6991,Nullreference,0.0262278
552.7103,Nullreference,0.02781724
552.7212,Nullreference,0.02614413
552.7322,Nullreference,0.02257212
552.7431,Nullreference,0.01421202
552.7545,Nullreference,0.008626282
552.7654,Nullreference,0.002469208
552.7766,Nullreference,0.00973645
552.788,Nullreference,0.0107567
552.7988,Nullreference,0.01091956
552.8099,Nullreference,0.01730188
552.821,Nullreference,0.01765947
552.8323,Nullreference,0.01899708
552.8434,Nullreference,0.01114433
552.8546,Nullreference,0.006313209
552.8655,Nullreference,0.004648027
552.8765,Nullreference,0.009266449
552.8876,Nullreference,0.01417404
552.8988,Nullreference,0.02357944
552.9105,Nullreference,0.02980578
552.9211,Nullreference,0.03673459
552.9321,Nullreference,0.04371777
552.9431,Nullreference,0.04898993
552.9549,Nullreference,0.0520538
552.9654,Nullreference,0.05921221
552.9765,Nullreference,0.0568087
552.9877,Nullreference,0.06269289
552.9996,Nullreference,0.06043317
553.0098,Nullreference,0.05428024
553.0209,Nullreference,0.05767177
553.0321,Nullreference,0.05615163
553.043,Nullreference,0.04935151
553.0543,Nullreference,0.04454694
553.0653,Nullreference,0.04053902
553.0765,Nullreference,0.03936196
553.0875,Nullreference,0.03807179
553.0987,Nullreference,0.0434003
553.1102,Nullreference,0.04690303
553.121,Nullreference,0.05201537
553.1321,Nullreference,0.05399691
553.143,Nullreference,0.06001461
553.1545,Nullreference,0.06695385
553.1653,Nullreference,0.07225624
553.1764,Nullreference,0.0747868
553.1875,Nullreference,0.07292866
553.1986,Nullreference,0.07230213
553.2097,Nullreference,0.07048821
553.2207,Nullreference,0.07094603
553.232,Nullreference,0.08003956
553.2432,Nullreference,0.08053602
553.2543,Nullreference,0.07258926
553.2652,Nullreference,0.07034803
553.2765,Nullreference,0.07021276
553.2876,Nullreference,0.06958107
553.2986,Nullreference,0.06872934
553.3099,Nullreference,0.06705467
553.3212,Nullreference,0.07581416
553.3321,Nullreference,0.07496417
553.343,Nullreference,0.07527113
553.3546,Nullreference,0.07932137
553.3655,Nullreference,0.07727962
553.3763,Nullreference,0.0727868
553.3881,Nullreference,0.0683549
553.3987,Nullreference,0.06102362
553.4094,Nullreference,0.05846164
553.4207,Nullreference,0.05471329
553.432,Nullreference,0.04720952
553.4433,Nullreference,0.04112386
553.4542,Nullreference,0.04188371
553.4653,Nullreference,0.03929524
553.4763,Nullreference,0.0412396
553.4874,Nullreference,0.05049998
553.4985,Nullreference,0.05922211
553.5096,Nullreference,0.07599533
553.5209,Nullreference,0.09043824
553.5318,Nullreference,0.1050628
553.5428,Nullreference,0.1153008
553.5538,Nullreference,0.1216354
553.5651,Nullreference,0.1213069
553.5762,Nullreference,0.1177537
553.5872,Nullreference,0.1189503
553.5983,Nullreference,0.1146265
553.6093,Nullreference,0.1169996
553.6208,Nullreference,0.1205023
553.6317,Nullreference,0.1220038
553.6428,Nullreference,0.1147695
553.6541,Nullreference,0.1165815
553.6653,Nullreference,0.1192076
553.6763,Nullreference,0.12724
553.6875,Nullreference,0.1444608
553.6984,Nullreference,0.1584688
553.7094,Nullreference,0.1765174
553.7208,Nullreference,0.1884715
553.7318,Nullreference,0.1914421
553.7432,Nullreference,0.1896125
553.7539,Nullreference,0.1831169
553.765,Nullreference,0.1784096
553.7762,Nullreference,0.1634507
553.7874,Nullreference,0.1522801
553.7993,Nullreference,0.1470858
553.8097,Nullreference,0.1555115
553.821,Nullreference,0.1677624
553.8317,Nullreference,0.1877734
553.8428,Nullreference,0.2125863
553.8542,Nullreference,0.228329
553.8652,Nullreference,0.2374533
553.8764,Nullreference,0.2527767
553.8879,Nullreference,0.2569994
553.8985,Nullreference,0.2593694
553.91,Nullreference,0.2454894
553.9207,Nullreference,0.2252535
553.9321,Nullreference,0.2023371
553.943,Nullreference,0.1756083
553.954,Nullreference,0.1424631
553.9653,Nullreference,0.1170817
553.9762,Nullreference,0.09663478
553.9874,Nullreference,0.07546061
553.9984,Nullreference,0.06279606
554.0095,Nullreference,0.06579843
554.0206,Nullreference,0.08042444
554.0316,Nullreference,0.1186489
554.0429,Nullreference,0.1568832
554.0554,Nullreference,0.1919298
554.0649,Nullreference,0.2099135
554.0763,Nullreference,0.2119784
554.0878,Nullreference,0.2086907
554.0983,Nullreference,0.1934395
554.1096,Nullreference,0.1852863
554.1207,Nullreference,0.1862182
554.1317,Nullreference,0.2018338
554.1426,Nullreference,0.2138792
554.1539,Nullreference,0.2329523
554.1649,Nullreference,0.2509742
554.176,Nullreference,0.2785109
554.1872,Nullreference,0.2992844
554.1982,Nullreference,0.325936
554.2094,Nullreference,0.3468286
554.2206,Nullreference,0.3613143
554.2314,Nullreference,0.3767757
554.243,Nullreference,0.3924338
554.2543,Nullreference,0.4118532
554.2656,Nullreference,0.4227886
554.2762,Nullreference,0.4313968
554.2872,Nullreference,0.4370099
554.2985,Nullreference,0.4384402
554.3094,Nullreference,0.4358479
554.3216,Nullreference,0.4307236
554.3325,Nullreference,0.4325689
554.3425,Nullreference,0.4384283
554.3539,Nullreference,0.4435327
554.3649,Nullreference,0.4325169
554.3766,Nullreference,0.4119298
554.3871,Nullreference,0.3716086
554.3983,Nullreference,0.3417487
554.4092,Nullreference,0.3011856
554.4205,Nullreference,0.2728002
554.4316,Nullreference,0.2501984
554.4425,Nullreference,0.2381621
554.4536,Nullreference,0.2428728
554.4648,Nullreference,0.2537369
554.4761,Nullreference,0.2558529
554.4869,Nullreference,0.2537756
554.498,Nullreference,0.2518913
554.5092,Nullreference,0.2416122
554.5209,Nullreference,0.2292965
554.5314,Nullreference,0.2068514
554.5424,Nullreference,0.1883748
554.5537,Nullreference,0.1712806
554.5647,Nullreference,0.1558938
554.5764,Nullreference,0.1407768
554.587,Nullreference,0.1245309
554.598,Nullreference,0.120982
554.6093,Nullreference,0.1159014
554.6204,Nullreference,0.09950276
554.6324,Nullreference,0.08999246
554.6426,Nullreference,0.08169879
554.6537,Nullreference,0.08935165
554.665,Nullreference,0.09659182
554.676,Nullreference,0.09964915
554.6869,Nullreference,0.1019694
554.6981,Nullreference,0.09837913
554.709,Nullreference,0.09664325
554.7209,Nullreference,0.0883609
554.7314,Nullreference,0.08110856
554.7424,Nullreference,0.06950414
554.7537,Nullreference,0.05670808
554.7648,Nullreference,0.04386338
554.7764,Nullreference,0.04418012
554.7872,Nullreference,0.05997428
554.7982,Nullreference,0.07931843
554.8094,Nullreference,0.09930864
554.8209,Nullreference,0.1098023
554.8315,Nullreference,0.1230483
554.8423,Nullreference,0.1289812
554.8536,Nullreference,0.1398932
554.8647,Nullreference,0.140365
554.8761,Nullreference,0.138427
554.887,Nullreference,0.1407415
554.8979,Nullreference,0.1444236
554.9089,Nullreference,0.1498026
554.9207,Nullreference,0.1552152
554.9313,Nullreference,0.1657958
554.9423,Nullreference,0.1706988
554.9534,Nullreference,0.1828508
554.9644,Nullreference,0.1955561
554.9755,Nullreference,0.2015055
554.9869,Nullreference,0.1942304
554.9979,Nullreference,0.1900749
555.0089,Nullreference,0.1812055
555.0203,Nullreference,0.1747213
555.0313,Nullreference,0.1648743
555.0422,Nullreference,0.1571497
555.0533,Nullreference,0.1547727
555.0645,Nullreference,0.1539483
555.0757,Nullreference,0.1608442
555.0867,Nullreference,0.1662842
555.098,Nullreference,0.172286
555.1088,Nullreference,0.1724901
555.1202,Nullreference,0.1636112
555.131,Nullreference,0.1455072
555.1421,Nullreference,0.1297551
555.1531,Nullreference,0.1147235
555.1641,Nullreference,0.1152444
555.1755,Nullreference,0.1148488
555.1866,Nullreference,0.119398
555.1978,Nullreference,0.13288
555.2086,Nullreference,0.1525251
555.2198,Nullreference,0.1761563
555.231,Nullreference,0.1889886
555.2421,Nullreference,0.2013438
555.2531,Nullreference,0.2120561
555.2645,Nullreference,0.2340993
555.2764,Nullreference,0.2387932
555.2864,Nullreference,0.2522528
555.2977,Nullreference,0.2513037
555.309,Nullreference,0.2467368
555.32,Nullreference,0.2338946
555.3312,Nullreference,0.212878
555.3422,Nullreference,0.1850486
555.3533,Nullreference,0.1638141
555.3644,Nullreference,0.1310702
555.3754,Nullreference,0.08767123
555.3867,Nullreference,0.04919357
555.3978,Nullreference,0.05813065
555.4086,Nullreference,0.09895143
555.4198,Nullreference,0.1524019
555.4309,Nullreference,0.1847076
555.442,Nullreference,0.193846
555.4532,Nullreference,0.1824478
555.4648,Nullreference,0.1589075
555.4755,Nullreference,0.1364351
555.4866,Nullreference,0.1204929
555.4974,Nullreference,0.1188888
555.5089,Nullreference,0.1312636
555.52,Nullreference,0.1525397
555.5309,Nullreference,0.1824342
555.5419,Nullreference,0.2080697
555.553,Nullreference,0.2442928
555.564,Nullreference,0.2668199
555.5756,Nullreference,0.2801757
555.5863,Nullreference,0.2873815
555.5977,Nullreference,0.2939434
555.6085,Nullreference,0.2959525
555.6198,Nullreference,0.2930735
555.631,Nullreference,0.2857964
555.6419,Nullreference,0.2698106
555.653,Nullreference,0.2695672
555.6641,Nullreference,0.2593991
555.6752,Nullreference,0.2441091
555.6863,Nullreference,0.2333629
555.6975,Nullreference,0.232299
555.7087,Nullreference,0.2165509
555.7198,Nullreference,0.2057284
555.7311,Nullreference,0.1939245
555.7418,Nullreference,0.1812644
555.7531,Nullreference,0.169172
555.7641,Nullreference,0.1644572
555.7751,Nullreference,0.1609517
555.7863,Nullreference,0.1638604
555.7975,Nullreference,0.1674798
555.8085,Nullreference,0.1729816
555.8196,Nullreference,0.1843951
555.8308,Nullreference,0.1926631
555.8418,Nullreference,0.2012378
555.8531,Nullreference,0.2105071
555.8641,Nullreference,0.2179343
555.8753,Nullreference,0.2196405
555.8865,Nullreference,0.2162425
555.8974,Nullreference,0.2149286
555.9085,Nullreference,0.2027435
555.9205,Nullreference,0.1957703
555.9307,Nullreference,0.1856688
555.9418,Nullreference,0.1753872
555.953,Nullreference,0.1646354
555.9641,Nullreference,0.155138
555.9753,Nullreference,0.142897
555.9864,Nullreference,0.1333745
555.9974,Nullreference,0.1104101
556.0084,Nullreference,0.08867048
556.0195,Nullreference,0.07254209
556.0305,Nullreference,0.0596078
556.0417,Nullreference,0.05023428
556.0529,Nullreference,0.03527486
556.064,Nullreference,0.02799648
556.0751,Nullreference,0.03009791
556.0864,Nullreference,0.03937511
556.0973,Nullreference,0.0489096
556.1084,Nullreference,0.06043861
556.1196,Nullreference,0.0657561
556.1306,Nullreference,0.07352681
556.1421,Nullreference,0.08291721
556.1529,Nullreference,0.08575357
556.1644,Nullreference,0.09411838
556.1749,Nullreference,0.1025448
556.1862,Nullreference,0.101854
556.1971,Nullreference,0.1136147
556.2083,Nullreference,0.117746
556.2194,Nullreference,0.1265227
556.2305,Nullreference,0.1483567
556.2415,Nullreference,0.1731163
556.2528,Nullreference,0.2023585
556.2638,Nullreference,0.2201732
556.2748,Nullreference,0.2246417
556.2863,Nullreference,0.2140796
556.2972,Nullreference,0.2013584
556.3084,Nullreference,0.1791888
556.3194,Nullreference,0.1623035
556.3309,Nullreference,0.1421627
556.3416,Nullreference,0.1373365
556.3529,Nullreference,0.1470043
556.3638,Nullreference,0.1664813
556.3749,Nullreference,0.1845635
556.3861,Nullreference,0.2062954
556.3972,Nullreference,0.2119693
556.4084,Nullreference,0.204308
556.4195,Nullreference,0.2025784
556.4307,Nullreference,0.2013905
556.4417,Nullreference,0.2120925
556.4528,Nullreference,0.221967
556.4638,Nullreference,0.236613
556.4752,Nullreference,0.2499013
556.4861,Nullreference,0.2603394
556.4973,Nullreference,0.2684991
556.5083,Nullreference,0.2759252
556.5195,Nullreference,0.2731312
556.5307,Nullreference,0.2731598
556.5416,Nullreference,0.2741242
556.5529,Nullreference,0.2756539
556.5638,Nullreference,0.2697651
556.5748,Nullreference,0.2602774
556.5861,Nullreference,0.2525253
556.597,Nullreference,0.2444352
556.6082,Nullreference,0.2309106
556.6192,Nullreference,0.2198944
556.6306,Nullreference,0.2094674
556.6415,Nullreference,0.2100974
556.6528,Nullreference,0.2203301
556.6638,Nullreference,0.2305756
556.6749,Nullreference,0.2498343
556.6859,Nullreference,0.2612313
556.6971,Nullreference,0.2761425
556.7083,Nullreference,0.2792111
556.7195,Nullreference,0.2862067
556.7304,Nullreference,0.2764066
556.7415,Nullreference,0.2599108
556.7528,Nullreference,0.232765
556.7644,Nullreference,0.2110025
556.7748,Nullreference,0.1921173
556.786,Nullreference,0.1780347
556.7971,Nullreference,0.1676956
556.8085,Nullreference,0.1636704
556.8193,Nullreference,0.1617429
556.8303,Nullreference,0.1569331
556.8416,Nullreference,0.1463796
556.8525,Nullreference,0.1463708
556.8677,Nullreference,0.148723
556.8761,Nullreference,0.1564235
556.8841,Nullreference,0.1537471
556.8943,Nullreference,0.1491174
556.9055,Nullreference,0.1327205
556.9167,Nullreference,0.121011
556.9277,Nullreference,0.1135649
556.9387,Nullreference,0.1103121
556.95,Nullreference,0.1065923
556.9611,Nullreference,0.1064245
556.9721,Nullreference,0.09759172
556.9832,Nullreference,0.09409572
556.9943,Nullreference,0.08430664
557.0054,Nullreference,0.07981121
557.0165,Nullreference,0.07479186
557.0278,Nullreference,0.06493393
557.0388,Nullreference,0.06550714
557.0497,Nullreference,0.06514365
557.0612,Nullreference,0.071462
557.1237,Nullreference,0.03708403
557.1313,Nullreference,0.03110151
557.1384,Nullreference,0.03616754
557.1475,Nullreference,0.05364716
557.1586,Nullreference,0.06853798
557.1697,Nullreference,0.09291425
557.181,Nullreference,0.1010211
557.192,Nullreference,0.1103613
557.2031,Nullreference,0.1234364
557.2141,Nullreference,0.1248931
557.2251,Nullreference,0.1290736
557.2361,Nullreference,0.1246826
557.2474,Nullreference,0.1206073
557.2585,Nullreference,0.1119954
557.2697,Nullreference,0.1061394
557.2805,Nullreference,0.09092285
557.2917,Nullreference,0.07856312
557.303,Nullreference,0.06701402
557.314,Nullreference,0.07030948
557.3251,Nullreference,0.06647687
557.3362,Nullreference,0.07438233
557.3474,Nullreference,0.07273199
557.3583,Nullreference,0.04919496
557.3695,Nullreference,0.03362555
557.3805,Nullreference,0.02482794
557.3917,Nullreference,0.01659488
557.403,Nullreference,0.01319755
557.4138,Nullreference,0.01641481
557.425,Nullreference,0.0277889
557.436,Nullreference,0.03185794
557.4474,Nullreference,0.03932133
557.4584,Nullreference,0.05026516
557.4695,Nullreference,0.0580312
557.4805,Nullreference,0.06898376
557.4918,Nullreference,0.07748719
557.5031,Nullreference,0.09130877
557.5142,Nullreference,0.1060854
557.5255,Nullreference,0.1194782
557.5365,Nullreference,0.145392
557.5482,Nullreference,0.1659838
557.5597,Nullreference,0.1834444
557.571,Nullreference,0.1927975
557.5825,Nullreference,0.2082055
557.5936,Nullreference,0.213355
557.6052,Nullreference,0.2227591
557.6164,Nullreference,0.2341206
557.6279,Nullreference,0.2481422
557.6391,Nullreference,0.2547758
557.6506,Nullreference,0.2625727
557.662,Nullreference,0.2685239
557.6734,Nullreference,0.2761153
557.6848,Nullreference,0.276363
557.6962,Nullreference,0.2729732
557.7073,Nullreference,0.2671546
557.7186,Nullreference,0.2576267
557.7308,Nullreference,0.2506345
557.7411,Nullreference,0.2433798
557.7521,Nullreference,0.2395576
557.7632,Nullreference,0.2364964
557.7745,Nullreference,0.2249167
557.7856,Nullreference,0.2219893
557.7966,Nullreference,0.2184252
557.8077,Nullreference,0.2214123
557.8187,Nullreference,0.2260291
557.8298,Nullreference,0.2219569
557.8409,Nullreference,0.2145695
557.852,Nullreference,0.204706
557.8631,Nullreference,0.1977924
557.8745,Nullreference,0.1931416
557.8854,Nullreference,0.1968233
557.8964,Nullreference,0.2050373
557.9077,Nullreference,0.2170626
557.9188,Nullreference,0.2197118
557.9299,Nullreference,0.2234318
557.9409,Nullreference,0.2266996
557.9522,Nullreference,0.2250662
557.9634,Nullreference,0.2250305
557.9744,Nullreference,0.2234069
557.9853,Nullreference,0.216412
557.9968,Nullreference,0.2022137
558.0075,Nullreference,0.1872247
558.0187,Nullreference,0.1731181
558.0298,Nullreference,0.1607952
558.0409,Nullreference,0.1563936
558.0522,Nullreference,0.1509149
558.0632,Nullreference,0.1474033
558.0743,Nullreference,0.1349783
558.0854,Nullreference,0.1163716
558.0967,Nullreference,0.1072457
558.1076,Nullreference,0.09127784
558.1187,Nullreference,0.08107403
558.1299,Nullreference,0.0752592
558.1409,Nullreference,0.06883169
558.152,Nullreference,0.06892407
558.1631,Nullreference,0.07612694
558.1742,Nullreference,0.08440237
558.1854,Nullreference,0.0992333
558.1964,Nullreference,0.1057683
558.2075,Nullreference,0.1167157
558.2186,Nullreference,0.1282433
558.2297,Nullreference,0.1422403
558.2408,Nullreference,0.152203
558.2519,Nullreference,0.165075
558.263,Nullreference,0.1756958
558.2741,Nullreference,0.1878474
558.2854,Nullreference,0.2025309
558.2964,Nullreference,0.2024662
558.3076,Nullreference,0.2118124
558.3188,Nullreference,0.2149112
558.3301,Nullreference,0.2216097
558.3413,Nullreference,0.2206984
558.3521,Nullreference,0.2264497
558.3632,Nullreference,0.227452
558.3742,Nullreference,0.2291173
558.3853,Nullreference,0.231924
558.3964,Nullreference,0.2285261
558.4075,Nullreference,0.2189147
558.4187,Nullreference,0.2058795
558.4297,Nullreference,0.1896708
558.441,Nullreference,0.1775041
558.4521,Nullreference,0.1740582
558.4631,Nullreference,0.149967
558.4742,Nullreference,0.144564
558.4854,Nullreference,0.1327468
558.4965,Nullreference,0.1319495
558.5074,Nullreference,0.1355118
558.5187,Nullreference,0.1409941
558.5297,Nullreference,0.1419023
558.5411,Nullreference,0.1286137
558.5522,Nullreference,0.1184818
558.5631,Nullreference,0.1116591
558.5742,Nullreference,0.1063255
558.5854,Nullreference,0.1144509
558.5965,Nullreference,0.1205816
558.6076,Nullreference,0.1293834
558.6187,Nullreference,0.147057
558.6298,Nullreference,0.1535007
558.6407,Nullreference,0.1608194
558.652,Nullreference,0.1596394
558.6631,Nullreference,0.1595319
558.6743,Nullreference,0.14974
558.6854,Nullreference,0.1446406
558.6965,Nullreference,0.1386315
558.7075,Nullreference,0.1309028
558.7187,Nullreference,0.1278996
558.7298,Nullreference,0.1240133
558.7411,Nullreference,0.1174149
558.7522,Nullreference,0.1105642
558.7631,Nullreference,0.107943
558.7741,Nullreference,0.1019623
558.7853,Nullreference,0.1049615
558.7963,Nullreference,0.09782448
558.8076,Nullreference,0.09572772
558.8186,Nullreference,0.08885483
558.8298,Nullreference,0.08329502
558.8408,Nullreference,0.0705752
558.852,Nullreference,0.06972481
558.863,Nullreference,0.069022
558.8741,Nullreference,0.0699679
558.8852,Nullreference,0.07582141
558.8965,Nullreference,0.08629148
558.9077,Nullreference,0.09239016
558.9187,Nullreference,0.0956029
558.9297,Nullreference,0.08911491
558.9407,Nullreference,0.08322135
558.9518,Nullreference,0.08622493
558.9632,Nullreference,0.0780429
558.9745,Nullreference,0.07010874
558.9851,Nullreference,0.07205345
558.9963,Nullreference,0.07527342
559.0075,Nullreference,0.07729139
559.0188,Nullreference,0.08023895
559.0296,Nullreference,0.08040886
559.0407,Nullreference,0.07860139
559.0518,Nullreference,0.08311477
559.0635,Nullreference,0.08008378
559.074,Nullreference,0.08127113
559.0851,Nullreference,0.07609829
559.0961,Nullreference,0.07138783
559.1079,Nullreference,0.06708686
559.1186,Nullreference,0.07130221
559.1296,Nullreference,0.08596769
559.1406,Nullreference,0.09498914
559.1517,Nullreference,0.09972486
559.163,Nullreference,0.1021916
559.174,Nullreference,0.1090567
559.1851,Nullreference,0.1125314
559.1961,Nullreference,0.1113146
559.2074,Nullreference,0.1038362
559.2183,Nullreference,0.08815849
559.2294,Nullreference,0.06982831
559.2408,Nullreference,0.05356514
559.2516,Nullreference,0.05437215
559.2628,Nullreference,0.06248661
559.2739,Nullreference,0.0749587
559.2849,Nullreference,0.07768511
559.296,Nullreference,0.08488659
559.3077,Nullreference,0.08825146
559.3183,Nullreference,0.09113569
559.3293,Nullreference,0.08551943
559.3411,Nullreference,0.07836034
559.3515,Nullreference,0.07302951
559.3626,Nullreference,0.06943737
559.374,Nullreference,0.06583586
559.3848,Nullreference,0.06892096
559.3961,Nullreference,0.07041224
559.4072,Nullreference,0.07508783
559.4182,Nullreference,0.08409097
559.4294,Nullreference,0.08159193
559.4404,Nullreference,0.08005901
559.4516,Nullreference,0.07871663
559.4626,Nullreference,0.07934166
559.4738,Nullreference,0.07275294
559.4849,Nullreference,0.06815259
559.496,Nullreference,0.06133504
559.5071,Nullreference,0.05602687
559.5182,Nullreference,0.04595629
559.5294,Nullreference,0.03853644
559.5403,Nullreference,0.03495501
559.5517,Nullreference,0.0245836
559.5626,Nullreference,0.01516017
559.5739,Nullreference,0.02248854
559.5851,Nullreference,0.0192319
559.596,Nullreference,0.0197042
559.6069,Nullreference,0.01968751
559.6181,Nullreference,0.01476041
559.6293,Nullreference,0.01965083
559.6404,Nullreference,0.01744797
559.6514,Nullreference,0.02211759
559.6627,Nullreference,0.02431386
559.6738,Nullreference,0.0225019
559.6848,Nullreference,0.01877807
559.6957,Nullreference,0.01778391
559.707,Nullreference,0.01930494
559.718,Nullreference,0.0289276
559.7291,Nullreference,0.04303322
559.7401,Nullreference,0.06185849
559.7514,Nullreference,0.08043245
559.7625,Nullreference,0.08695412
559.774,Nullreference,0.08153987
559.7847,Nullreference,0.07562071
559.7957,Nullreference,0.06216341
559.8068,Nullreference,0.0547863
559.8181,Nullreference,0.06213252
559.8291,Nullreference,0.06349194
559.8404,Nullreference,0.06975339
559.8513,Nullreference,0.07261416
559.8626,Nullreference,0.0793871
559.8734,Nullreference,0.07906771
559.8846,Nullreference,0.08919894
559.8956,Nullreference,0.09781514
559.9073,Nullreference,0.1029757
559.9179,Nullreference,0.1044368
559.9291,Nullreference,0.1119384
559.9406,Nullreference,0.1140866
559.9514,Nullreference,0.1095833
559.9625,Nullreference,0.1089661
559.9736,Nullreference,0.1086948
559.9849,Nullreference,0.1014523
559.9958,Nullreference,0.09977255
560.007,Nullreference,0.09179253
560.0181,Nullreference,0.09123635
560.0294,Nullreference,0.07882599
560.0405,Nullreference,0.07366098
560.0514,Nullreference,0.06239169
560.0626,Nullreference,0.05244018
560.0737,Nullreference,0.04666285
560.0847,Nullreference,0.03645321
560.0959,Nullreference,0.02843814
560.1068,Nullreference,0.02621928
560.118,Nullreference,0.02836436
560.129,Nullreference,0.035018
560.1403,Nullreference,0.04469785
560.1513,Nullreference,0.0494483
560.1624,Nullreference,0.04935405
560.1735,Nullreference,0.05014749
560.1846,Nullreference,0.04780597
560.1957,Nullreference,0.04796729
560.2067,Nullreference,0.04558152
560.2184,Nullreference,0.04159217
560.2291,Nullreference,0.03535464
560.2401,Nullreference,0.03606151
560.2512,Nullreference,0.03325437
560.2623,Nullreference,0.02911861
560.2734,Nullreference,0.03173478
560.2845,Nullreference,0.02724161
560.2957,Nullreference,0.03043654
560.3069,Nullreference,0.02963526
560.3178,Nullreference,0.02810583
560.3288,Nullreference,0.02365127
560.3406,Nullreference,0.01905863
560.3511,Nullreference,0.02881579
560.3622,Nullreference,0.03630175
560.3733,Nullreference,0.04414962
560.3843,Nullreference,0.04060646
560.3956,Nullreference,0.04494827
560.4069,Nullreference,0.04657539
560.4187,Nullreference,0.04518097
560.429,Nullreference,0.06172569
560.44,Nullreference,0.06866747
560.4512,Nullreference,0.07080086
560.4623,Nullreference,0.06626973
560.4734,Nullreference,0.05440303
560.4846,Nullreference,0.05149613
560.4958,Nullreference,0.04456138
560.5067,Nullreference,0.04860147
560.5179,Nullreference,0.05131471
560.529,Nullreference,0.04513853
560.5401,Nullreference,0.03967174
560.5513,Nullreference,0.03437577
560.5624,Nullreference,0.0372165
560.5737,Nullreference,0.03887778
560.5845,Nullreference,0.04585411
560.5958,Nullreference,0.05752228
560.6068,Nullreference,0.05790156
560.6181,Nullreference,0.06927979
560.6289,Nullreference,0.07122307
560.64,Nullreference,0.07845368
560.6512,Nullreference,0.08125651
560.6622,Nullreference,0.08096761
560.6732,Nullreference,0.07721461
560.6849,Nullreference,0.07357567
560.6956,Nullreference,0.06295994
560.7065,Nullreference,0.05411002
560.7179,Nullreference,0.04315048
560.7292,Nullreference,0.03432323
560.74,Nullreference,0.01765546
560.7511,Nullreference,0.013468
560.7625,Nullreference,0.01266976
560.7739,Nullreference,0.01570482
560.7846,Nullreference,0.02505132
560.7957,Nullreference,0.03778421
560.8068,Nullreference,0.04159665
560.8184,Nullreference,0.05828974
560.8289,Model Text Impact [e](Clone),0.06075913
560.84,Model Text Impact [e](Clone),0.07189991
560.851,Model Text Impact [e](Clone),0.07915771
560.8624,Model Text Impact [e](Clone),0.0864467
560.8732,Model Text Impact [e](Clone),0.09019607
560.8845,Model Text Impact [e](Clone),0.1019877
560.8956,Model Text Impact [e](Clone),0.1119231
560.9066,Model Text Impact [e](Clone),0.1198553
560.9177,Model Text Impact [e](Clone),0.1278849
560.929,Model Text Impact [e](Clone),0.1299875
560.9399,Model Text Impact [e](Clone),0.1335434
560.9512,Model Text Impact [e](Clone),0.1410273
560.9622,Model Text Impact [e](Clone),0.14205
560.9733,Model Text Impact [e](Clone),0.1445308
560.9844,Model Text Impact [e](Clone),0.1432196
560.9955,Model Text Impact [e](Clone),0.1421689
561.0064,Model Text Impact [e](Clone),0.1426202
561.0179,Model Text Impact [e](Clone),0.1445563
561.0289,Model Text Impact [e](Clone),0.1440623
561.0399,Model Text Impact [e](Clone),0.1481894
561.051,Model Text Impact [e](Clone),0.1470637
561.0621,Model Text Impact [e](Clone),0.1469353
561.0732,Model Text Impact [e](Clone),0.1424143
561.0844,Model Text Impact [e](Clone),0.1315659
561.0959,Model Text Impact [e](Clone),0.1202435
561.1067,Model Text Impact [e](Clone),0.1181284
561.1176,Model Text Impact [e](Clone),0.1074518
561.1286,Model Text Impact [e](Clone),0.09648326
561.1399,Model Text Impact [e](Clone),0.08500475
561.1509,Model Text Impact [e](Clone),0.0735212
561.1622,Model Text Impact [e](Clone),0.0611628
561.1731,Model Text Impact [e](Clone),0.05308006
561.1842,Model Text Impact [e](Clone),0.04467573
561.1954,Model Text Impact [e](Clone),0.03910376
561.2064,Model Text Impact [e](Clone),0.02925606
561.2177,Model Text Impact [e](Clone),0.02703111
561.2288,Model Text Impact [e](Clone),0.0235362
561.2399,Model Text Impact [e](Clone),0.0313758
561.2509,Model Text Impact [e](Clone),0.04246107
561.262,Model Text Impact [e](Clone),0.05064017
561.2731,Model Text Impact [e](Clone),0.06759359
561.2842,Model Text Impact [e](Clone),0.08201097
561.2952,Model Text Impact [e](Clone),0.0960538
561.3064,Model Text Impact [e](Clone),0.1216699
561.3177,Model Text Impact [e](Clone),0.1487705
561.3286,Model Text Impact [e](Clone),0.1880853
561.3398,Model Text Impact [e](Clone),0.2277653
561.3509,Model Text Impact [e](Clone),0.2760185
561.3621,Model Text Impact [e](Clone),0.3340193
561.3732,Nullreference,0.3784029
561.3843,Nullreference,0.4430216
561.3958,Nullreference,0.5041266
561.4066,Nullreference,0.5750119
561.4176,Nullreference,0.6413618
561.4286,Nullreference,0.7343656
561.4396,Model Text Impact [E](Clone),0.8296807
561.4509,Model Text Impact [E](Clone),0.9011346
561.462,Model Text Impact [E](Clone),0.9809574
561.4732,Model Text Impact [E](Clone),1.039392
561.4841,Model Text Impact [E](Clone),1.114434
561.4952,Model Text Impact [E](Clone),1.156293
561.5064,Model Text Impact [E](Clone),1.204146
561.5176,Model Text Impact [n](Clone),1.241116
561.5284,Model Text Impact [n](Clone),1.281379
561.5395,Model Text Impact [n](Clone),1.32375
561.5505,Model Text Impact [n](Clone),1.371573
561.5616,Model Text Impact [n](Clone),1.407708
561.5729,Model Text Impact [n](Clone),1.448505
561.584,Model Text Impact [n](Clone),1.474339
561.5952,Model Text Impact [n](Clone),1.496948
561.6061,Model Text Impact [n](Clone),1.502566
561.6178,Model Text Impact [n](Clone),1.505697
561.6284,Model Text Impact [n](Clone),1.495996
561.6394,Model Text Impact [n](Clone),1.471374
561.6507,Model Text Impact [n](Clone),1.445015
561.6617,Model Text Impact [n](Clone),1.405187
561.6727,Model Text Impact [n](Clone),1.36005
561.6838,Model Text Impact [n](Clone),1.307653
561.6951,Model Text Impact [n](Clone),1.254681
561.7061,Model Text Impact [n](Clone),1.205369
561.717,Model Text Impact [n](Clone),1.162972
561.7282,Model Text Impact [n](Clone),1.104358
561.7394,Model Text Impact [n](Clone),1.057783
561.7505,Model Text Impact [n](Clone),1.016683
561.7615,Model Text Impact [n](Clone),0.9793546
561.7728,Model Text Impact [n](Clone),0.9503033
561.7839,Model Text Impact [n](Clone),0.9109434
561.795,Model Text Impact [n](Clone),0.8781428
561.8059,Model Text Impact [n](Clone),0.8481895
561.8171,Model Text Impact [n](Clone),0.8140159
561.8281,Model Text Impact [n](Clone),0.7756807
561.8392,Model Text Impact [n](Clone),0.737582
561.8505,Model Text Impact [n](Clone),0.6981931
561.8615,Model Text Impact [n](Clone),0.6442348
561.8726,Model Text Impact [n](Clone),0.5999179
561.8837,Model Text Impact [n](Clone),0.5367306
561.8948,Model Text Impact [n](Clone),0.4846719
561.9059,Model Text Impact [n](Clone),0.4346921
561.9169,Model Text Impact [n](Clone),0.3840897
561.9283,Model Text Impact [n](Clone),0.3372732
561.9396,Model Text Impact [n](Clone),0.3006421
561.9504,Model Text Impact [n](Clone),0.2554487
561.9614,Model Text Impact [E](Clone),0.2299261
561.9725,Model Text Impact [E](Clone),0.2071238
561.9836,Model Text Impact [E](Clone),0.1964633
561.9948,Model Text Impact [n](Clone),0.1939591
562.006,Model Text Impact [n](Clone),0.2057121
562.017,Model Text Impact [n](Clone),0.2263021
562.0281,Model Text Impact [n](Clone),0.2410963
562.0392,Model Text Impact [n](Clone),0.2464134
562.0502,Model Text Impact [n](Clone),0.2501413
562.0616,Model Text Impact [n](Clone),0.2435567
562.0725,Model Text Impact [n](Clone),0.2335641
562.0837,Model Text Impact [n](Clone),0.2259151
562.0953,Model Text Impact [n](Clone),0.1970612
562.106,Model Text Impact [n](Clone),0.1784053
562.1169,Model Text Impact [n](Clone),0.1483315
562.128,Model Text Impact [n](Clone),0.1296226
562.1393,Model Text Impact [n](Clone),0.1165378
562.1503,Model Text Impact [n](Clone),0.1022189
562.1613,Model Text Impact [n](Clone),0.09377664
562.1725,Model Text Impact [n](Clone),0.09432608
562.1835,Model Text Impact [n](Clone),0.09560865
562.1946,Model Text Impact [n](Clone),0.09857203
562.2058,Model Text Impact [n](Clone),0.09911678
562.2169,Model Text Impact [n](Clone),0.08869226
562.228,Model Text Impact [n](Clone),0.08217762
562.2396,Model Text Impact [n](Clone),0.070243
562.2502,Model Text Impact [n](Clone),0.05633194
562.2614,Model Text Impact [n](Clone),0.04680485
562.2723,Model Text Impact [n](Clone),0.04514156
562.2835,Model Text Impact [n](Clone),0.03470982
562.2947,Model Text Impact [n](Clone),0.04126441
562.3058,Model Text Impact [n](Clone),0.04388428
562.317,Model Text Impact [n](Clone),0.0561264
562.328,Model Text Impact [n](Clone),0.06664388
562.3394,Model Text Impact [n](Clone),0.07748543
562.3502,Model Text Impact [n](Clone),0.090486
562.3613,Model Text Impact [n](Clone),0.101835
562.3723,Model Text Impact [n](Clone),0.116904
562.3833,Model Text Impact [n](Clone),0.132355
562.3945,Model Text Impact [n](Clone),0.1420645
562.4058,Model Text Impact [n](Clone),0.1625253
562.4167,Model Text Impact [n](Clone),0.1833422
562.4282,Model Text Impact [n](Clone),0.2137318
562.4393,Model Text Impact [n](Clone),0.2492404
562.45,Model Text Impact [n](Clone),0.3086234
562.4612,Model Text Impact [n](Clone),0.3801332
562.4724,Model Text Impact [n](Clone),0.4452129
562.4834,Model Text Impact [n](Clone),0.5284049
562.4945,Model Text Impact [E](Clone),0.5963686
562.5055,Model Text Impact [E](Clone),0.6680821
562.5169,Model Text Impact [E](Clone),0.7450593
562.5279,Model Text Impact [E](Clone),0.8053601
562.5389,Model Text Impact [E](Clone),0.8871356
562.5499,Model Text Impact [E](Clone),0.9483128
562.5611,Model Text Impact [E](Clone),1.016936
562.5723,Model Text Impact [E](Clone),1.070894
562.5834,Model Text Impact [E](Clone),1.117321
562.5946,Model Text Impact [E](Clone),1.172732
562.6058,Model Text Impact [E](Clone),1.218437
562.617,Model Text Impact [E](Clone),1.279594
562.6279,Model Text Impact [E](Clone),1.327471
562.6392,Model Text Impact [E](Clone),1.387261
562.6501,Model Text Impact [E](Clone),1.445402
562.6612,Model Text Impact [E](Clone),1.491942
562.6724,Model Text Impact [E](Clone),1.550296
562.6837,Model Text Impact [E](Clone),1.610668
562.6945,Nullreference,1.670249
562.7057,Nullreference,1.729226
562.717,Nullreference,1.786331
562.728,Nullreference,1.848721
562.7391,Nullreference,1.895945
562.7502,Nullreference,1.95353
562.7615,Nullreference,1.992381
562.7724,Model Text Impact [e](Clone),2.050739
562.7838,Model Text Impact [e](Clone),2.090627
562.7948,Model Text Impact [e](Clone),2.141627
562.8057,Model Text Impact [e](Clone),2.180283
562.8172,Model Text Impact [e](Clone),2.200982
562.8286,Model Text Impact [e](Clone),2.227408
562.839,Model Text Impact [e](Clone),2.241323
562.8502,Model Text Impact [e](Clone),2.240114
562.8614,Model Text Impact [e](Clone),2.232709
562.8723,Model Text Impact [e](Clone),2.213776
562.8835,Model Text Impact [e](Clone),2.189549
562.8947,Model Text Impact [e](Clone),2.168526
562.9059,Model Text Impact [e](Clone),2.140576
562.917,Model Text Impact [e](Clone),2.107028
562.928,Model Text Impact [e](Clone),2.079754
562.9391,Model Text Impact [e](Clone),2.036251
562.9501,Model Text Impact [e](Clone),2.000772
562.9613,Model Text Impact [e](Clone),1.965876
562.9726,Model Text Impact [e](Clone),1.928533
562.9837,Model Text Impact [e](Clone),1.900807
562.9947,Model Text Impact [e](Clone),1.87524
563.0059,Model Text Impact [e](Clone),1.852707
563.0168,Model Text Impact [e](Clone),1.836459
563.0278,Model Text Impact [e](Clone),1.818554
563.0389,Model Text Impact [e](Clone),1.803365
563.05,Model Text Impact [e](Clone),1.789134
563.0612,Model Text Impact [e](Clone),1.773442
563.0723,Model Text Impact [e](Clone),1.770722
563.0834,Model Text Impact [e](Clone),1.762594
563.0945,Model Text Impact [h](Clone),1.756518
563.106,Model Text Impact [h](Clone),1.748045
563.1168,Model Text Impact [h](Clone),1.737612
563.1279,Model Text Impact [T](Clone),1.714277
563.1387,Model Text Impact [T](Clone),1.666517
563.15,Model Text Impact [T](Clone),1.607869
563.161,Model Text Impact [T](Clone),1.539914
563.1726,Model Text Impact [T](Clone),1.448567
563.1835,Model Text Impact [T](Clone),1.368878
563.1943,Model Text Impact [T](Clone),1.26262
563.2055,Model Text Impact [T](Clone),1.163235
563.2166,Model Text Impact [T](Clone),1.075573
563.2277,Model Text Impact [T](Clone),0.9778202
563.239,Model Text Impact [h](Clone),0.8913325
563.2498,Model Text Impact [h](Clone),0.7998177
563.2609,Model Text Impact [h](Clone),0.6874484
563.272,Model Text Impact [h](Clone),0.5769777
563.2831,Model Text Impact [h](Clone),0.4754183
563.2943,Model Text Impact [h](Clone),0.3712064
563.3055,Model Text Impact [h](Clone),0.3016402
563.3165,Model Text Impact [h](Clone),0.2336761
563.3276,Model Text Impact [h](Clone),0.1982281
563.3387,Model Text Impact [h](Clone),0.1951727
563.3499,Model Text Impact [h](Clone),0.2119585
563.361,Model Text Impact [h](Clone),0.2469053
563.3721,Model Text Impact [h](Clone),0.2861033
563.3834,Model Text Impact [h](Clone),0.3298539
563.3941,Model Text Impact [h](Clone),0.375239
563.4052,Model Text Impact [e](Clone),0.4307838
563.4164,Model Text Impact [e](Clone),0.4813371
563.4276,Model Text Impact [e](Clone),0.5473869
563.4387,Model Text Impact [e](Clone),0.605651
563.4496,Model Text Impact [e](Clone),0.6566569
563.461,Model Text Impact [e](Clone),0.7174944
563.4719,Model Text Impact [e](Clone),0.7640401
563.4831,Model Text Impact [e](Clone),0.8136801
563.4942,Model Text Impact [e](Clone),0.8573876
563.5052,Model Text Impact [e](Clone),0.9068181
563.5164,Model Text Impact [e](Clone),0.9557744
563.5292,Model Text Impact [e](Clone),0.9952675
563.5392,Model Text Impact [e](Clone),1.048331
563.5498,Model Text Impact [e](Clone),1.084169
563.5609,Model Text Impact [e](Clone),1.132043
563.572,Model Text Impact [e](Clone),1.164382
563.5829,Model Text Impact [e](Clone),1.21314
563.5941,Model Text Impact [e](Clone),1.259481
563.6054,Model Text Impact [e](Clone),1.301219
563.6165,Model Text Impact [e](Clone),1.358805
563.6275,Model Text Impact [e](Clone),1.399173
563.6386,Model Text Impact [e](Clone),1.451021
563.6498,Model Text Impact [e](Clone),1.494664
563.6609,Model Text Impact [e](Clone),1.552796
563.672,Nullreference,1.640215
563.683,Model Text Impact [e](Clone),1.713837
563.6942,Nullreference,1.803774
563.7053,Nullreference,1.88731
563.7166,Model Text Impact [e](Clone),1.956577
563.728,Nullreference,2.040216
563.7386,Nullreference,2.10886
563.7501,Nullreference,2.188574
563.7612,Nullreference,2.265486
563.7722,Model Text Impact [E](Clone),2.342453
563.7834,Model Text Impact [E](Clone),2.398049
563.7946,Model Text Impact [E](Clone),2.471491
563.8058,Model Text Impact [E](Clone),2.525891
563.8163,Model Text Impact [E](Clone),2.55949
563.8276,Model Text Impact [E](Clone),2.59102
563.8385,Model Text Impact [n](Clone),2.617851
563.8497,Model Text Impact [n](Clone),2.649423
563.8609,Model Text Impact [n](Clone),2.663768
563.8721,Model Text Impact [n](Clone),2.663225
563.8838,Model Text Impact [n](Clone),2.644431
563.8942,Model Text Impact [n](Clone),2.610422
563.9053,Model Text Impact [n](Clone),2.565289
563.9163,Model Text Impact [n](Clone),2.520325
563.9274,Model Text Impact [n](Clone),2.45262
563.9385,Model Text Impact [n](Clone),2.401465
563.95,Model Text Impact [n](Clone),2.337824
563.9608,Model Text Impact [n](Clone),2.280814
563.9717,Model Text Impact [n](Clone),2.209293
563.9828,Model Text Impact [n](Clone),2.133732
563.9941,Model Text Impact [n](Clone),2.070256
564.0054,Model Text Impact [n](Clone),1.982221
564.0163,Model Text Impact [n](Clone),1.902459
564.0279,Model Text Impact [n](Clone),1.794981
564.0388,Model Text Impact [n](Clone),1.702368
564.0497,Model Text Impact [n](Clone),1.582077
564.0607,Model Text Impact [n](Clone),1.470099
564.0718,Model Text Impact [n](Clone),1.376573
564.0829,Model Text Impact [n](Clone),1.260999
564.0939,Model Text Impact [n](Clone),1.167944
564.1049,Model Text Impact [n](Clone),1.057114
564.1161,Model Text Impact [n](Clone),0.9681087
564.1271,Model Text Impact [n](Clone),0.8679805
564.1382,Model Text Impact [n](Clone),0.7864662
564.1494,Model Text Impact [n](Clone),0.7034971
564.1605,Model Text Impact [n](Clone),0.6251433
564.1714,Model Text Impact [d](Clone),0.5702512
564.1826,Model Text Impact [d](Clone),0.5098157
564.1938,Model Text Impact [d](Clone),0.4639441
564.2048,Model Text Impact [d](Clone),0.4202792
564.2159,Model Text Impact [d](Clone),0.3791925
564.2275,Model Text Impact [d](Clone),0.34846
564.2384,Model Text Impact [d](Clone),0.3097792
564.2493,Model Text Impact [d](Clone),0.2775437
564.2604,Model Text Impact [d](Clone),0.2320125
564.2714,Model Text Impact [d](Clone),0.1915812
564.2825,Model Text Impact [d](Clone),0.1658845
564.2939,Model Text Impact [d](Clone),0.1484475
564.3052,Model Text Impact [d](Clone),0.1513117
564.3189,Model Text Impact [n](Clone),0.166486
564.3271,Model Text Impact [n](Clone),0.1859837
564.3381,Model Text Impact [n](Clone),0.2156345
564.3495,Model Text Impact [n](Clone),0.248274
564.3604,Model Text Impact [n](Clone),0.2838981
564.3715,Model Text Impact [n](Clone),0.3128825
564.3826,Model Text Impact [n](Clone),0.3440491
564.3939,Model Text Impact [n](Clone),0.3642726
564.4047,Model Text Impact [n](Clone),0.3871217
564.4159,Model Text Impact [n](Clone),0.4079005
564.4271,Model Text Impact [n](Clone),0.4291864
564.4382,Model Text Impact [n](Clone),0.4436035
564.4493,Model Text Impact [n](Clone),0.4591572
564.4603,Model Text Impact [n](Clone),0.4760738
564.4715,Nullreference,0.4960726
564.4827,Model Text Impact [E](Clone),0.5211166
564.4936,Model Text Impact [E](Clone),0.5335624
564.5049,Model Text Impact [E](Clone),0.5649638
564.5159,Model Text Impact [E](Clone),0.5860012
564.527,Nullreference,0.6171889
564.5381,Nullreference,0.6470022
564.5494,Nullreference,0.6823193
564.5604,Nullreference,0.7253684
564.5714,Nullreference,0.7622755
564.5824,Nullreference,0.788446
564.5936,Nullreference,0.8026093
564.6048,Nullreference,0.79271
564.6158,Nullreference,0.7754852
564.627,Nullreference,0.7412
564.6381,Nullreference,0.7025134
564.6491,Nullreference,0.6666578
564.6603,Nullreference,0.6241366
564.6715,Nullreference,0.5741445
564.6823,Nullreference,0.5339594
564.6935,Nullreference,0.4977072
564.7048,Nullreference,0.4585353
564.7159,Nullreference,0.4267138
564.7267,Nullreference,0.3973855
564.7382,Nullreference,0.3581402
564.7494,Nullreference,0.3329088
564.7602,Nullreference,0.3100406
564.7712,Nullreference,0.2894623
564.7823,Nullreference,0.2738793
564.7935,Nullreference,0.256872
564.8046,Nullreference,0.2393128
564.816,Nullreference,0.2113516
564.8268,Nullreference,0.1917404
564.838,Nullreference,0.1603829
564.8489,Nullreference,0.1369851
564.8609,Nullreference,0.109087
564.8715,Nullreference,0.08915418
564.8822,Nullreference,0.07627267
564.8932,Nullreference,0.06499225
564.9044,Nullreference,0.05775247
564.9156,Nullreference,0.06116169
564.9268,Nullreference,0.06211312
564.9377,Nullreference,0.06788474
564.9489,Nullreference,0.07469808
564.9601,Nullreference,0.08230232
564.9713,Nullreference,0.08242217
564.9824,Nullreference,0.08559334
564.9935,Nullreference,0.08238439
565.0045,Nullreference,0.07888415
565.0156,Nullreference,0.07288471
565.0271,Nullreference,0.06724489
565.0378,Nullreference,0.05510282
565.0493,Nullreference,0.05519613
565.0599,Nullreference,0.04722556
565.0712,Nullreference,0.03982037
565.0825,Nullreference,0.03737468
565.0935,Nullreference,0.02939753
565.1045,Nullreference,0.02460795
565.1155,Nullreference,0.01815821
565.1267,Nullreference,0.01817575
565.1378,Nullreference,0.01549383
565.1489,Nullreference,0.01315596
565.16,Nullreference,0.01833379
565.1711,Nullreference,0.02583474
565.1826,Nullreference,0.03519585
565.1934,Nullreference,0.0403388
565.2045,Nullreference,0.0460261
565.2154,Nullreference,0.05364208
565.2266,Nullreference,0.06559332
565.2377,Nullreference,0.07241395
565.2488,Nullreference,0.08177145
565.2599,Nullreference,0.09143516
565.271,Nullreference,0.1001014
565.2823,Nullreference,0.1052333
565.2933,Nullreference,0.1146026
565.3042,Nullreference,0.1117812
565.3157,Nullreference,0.1089109
565.3265,Nullreference,0.1103783
565.3377,Nullreference,0.1118928
565.3488,Nullreference,0.1183333
565.36,Nullreference,0.1237429
565.371,Nullreference,0.1336498
565.382,Nullreference,0.1336322
565.3931,Nullreference,0.1358452
565.4044,Nullreference,0.1376043
565.4157,Nullreference,0.139686
565.427,Nullreference,0.1405559
565.4378,Nullreference,0.142646
565.4487,Nullreference,0.1496043
565.4598,Nullreference,0.1495357
565.4709,Nullreference,0.1500403
565.4824,Nullreference,0.1492482
565.4932,Nullreference,0.1447868
565.5041,Nullreference,0.1511524
565.5152,Nullreference,0.1585553
565.5263,Nullreference,0.1704216
565.5375,Nullreference,0.1733832
565.5485,Nullreference,0.1966526
565.5599,Nullreference,0.2122836
565.5707,Nullreference,0.2271271
565.5818,Nullreference,0.2399622
565.5932,Nullreference,0.258451
565.6043,Nullreference,0.2689048
565.6152,Nullreference,0.2778279
565.6265,Nullreference,0.2854024
565.6375,Nullreference,0.2943977
565.6487,Nullreference,0.3007871
565.6599,Nullreference,0.3102275
565.6711,Nullreference,0.3184631
565.6821,Nullreference,0.316425
565.6931,Nullreference,0.3180665
565.7042,Nullreference,0.3141488
565.7155,Nullreference,0.3147974
565.7263,Nullreference,0.3099489
565.7375,Nullreference,0.3149206
565.7492,Nullreference,0.310908
565.7607,Nullreference,0.3114648
565.7709,Nullreference,0.3107691
565.7821,Nullreference,0.3023292
565.7932,Nullreference,0.298126
565.8042,Nullreference,0.289332
565.8152,Nullreference,0.2755787
565.8265,Nullreference,0.2652414
565.8378,Nullreference,0.2500691
565.8486,Nullreference,0.2350143
565.8597,Nullreference,0.223255
565.8711,Nullreference,0.2015714
565.8819,Nullreference,0.184416
565.8936,Nullreference,0.1662514
565.9044,Nullreference,0.1432006
565.9154,Nullreference,0.1208445
565.9267,Nullreference,0.1035753
565.9375,Nullreference,0.08264822
565.9486,Nullreference,0.05177825
565.9598,Nullreference,0.03686647
565.9709,Nullreference,0.01921604
565.9819,Nullreference,0.0184207
565.993,Nullreference,0.01563512
566.0046,Nullreference,0.02446031
566.0156,Nullreference,0.02205339
566.0271,Nullreference,0.02080294
566.0375,Nullreference,0.02437164
566.0486,Nullreference,0.03809287
566.0599,Nullreference,0.05576231
566.071,Nullreference,0.06544852
566.082,Nullreference,0.06857963
566.0933,Nullreference,0.0737817
566.1043,Nullreference,0.06964373
566.1153,Nullreference,0.06677976
566.1265,Nullreference,0.06760213
566.1375,Nullreference,0.06404407
566.1487,Nullreference,0.05977872
566.1598,Nullreference,0.05797509
566.1707,Nullreference,0.05764261
566.1819,Nullreference,0.05676365
566.1934,Nullreference,0.05090098
566.2042,Nullreference,0.0537164
566.2152,Nullreference,0.04920536
566.2263,Nullreference,0.04282668
566.2375,Nullreference,0.05238524
566.2484,Nullreference,0.05625959
566.2596,Nullreference,0.05934155
566.2708,Nullreference,0.05532618
566.2818,Nullreference,0.05751047
566.293,Nullreference,0.05639616
566.3042,Nullreference,0.05767868
566.3151,Nullreference,0.05806382
566.3265,Nullreference,0.05709094
566.3375,Nullreference,0.05430743
566.3486,Nullreference,0.04974708
566.3596,Nullreference,0.04774797
566.3708,Nullreference,0.04661896
566.382,Nullreference,0.04161203
566.3929,Nullreference,0.03421581
566.404,Nullreference,0.0331574
566.4152,Nullreference,0.02256404
566.4262,Nullreference,0.01539622
566.4373,Nullreference,0.01592184
566.4484,Nullreference,0.01499605
566.4598,Nullreference,0.01999461
566.4708,Nullreference,0.01753823
566.4818,Nullreference,0.020599
566.493,Nullreference,0.02142964
566.504,Nullreference,0.02265693
566.5152,Nullreference,0.02226384
566.5261,Nullreference,0.02842402
566.5372,Nullreference,0.03561537
566.5486,Nullreference,0.04238432
566.5595,Nullreference,0.0430415
566.5706,Nullreference,0.02906767
566.5817,Nullreference,0.01514556
566.5929,Nullreference,0.004897326
566.6039,Nullreference,0.01087544
566.6147,Nullreference,0.01307943
566.6263,Nullreference,0.0106145
566.6371,Nullreference,0.01671603
566.6481,Nullreference,0.01988171
566.6593,Nullreference,0.02403005
566.6703,Nullreference,0.03207008
566.6815,Nullreference,0.03373266
566.6927,Nullreference,0.04237455
566.7037,Nullreference,0.03752035
566.7147,Nullreference,0.03886212
566.726,Nullreference,0.03460554
566.7372,Nullreference,0.03311798
566.7487,Nullreference,0.03684737
566.7592,Nullreference,0.0363224
566.7703,Nullreference,0.03460976
566.7814,Nullreference,0.03338581
566.7928,Nullreference,0.03520749
566.8038,Nullreference,0.03029121
566.8149,Nullreference,0.03367356
566.8259,Nullreference,0.02888025
566.8374,Nullreference,0.02436377
566.8481,Nullreference,0.02545907
566.8593,Nullreference,0.01917015
566.8702,Nullreference,0.02014387
566.8812,Nullreference,0.02009226
566.8924,Nullreference,0.02066898
566.9036,Nullreference,0.01759092
566.9147,Nullreference,0.02339506
566.9258,Nullreference,0.0243375
566.937,Nullreference,0.01980087
566.9479,Nullreference,0.02338854
566.9591,Nullreference,0.02682733
566.9702,Nullreference,0.03041377
566.9811,Nullreference,0.04100981
566.9924,Nullreference,0.04915434
567.0034,Nullreference,0.05622807
567.0145,Nullreference,0.05487489
567.0258,Nullreference,0.06040047
567.0372,Nullreference,0.05119043
567.048,Nullreference,0.05198499
567.0591,Nullreference,0.0446615
567.0702,Nullreference,0.03781118
567.0814,Nullreference,0.02293343
567.0927,Nullreference,0.0176255
567.1035,Nullreference,0.01506656
567.1147,Nullreference,0.02418084
567.1259,Nullreference,0.0388373
567.1369,Nullreference,0.06610487
567.1481,Nullreference,0.09372238
567.1595,Nullreference,0.1323843
567.1702,Nullreference,0.1688287
567.1814,Nullreference,0.2150664
567.1931,Model Text Impact [E](Clone),0.2431445
567.2037,Nullreference,0.2899584
567.2147,Nullreference,0.3195888
567.226,Nullreference,0.3598261
567.2369,Model Text Impact [E](Clone),0.3898404
567.2479,Model Text Impact [E](Clone),0.4057907
567.2595,Model Text Impact [E](Clone),0.4214063
567.2703,Model Text Impact [E](Clone),0.4286561
567.2813,Model Text Impact [n](Clone),0.4342842
567.2924,Model Text Impact [n](Clone),0.4426341
567.304,Model Text Impact [n](Clone),0.4367562
567.3146,Model Text Impact [n](Clone),0.4308268
567.3257,Model Text Impact [n](Clone),0.4211379
567.3366,Model Text Impact [n](Clone),0.4080932
567.3479,Model Text Impact [n](Clone),0.3866379
567.3589,Model Text Impact [n](Clone),0.3615078
567.3701,Model Text Impact [n](Clone),0.3368588
567.3811,Model Text Impact [n](Clone),0.3100306
567.3922,Model Text Impact [n](Clone),0.2722315
567.4033,Model Text Impact [n](Clone),0.2522008
567.4144,Model Text Impact [n](Clone),0.2237465
567.4258,Model Text Impact [n](Clone),0.198619
567.4368,Model Text Impact [n](Clone),0.1818235
567.4478,Model Text Impact [n](Clone),0.160359
567.459,Model Text Impact [n](Clone),0.1380277
567.4703,Model Text Impact [n](Clone),0.120686
567.4817,Model Text Impact [n](Clone),0.1041258
567.4922,Model Text Impact [n](Clone),0.08867196
567.5034,Model Text Impact [n](Clone),0.07796896
567.5145,Model Text Impact [n](Clone),0.06733394
567.5256,Model Text Impact [n](Clone),0.05491323
567.5366,Model Text Impact [n](Clone),0.04483613
567.5477,Model Text Impact [n](Clone),0.03633264
567.5588,Model Text Impact [n](Clone),0.02877007
567.5699,Model Text Impact [n](Clone),0.02119437
567.5812,Model Text Impact [n](Clone),0.02177115
567.5923,Model Text Impact [n](Clone),0.01557629
567.6033,Model Text Impact [n](Clone),0.0109849
567.6144,Model Text Impact [n](Clone),0.007095664
567.6257,Model Text Impact [E](Clone),0.004479457
567.6367,Model Text Impact [E](Clone),0.00983626
567.6478,Model Text Impact [E](Clone),0.008096604
567.6588,Model Text Impact [E](Clone),0.01915805
567.6701,Model Text Impact [E](Clone),0.02793051
567.6811,Nullreference,0.04134575
567.6921,Nullreference,0.05268412
567.7034,Nullreference,0.06485441
567.7143,Nullreference,0.07268506
567.7255,Nullreference,0.07353352
567.7366,Nullreference,0.07923397
567.7481,Nullreference,0.08425978
567.759,Nullreference,0.08024392
567.7701,Nullreference,0.07736477
567.7811,Nullreference,0.0824459
567.7922,Nullreference,0.088198
567.8033,Nullreference,0.09339032
567.8145,Nullreference,0.09041617
567.8256,Nullreference,0.0909636
567.8366,Nullreference,0.0907408
567.8478,Nullreference,0.09466934
567.8588,Nullreference,0.09443238
567.8699,Nullreference,0.0978583
567.8809,Nullreference,0.09967054
567.8922,Nullreference,0.1061497
567.9032,Nullreference,0.1088756
567.9143,Nullreference,0.1062454
567.9254,Nullreference,0.1070709
567.9365,Nullreference,0.1077945
567.9476,Nullreference,0.1089124
567.9588,Nullreference,0.1092706
567.9698,Nullreference,0.1115814
567.981,Nullreference,0.1092764
567.9922,Nullreference,0.1067919
568.0031,Nullreference,0.1105102
568.0142,Nullreference,0.1090656
568.0253,Nullreference,0.1014598
568.0363,Nullreference,0.09104885
568.0476,Nullreference,0.07297159
568.0587,Nullreference,0.07135253
568.0698,Nullreference,0.06168152
568.0811,Nullreference,0.05716373
568.092,Nullreference,0.04877601
568.1031,Nullreference,0.04279226
568.1141,Nullreference,0.0465462
568.1252,Nullreference,0.03661591
568.1364,Nullreference,0.03220461
568.1475,Nullreference,0.03042067
568.1587,Nullreference,0.02661279
568.1698,Nullreference,0.02724313
568.181,Nullreference,0.02783
568.1919,Nullreference,0.03040961
568.2031,Nullreference,0.0370088
568.2142,Nullreference,0.0395738
568.2253,Nullreference,0.04816847
568.2366,Nullreference,0.05168344
568.2475,Nullreference,0.05584169
568.259,Nullreference,0.06249003
568.2697,Nullreference,0.06611593
568.2811,Nullreference,0.07024099
568.292,Nullreference,0.07145747
568.3032,Nullreference,0.0763825
568.3142,Nullreference,0.07674266
568.3253,Model Text Impact [E](Clone),0.07679908
568.3362,Model Text Impact [E](Clone),0.08022023
568.3475,Model Text Impact [E](Clone),0.08703957
568.3586,Model Text Impact [E](Clone),0.08686084
568.3696,Model Text Impact [E](Clone),0.09316857
568.3811,Model Text Impact [E](Clone),0.09670302
568.3918,Model Text Impact [E](Clone),0.09446546
568.4028,Model Text Impact [E](Clone),0.09581376
568.4143,Model Text Impact [E](Clone),0.0900221
568.4252,Model Text Impact [E](Clone),0.09101696
568.4361,Model Text Impact [E](Clone),0.09349489
568.4473,Model Text Impact [E](Clone),0.0925493
568.4587,Model Text Impact [E](Clone),0.08593834
568.4697,Model Text Impact [E](Clone),0.07257063
568.4809,Model Text Impact [E](Clone),0.060436
568.4918,Model Text Impact [E](Clone),0.04870581
568.503,Model Text Impact [E](Clone),0.03711735
568.5142,Model Text Impact [E](Clone),0.03380984
568.525,Model Text Impact [E](Clone),0.03053721
568.5363,Model Text Impact [E](Clone),0.02525919
568.5474,Model Text Impact [E](Clone),0.02054531
568.5583,Model Text Impact [E](Clone),0.01841354
568.5696,Model Text Impact [E](Clone),0.02233353
568.5806,Model Text Impact [E](Clone),0.0233772
568.5916,Model Text Impact [E](Clone),0.02772945
568.6027,Model Text Impact [E](Clone),0.03696077
568.6138,Model Text Impact [E](Clone),0.04293092
568.625,Model Text Impact [E](Clone),0.04484343
568.636,Model Text Impact [E](Clone),0.04887557
568.6472,Nullreference,0.04865447
568.6587,Nullreference,0.05448005
568.6695,Nullreference,0.05587208
568.6806,Nullreference,0.05636547
568.6918,Nullreference,0.06455316
568.7029,Nullreference,0.06356367
568.7139,Nullreference,0.07017968
568.7248,Nullreference,0.06207819
568.736,Nullreference,0.06334449
568.7473,Nullreference,0.05803345
568.7585,Nullreference,0.05430921
568.7695,Nullreference,0.04948961
568.7806,Nullreference,0.05142274
568.7915,Nullreference,0.04784679
568.8025,Nullreference,0.04414991
568.8137,Nullreference,0.04671109
568.8251,Nullreference,0.04454117
568.8362,Nullreference,0.04300841
568.8472,Nullreference,0.04345736
568.859,Nullreference,0.04587293
568.8694,Nullreference,0.04617742
568.8804,Nullreference,0.04635871
568.8915,Nullreference,0.04533522
568.9031,Nullreference,0.04750692
568.9138,Nullreference,0.04482552
568.9249,Nullreference,0.04445232
568.936,Nullreference,0.04035682
568.9472,Nullreference,0.04022953
568.9586,Nullreference,0.03711934
568.9694,Nullreference,0.03888554
568.9805,Nullreference,0.04356777
568.9915,Nullreference,0.05209248
569.0026,Nullreference,0.0650572
569.0139,Nullreference,0.07650214
569.0249,Nullreference,0.08518418
569.0358,Nullreference,0.08466598
569.047,Nullreference,0.07288226
569.0582,Nullreference,0.06314144
569.0694,Nullreference,0.06148136
569.0804,Nullreference,0.06549122
569.0916,Nullreference,0.06718675
569.1026,Nullreference,0.07462379
569.1136,Nullreference,0.07051896
569.1248,Nullreference,0.07613871
569.1358,Nullreference,0.08261717
569.147,Nullreference,0.08624557
569.1581,Nullreference,0.09092823
569.1693,Nullreference,0.1043472
569.1804,Nullreference,0.1309151
569.1913,Nullreference,0.165895
569.2024,Nullreference,0.1921635
569.2136,Nullreference,0.2103461
569.2247,Nullreference,0.2235455
569.2359,Nullreference,0.2260816
569.2471,Nullreference,0.2224948
569.2581,Nullreference,0.2181576
569.2691,Nullreference,0.2148652
569.2803,Nullreference,0.2127623
569.2913,Nullreference,0.2101161
569.3024,Nullreference,0.2054896
569.3136,Nullreference,0.2192584
569.3249,Nullreference,0.2350944
569.3359,Nullreference,0.2592837
569.347,Nullreference,0.2835973
569.358,Nullreference,0.3209846
569.3692,Nullreference,0.3527674
569.3805,Nullreference,0.3933327
569.3915,Model Text Impact [E](Clone),0.4373789
569.4024,Model Text Impact [E](Clone),0.4782242
569.4136,Model Text Impact [E](Clone),0.5191953
569.4247,Nullreference,0.5580107
569.4357,Nullreference,0.6031954
569.4468,Nullreference,0.6560566
569.4581,Model Text Impact [E](Clone),0.6909391
569.469,Model Text Impact [E](Clone),0.7284752
569.4801,Model Text Impact [n](Clone),0.7625636
569.4911,Model Text Impact [n](Clone),0.7939286
569.5023,Model Text Impact [n](Clone),0.8195724
569.5136,Model Text Impact [n](Clone),0.8358114
569.5244,Model Text Impact [n](Clone),0.8553696
569.5358,Model Text Impact [n](Clone),0.8610397
569.5468,Model Text Impact [n](Clone),0.870522
569.558,Model Text Impact [n](Clone),0.8721944
569.5688,Model Text Impact [n](Clone),0.8660652
569.5799,Model Text Impact [n](Clone),0.8534154
569.5912,Model Text Impact [n](Clone),0.847153
569.6022,Model Text Impact [n](Clone),0.8272132
569.6134,Model Text Impact [n](Clone),0.8035944
569.6243,Model Text Impact [n](Clone),0.7783748
569.6356,Model Text Impact [n](Clone),0.7490463
569.6465,Model Text Impact [n](Clone),0.7149327
569.6578,Model Text Impact [n](Clone),0.6773445
569.6688,Model Text Impact [n](Clone),0.6441521
569.6799,Model Text Impact [n](Clone),0.6041715
569.691,Model Text Impact [n](Clone),0.5577824
569.7021,Model Text Impact [n](Clone),0.5187508
569.7132,Model Text Impact [n](Clone),0.4706144
569.7244,Model Text Impact [n](Clone),0.4359438
569.7354,Model Text Impact [n](Clone),0.397128
569.7465,Model Text Impact [n](Clone),0.3666334
569.7576,Model Text Impact [n](Clone),0.3280782
569.7692,Model Text Impact [n](Clone),0.294899
569.7798,Model Text Impact [n](Clone),0.2579816
569.791,Model Text Impact [n](Clone),0.2304292
569.8022,Model Text Impact [n](Clone),0.1923183
569.8132,Model Text Impact [n](Clone),0.1640018
569.8244,Model Text Impact [n](Clone),0.1370089
569.8353,Model Text Impact [n](Clone),0.1129257
569.8464,Model Text Impact [n](Clone),0.09811705
569.8575,Model Text Impact [n](Clone),0.07628345
569.8688,Model Text Impact [n](Clone),0.07050641
569.8797,Model Text Impact [n](Clone),0.06695881
569.8909,Model Text Impact [n](Clone),0.07596807
569.9022,Model Text Impact [n](Clone),0.0906551
569.9132,Model Text Impact [n](Clone),0.1141429
569.9242,Model Text Impact [n](Clone),0.1305185
569.9353,Model Text Impact [n](Clone),0.1525006
569.9465,Model Text Impact [n](Clone),0.1719067
569.9579,Model Text Impact [n](Clone),0.1845466
569.9689,Model Text Impact [n](Clone),0.1984738
569.98,Model Text Impact [n](Clone),0.2077413
569.9901,Nullreference,0.2220417
570.0012,Nullreference,0.2291193
570.0123,Nullreference,0.2331816
570.0234,Nullreference,0.2448001
570.0347,Nullreference,0.2564289
570.0456,Nullreference,0.271085
570.0568,Nullreference,0.277597
570.068,Nullreference,0.2949958
570.0792,Nullreference,0.3113831
570.0902,Nullreference,0.3240204
570.1011,Nullreference,0.3373625
570.1119,Nullreference,0.3590558
570.1231,Nullreference,0.3757423
570.1342,Nullreference,0.3963128
570.1453,Nullreference,0.4165294
570.1564,Nullreference,0.4329343
570.1675,Nullreference,0.4482948
570.1791,Nullreference,0.4602377
570.1902,Nullreference,0.4748401
570.2012,Nullreference,0.4821338
570.2122,Nullreference,0.4791552
570.2233,Nullreference,0.4836067
570.2347,Nullreference,0.4781187
570.2454,Nullreference,0.4741174
570.2567,Nullreference,0.4659486
570.2682,Nullreference,0.4439285
570.2794,Nullreference,0.4208592
570.2902,Nullreference,0.3980864
570.3011,Nullreference,0.3732664
570.3123,Nullreference,0.3490143
570.3234,Nullreference,0.3244392
570.3346,Nullreference,0.299205
570.3462,Nullreference,0.2714283
570.3565,Nullreference,0.2508947
570.3678,Nullreference,0.2303209
570.3789,Nullreference,0.2083647
570.39,Nullreference,0.1918071
570.4012,Nullreference,0.1764224
570.4122,Nullreference,0.1631348
570.4232,Nullreference,0.1599761
570.4344,Nullreference,0.1545113
570.4457,Nullreference,0.1501017
570.4565,Nullreference,0.1418193
570.4679,Nullreference,0.1451505
570.4788,Nullreference,0.1450942
570.4899,Nullreference,0.1416329
570.5015,Nullreference,0.1388675
570.5122,Nullreference,0.1371357
570.5233,Nullreference,0.1369601
570.5344,Nullreference,0.1381502
570.5456,Nullreference,0.135921
570.5566,Nullreference,0.1334531
570.5676,Nullreference,0.1333529
570.5785,Nullreference,0.1293389
570.5897,Nullreference,0.1308074
570.6008,Nullreference,0.1284461
570.6121,Nullreference,0.1293134
570.623,Nullreference,0.1354509
570.6343,Nullreference,0.1376191
570.6452,Nullreference,0.1368696
570.6565,Nullreference,0.1381305
570.6677,Nullreference,0.1447899
570.6787,Nullreference,0.1430792
570.6898,Nullreference,0.1489779
570.701,Nullreference,0.1472534
570.7122,Nullreference,0.1460294
570.7232,Nullreference,0.1472827
570.7343,Nullreference,0.1502528
570.7454,Nullreference,0.1596472
570.7565,Nullreference,0.1642607
570.7676,Nullreference,0.170621
570.7787,Nullreference,0.1826446
570.7897,Nullreference,0.1945899
570.801,Nullreference,0.2066765
570.8123,Nullreference,0.2235639
570.8237,Nullreference,0.2422656
570.8346,Nullreference,0.2564471
570.8453,Nullreference,0.2798206
570.8564,Nullreference,0.3032263
570.8676,Nullreference,0.3241419
570.8786,Nullreference,0.3439243
570.8904,Nullreference,0.3633238
570.9009,Nullreference,0.3692376
570.9122,Model Text Impact [e](Clone),0.3794965
570.9232,Nullreference,0.3896642
570.9348,Nullreference,0.393925
570.9454,Nullreference,0.4069212
570.9567,Nullreference,0.4201107
570.9676,Nullreference,0.4331289
570.9786,Nullreference,0.4421342
570.9895,Nullreference,0.4520768
571.0009,Nullreference,0.4599813
571.0117,Nullreference,0.46546
571.0229,Nullreference,0.4694218
571.0343,Nullreference,0.471967
571.045,Nullreference,0.4800564
571.0561,Nullreference,0.4850108
571.0674,Nullreference,0.4947772
571.0785,Nullreference,0.5004794
571.0897,Nullreference,0.5139529
571.1009,Nullreference,0.5179287
571.1122,Nullreference,0.5322387
571.1232,Nullreference,0.5437913
571.1344,Nullreference,0.558306
571.1452,Nullreference,0.5685242
571.1564,Nullreference,0.574999
571.1675,Nullreference,0.5844913
571.1786,Nullreference,0.5902445
571.1897,Nullreference,0.5956541
571.2005,Nullreference,0.6035888
571.2115,Nullreference,0.6049553
571.2227,Nullreference,0.604784
571.2371,Nullreference,0.6040062
571.2448,Nullreference,0.6021838
571.256,Nullreference,0.5939543
571.267,Nullreference,0.5840611
571.2782,Nullreference,0.5768002
571.2892,Nullreference,0.5681241
571.3004,Nullreference,0.5574005
571.3115,Nullreference,0.5461574
571.3226,Nullreference,0.5444477
571.3336,Nullreference,0.5353252
571.3448,Nullreference,0.5297849
571.3559,Nullreference,0.5164995
571.3671,Nullreference,0.5130208
571.3784,Nullreference,0.5094157
571.3892,Nullreference,0.5068972
571.4002,Nullreference,0.4961316
571.4114,Nullreference,0.4925489
571.4225,Nullreference,0.4948066
571.4337,Nullreference,0.5000804
571.4446,Nullreference,0.5011723
571.4559,Nullreference,0.505078
571.467,Nullreference,0.5095515
571.4781,Nullreference,0.5195811
571.4891,Nullreference,0.5294615
571.5006,Nullreference,0.550127
571.5112,Nullreference,0.5678602
571.5225,Nullreference,0.5927069
571.5334,Nullreference,0.623922
571.5446,Nullreference,0.6471317
571.5557,Nullreference,0.6733308
571.5668,Nullreference,0.6981021
571.5779,Nullreference,0.7237837
571.5894,Nullreference,0.7519574
571.6,Nullreference,0.777775
571.6112,Nullreference,0.8016427
571.6223,Nullreference,0.8272602
571.6333,Nullreference,0.8556738
571.6445,Nullreference,0.8704025
571.6557,Nullreference,0.8913327
571.6669,Nullreference,0.9060459
571.6778,Nullreference,0.9269635
571.6889,Nullreference,0.9442795
571.7,Nullreference,0.9676112
571.7184,Nullreference,0.9676112
